#R	M		Pc	RhoC		y(r)?	beta		lovek2		Lam
18.9838	0.164304	2.22588	0.159823	1.95217	0.0127802	0.00695413	1.35976e+07
18.7464	0.166391	2.27088	0.160957	1.94802	0.0131064	0.00740042	1.27571e+07
18.4588	0.169079	2.32915	0.162402	1.9426	0.0135257	0.00798134	1.17541e+07
18.1402	0.17225	2.39816	0.164079	1.93585	0.0140213	0.0086987	1.07008e+07
17.8063	0.175819	2.47643	0.165936	1.92777	0.0145801	0.00955016	9.66306e+06
17.4756	0.17974	2.56298	0.167936	1.91872	0.0151875	0.0104978	8.66128e+06
17.148	0.183974	2.65707	0.17005	1.90848	0.0158421	0.0115625	7.72503e+06
16.8358	0.188487	2.75815	0.172252	1.89754	0.0165318	0.012695	6.85402e+06
16.5268	0.193254	2.86577	0.174523	1.88484	0.0172667	0.0139974	6.0801e+06
16.2373	0.198252	2.97954	0.176845	1.87154	0.0180291	0.0153562	5.37434e+06
15.9655	0.203464	3.09915	0.179203	1.85731	0.018818	0.0168027	4.74695e+06
15.7053	0.208873	3.22433	0.181586	1.84206	0.0196385	0.0183449	4.18683e+06
15.4709	0.214466	3.35484	0.183985	1.82638	0.0204698	0.0199254	3.6961e+06
15.2364	0.22023	3.49047	0.186391	1.8091	0.0213434	0.0216582	3.25998e+06
15.0245	0.226154	3.63104	0.188801	1.79152	0.0222267	0.0234159	2.87769e+06
14.8249	0.232228	3.77637	0.191212	1.7733	0.023131	0.0252308	2.5402e+06
14.6421	0.238442	3.92632	0.193622	1.7546	0.0240464	0.0270886	2.24619e+06
14.4703	0.244787	4.08075	0.196034	1.73531	0.0249793	0.0289996	1.98791e+06
14.3111	0.251252	4.23953	0.19845	1.7156	0.0259244	0.0309461	1.76187e+06
14.1619	0.257829	4.40254	0.200878	1.69556	0.0268832	0.0329201	1.56303e+06
14.0231	0.264509	4.56968	0.203319	1.67521	0.0278527	0.0349187	1.38877e+06
13.8948	0.271281	4.74085	0.205771	1.65488	0.0288297	0.0369106	1.23555e+06
13.7755	0.278134	4.91596	0.20823	1.63448	0.0298139	0.0389035	1.10104e+06
13.6632	0.285062	5.09491	0.210693	1.61352	0.0308076	0.0409467	983640
13.5385	0.29206	5.27764	0.213157	1.58859	0.0318546	0.0433759	881654
13.4612	0.299117	5.46405	0.215618	1.57203	0.0328118	0.0449712	788301
13.3705	0.306229	5.65409	0.218076	1.55119	0.0338199	0.0469842	707948
13.2868	0.313389	5.84768	0.220527	1.53101	0.0348285	0.048925	636449
13.2077	0.320595	6.04476	0.22297	1.51038	0.0358428	0.0509039	573656
13.1341	0.327837	6.24526	0.225402	1.49071	0.0368578	0.0527805	517290
13.0658	0.335117	6.44914	0.227824	1.47067	0.0378733	0.0546875	467879
13.0006	0.342427	6.65633	0.230232	1.45044	0.0388934	0.0566065	424032
12.941	0.349765	6.86678	0.232628	1.43167	0.0399099	0.0583712	384331
12.8845	0.357125	7.08045	0.235009	1.41218	0.0409281	0.0602015	349467
12.8298	0.364508	7.29728	0.237375	1.39272	0.0419524	0.0620223	318178
12.7818	0.371909	7.51723	0.239727	1.37466	0.0429651	0.0636933	290019
12.7355	0.379327	7.74026	0.242063	1.3564	0.0439813	0.0653774	264848
12.6918	0.386757	7.96633	0.244386	1.33889	0.0449974	0.0669767	242044
12.6507	0.394199	8.19539	0.246694	1.32089	0.0460119	0.0686198	221823
12.612	0.401648	8.4274	0.248989	1.30347	0.0470254	0.0701954	203495
12.5753	0.409106	8.66233	0.251272	1.28638	0.0480383	0.071729	186924
12.5416	0.416566	8.90015	0.253543	1.27036	0.0490457	0.0731464	171830
12.5092	0.424027	9.14082	0.255801	1.25415	0.0500535	0.0745745	158244
12.478	0.431489	9.38429	0.258046	1.23839	0.051062	0.075948	145860
12.4495	0.438949	9.63056	0.260276	1.22284	0.0520635	0.0772942	134707
12.422	0.446408	9.87957	0.262492	1.20806	0.0530655	0.0785517	124452
12.3959	0.453859	10.1313	0.264693	1.19278	0.0540648	0.0798539	115247
12.3721	0.461309	10.3857	0.266878	1.17862	0.055058	0.0810336	106776
12.3511	0.468749	10.6428	0.269048	1.16434	0.0560409	0.082222	99167.8
12.3275	0.476181	10.9026	0.271202	1.15	0.0570384	0.0834025	92097.8
12.3061	0.483602	11.1649	0.27334	1.13614	0.0580282	0.0845285	85648.1
12.2876	0.491016	11.4298	0.275462	1.12367	0.0590065	0.0855056	79690.4
12.2698	0.498417	11.6973	0.277569	1.11083	0.0599827	0.0865141	74278.8
12.2517	0.505809	11.9673	0.27966	1.09775	0.0609621	0.0875381	69311.5
12.2352	0.513191	12.2399	0.281735	1.08538	0.0619352	0.0884833	64726.5
12.2193	0.520556	12.5149	0.283796	1.07376	0.0629061	0.0893427	60464.8
12.205	0.527908	12.7924	0.285843	1.0616	0.063869	0.0902544	56614.4
12.1907	0.535245	13.0723	0.287875	1.05018	0.064833	0.0910811	53010
12.1767	0.542568	13.3546	0.289895	1.03884	0.0657955	0.0918924	49682.8
12.1643	0.549876	13.6394	0.291902	1.02761	0.0667495	0.0926884	46632.9
12.1518	0.557166	13.9265	0.293897	1.01665	0.0677038	0.0934489	43794.2
12.1405	0.564439	14.2161	0.295882	1.00654	0.0686515	0.0941177	41146.1
12.1291	0.571693	14.5079	0.297857	0.996141	0.0695993	0.0948082	38701.6
12.1188	0.578931	14.8021	0.299824	0.986256	0.0705405	0.0954417	36429.5
12.1088	0.586144	15.0986	0.301783	0.976428	0.0714782	0.096064	34324.2
12.0993	0.59334	15.3973	0.303735	0.966753	0.0724125	0.0966653	32367.6
12.0902	0.600514	15.6984	0.305679	0.957208	0.0733434	0.0972482	30548.2
12.0855	0.607666	16.0017	0.307614	0.950404	0.0742458	0.0975548	28827
12.0733	0.614795	16.3072	0.309542	0.93898	0.0751924	0.0983112	27267.3
12.0659	0.6219	16.615	0.311462	0.930567	0.0761079	0.0987655	25784.9
12.0582	0.628979	16.9249	0.313373	0.922589	0.0770238	0.099169	24387
12.0507	0.636036	17.2371	0.315275	0.913786	0.0779366	0.0996525	23104.1
12.0438	0.643066	17.5514	0.317169	0.905236	0.0788427	0.100107	21906.2
12.038	0.650077	17.8679	0.319054	0.897446	0.0797411	0.100482	20777.2
12.0315	0.657056	18.1865	0.32093	0.890182	0.0806407	0.100798	19705.5
12.0248	0.664005	18.5073	0.322798	0.882179	0.0815388	0.101184	18715.4
12.0195	0.670933	18.8302	0.324656	0.875352	0.0824261	0.101451	17776.3
12.0129	0.677833	19.1552	0.326505	0.867486	0.0833194	0.101815	16904
12.0098	0.68471	19.4823	0.328346	0.861336	0.0841868	0.102013	16082.1
12.0041	0.691552	19.8114	0.330177	0.854655	0.0850683	0.102253	15301.9
11.9992	0.698372	20.1427	0.332	0.847016	0.085942	0.102588	14587.4
11.9947	0.705162	20.4759	0.333814	0.841345	0.0868102	0.102724	13890.8
11.9903	0.711927	20.8112	0.33562	0.834742	0.0876752	0.102951	13248.1
11.9891	0.718665	21.1486	0.337417	0.829588	0.0885141	0.103042	12643.3
11.9819	0.72537	21.4879	0.339205	0.821841	0.0893931	0.103366	12071.7
11.9777	0.732048	21.8293	0.340986	0.815696	0.0902479	0.103539	11529.9
11.9741	0.738702	22.1726	0.342758	0.809963	0.0910957	0.103671	11017.3
11.9733	0.745324	22.5179	0.344523	0.805999	0.0919184	0.103638	10529.7
11.967	0.751918	22.8652	0.34628	0.798515	0.0927803	0.103927	10077.6
11.9635	0.758484	23.2145	0.34803	0.793769	0.0936178	0.103956	9637.51
11.9631	0.76502	23.5657	0.349773	0.789407	0.0944279	0.103958	9231.38
11.9563	0.771529	23.9188	0.351509	0.783065	0.0952853	0.104125	8837.65
11.9541	0.778007	24.2738	0.353239	0.778397	0.0961035	0.104147	8469.53
11.9509	0.784458	24.6308	0.354962	0.77344	0.0969261	0.104191	8119.64
11.9503	0.790879	24.9897	0.356678	0.769703	0.0977241	0.104128	7788.75
11.947	0.797269	25.3504	0.358387	0.764898	0.0985411	0.104154	7473.05
11.9439	0.803628	25.7131	0.360089	0.759931	0.0993529	0.104196	7175.57
11.9415	0.809962	26.0776	0.361784	0.754816	0.100156	0.104253	6896.3
11.9383	0.816267	26.444	0.363473	0.751167	0.100962	0.104166	6619.65
11.9361	0.822541	26.8122	0.365154	0.74704	0.101758	0.104128	6362.6
11.933	0.828786	27.1823	0.366829	0.739778	0.102556	0.10438	6133.61
11.9302	0.835	27.5542	0.368496	0.736984	0.10335	0.104212	5892.18
11.928	0.841185	27.928	0.370157	0.733008	0.104135	0.104157	5670.39
11.9254	0.847339	28.3035	0.371811	0.728304	0.104919	0.104168	5462.16
11.9236	0.853469	28.6809	0.373458	0.725095	0.105695	0.104042	5258.42
11.9206	0.859565	29.0601	0.375098	0.720476	0.106476	0.104041	5068.19
11.9181	0.865635	29.4411	0.376732	0.717063	0.10725	0.10393	4882.64
11.9174	0.871674	29.8238	0.378359	0.713989	0.108005	0.103798	4708.44
11.9155	0.877685	30.2084	0.379979	0.710545	0.108767	0.103693	4541.28
11.913	0.883666	30.5947	0.381593	0.707644	0.109531	0.103536	4378.36
11.9117	0.889619	30.9827	0.3832	0.703899	0.110281	0.103461	4228.37
11.9093	0.895542	31.3725	0.384802	0.700673	0.111038	0.103334	4081.2
11.9083	0.901438	31.7641	0.386397	0.698371	0.111778	0.103131	3940.19
11.9061	0.907304	32.1574	0.387985	0.694844	0.112526	0.103032	3807.23
11.9041	0.913143	32.5524	0.389569	0.691174	0.11327	0.102947	3680.91
11.9027	0.91895	32.9492	0.391146	0.688474	0.114003	0.102779	3558.2
11.901	0.924732	33.3476	0.392718	0.685558	0.114737	0.102629	3440.79
11.8994	0.930474	33.7478	0.394284	0.68261	0.115465	0.102483	3328.99
11.8976	0.936207	34.1496	0.395845	0.679707	0.116194	0.102332	3221.13
11.8958	0.941901	34.5532	0.397401	0.677387	0.116918	0.102131	3116.45
11.8942	0.947568	34.9584	0.398952	0.674448	0.117638	0.101984	3017.89
11.8925	0.953206	35.3654	0.400498	0.672402	0.118354	0.101761	2921.3
11.8909	0.958816	35.7739	0.40204	0.66973	0.119067	0.101593	2830.17
11.8896	0.964399	36.1842	0.403577	0.667167	0.119773	0.101419	2743
11.8879	0.969951	36.5961	0.40511	0.665127	0.12048	0.101198	2657.64
11.8863	0.975477	37.0097	0.406638	0.662501	0.121183	0.101028	2577.2
11.8846	0.980976	37.4249	0.408161	0.659871	0.121883	0.100859	2499.83
11.8832	0.986446	37.8417	0.40968	0.6577	0.122577	0.100654	2424.85
11.8819	0.991887	38.2602	0.411194	0.655839	0.123268	0.100423	2352.33
11.8804	0.997304	38.6803	0.412703	0.651991	0.123956	0.100361	2286.29
11.8785	1.00269	39.102	0.414208	0.651448	0.124645	0.100019	2216.22
11.8769	1.00805	39.5254	0.415708	0.649497	0.125328	0.0997979	2151.77
11.8762	1.01338	39.9503	0.417203	0.646912	0.125999	0.0996358	2091.68
11.874	1.01868	40.3768	0.418694	0.645903	0.126681	0.0993357	2029.8
11.8725	1.02396	40.805	0.42018	0.643621	0.127354	0.0991459	1972.97
11.8711	1.02921	41.2347	0.421661	0.642415	0.128022	0.0988697	1916.65
11.8693	1.03444	41.666	0.423138	0.639899	0.128692	0.0986995	1864.1
11.8678	1.03963	42.0989	0.42461	0.638242	0.129354	0.0984627	1812.55
11.8667	1.0448	42.5333	0.426077	0.636857	0.130009	0.0982068	1762.69
11.865	1.04994	42.9694	0.42754	0.635691	0.130668	0.0979316	1713.9
11.8635	1.05506	43.4069	0.428999	0.633572	0.131321	0.097736	1668.4
11.8629	1.06015	43.8461	0.430453	0.63341	0.131961	0.0973903	1622.57
11.8605	1.06521	44.2868	0.431902	0.630824	0.132618	0.0972285	1580.12
11.859	1.07024	44.729	0.433347	0.628621	0.133261	0.097043	1539.4
11.8574	1.07526	45.1728	0.434788	0.627703	0.133904	0.0967555	1498.34
11.856	1.08024	45.618	0.436224	0.626083	0.134541	0.0965267	1459.75
11.8545	1.08519	46.0649	0.437657	0.624574	0.135175	0.0962906	1422.36
11.853	1.09013	46.5132	0.439085	0.62394	0.135807	0.0959868	1385.18
11.8516	1.09504	46.9631	0.440508	0.620368	0.136435	0.0959137	1352.56
11.8498	1.09993	47.4145	0.441928	0.620824	0.137064	0.0955271	1316.49
11.8485	1.10478	47.8674	0.443344	0.61915	0.137685	0.0953101	1284.17
11.8469	1.10961	48.3217	0.444756	0.618221	0.138305	0.0950353	1251.98
11.8453	1.11442	48.7776	0.446164	0.617116	0.138922	0.0947762	1221.09
11.8439	1.1192	49.235	0.447569	0.616505	0.139536	0.0944814	1190.77
11.8423	1.12396	49.6939	0.448969	0.613737	0.140147	0.0943513	1163.42
11.8408	1.12869	50.1542	0.450367	0.614985	0.140754	0.0939198	1133.33
11.8393	1.13339	50.616	0.45176	0.613594	0.141359	0.0936889	1106.55
11.8377	1.13807	51.0793	0.45315	0.611932	0.141963	0.093479	1080.82
11.8338	1.14274	51.5441	0.454537	0.608154	0.142591	0.0934125	1056.47
11.8323	1.14737	52.0103	0.45592	0.609322	0.143188	0.092995	1030.01
11.8334	1.15198	52.478	0.457299	0.60977	0.14375	0.0926513	1006.3
11.8308	1.15656	52.9472	0.458675	0.608217	0.144353	0.0924327	983.126
11.8299	1.16112	53.4178	0.460048	0.607947	0.144934	0.0921322	960.443
11.8282	1.16566	53.8898	0.461417	0.606858	0.145521	0.0918885	938.737
11.8267	1.17017	54.3633	0.462782	0.605256	0.146102	0.091685	918.169
11.8249	1.17466	54.8382	0.464144	0.605484	0.146686	0.0913479	896.749
11.8232	1.17913	55.3145	0.465502	0.605039	0.147264	0.0910628	876.531
11.8217	1.18357	55.7923	0.466857	0.603707	0.147837	0.0908442	857.605
11.8199	1.18799	56.2715	0.468208	0.603096	0.148412	0.090573	838.6
11.8183	1.19238	56.7521	0.469556	0.600108	0.148981	0.0904746	821.832
11.8167	1.19675	57.2342	0.4709	0.602599	0.149548	0.0899879	802.018
11.8156	1.2011	57.7176	0.472241	0.601995	0.150106	0.089727	784.96
11.8147	1.20543	58.2025	0.473579	0.601007	0.150658	0.089496	768.702
11.8117	1.20973	58.6887	0.474912	0.599404	0.151234	0.0892946	752.461
11.81	1.21402	59.1764	0.476243	0.600033	0.151791	0.0889483	735.895
11.8083	1.21827	59.6655	0.47757	0.599409	0.152345	0.0886911	720.513
11.8068	1.22251	60.1559	0.478894	0.59863	0.152894	0.0884479	705.739
11.8022	1.22672	60.6477	0.480215	0.596294	0.153482	0.0882907	691.104
11.8031	1.23092	61.141	0.481532	0.598528	0.153993	0.0878612	676.388
11.8017	1.23508	61.6356	0.482846	0.597671	0.154534	0.0876286	662.887
11.7997	1.23923	62.1315	0.484156	0.597691	0.155079	0.0873337	649.117
11.798	1.24336	62.6289	0.485464	0.5974	0.155618	0.0870642	635.995
11.7962	1.24746	63.1276	0.486768	0.596556	0.156155	0.0868327	623.458
11.7944	1.25155	63.6277	0.488069	0.597115	0.15669	0.0865087	610.598
11.7927	1.25561	64.1291	0.489367	0.596167	0.157222	0.086288	598.816
11.7909	1.25965	64.6319	0.490662	0.596606	0.157751	0.0859763	586.707
11.7891	1.26367	65.1361	0.491954	0.595398	0.158279	0.0857753	575.651
11.7873	1.26767	65.6416	0.493243	0.595502	0.158805	0.0854885	564.287
11.7856	1.27164	66.1484	0.494529	0.594918	0.159326	0.0852501	553.574
11.7838	1.2756	66.6566	0.495813	0.595049	0.159845	0.0849662	542.827
11.7819	1.27954	67.1661	0.497093	0.593557	0.160364	0.084788	532.971
11.7809	1.28345	67.677	0.498371	0.593417	0.160869	0.0845303	523.075
11.7791	1.28735	68.1892	0.499645	0.595302	0.161382	0.0841378	512.426
11.7765	1.29122	68.7027	0.500918	0.593598	0.161903	0.0839727	503.238
11.7746	1.29507	69.2175	0.502187	0.594463	0.162412	0.0836496	493.496
11.7731	1.29891	69.7337	0.503454	0.592148	0.162914	0.0835333	485.259
11.7708	1.30271	70.2512	0.504718	0.593949	0.163424	0.0831516	475.559
11.769	1.30651	70.77	0.50598	0.594378	0.163925	0.0828622	466.7
11.7673	1.31029	71.2901	0.507239	0.59341	0.164423	0.0826633	458.58
11.7651	1.31404	71.8115	0.508495	0.59398	0.164924	0.0823658	450.02
11.7639	1.31777	72.3343	0.509749	0.594426	0.165409	0.0820857	441.954
11.7622	1.32149	72.8583	0.511	0.5947	0.1659	0.0818142	434.021
11.7594	1.32518	73.3836	0.512248	0.594851	0.166404	0.0815436	426.072
11.7575	1.32886	73.9103	0.513494	0.594818	0.166891	0.0812934	418.594
11.7556	1.3325	74.4382	0.514737	0.594088	0.167376	0.0810878	411.523
11.7545	1.33615	74.9674	0.515977	0.594734	0.16785	0.0808039	404.324
11.7517	1.33977	75.4979	0.517215	0.594271	0.168345	0.0805774	397.3
11.7496	1.34337	76.0296	0.51845	0.594716	0.168828	0.0803026	390.321
11.7477	1.34695	76.5627	0.519683	0.594628	0.169305	0.0800633	383.705
11.7457	1.35051	77.097	0.520913	0.594306	0.169781	0.0798388	377.292
11.7439	1.35403	77.6326	0.52214	0.593175	0.17025	0.0796668	371.323
11.7419	1.35758	78.1695	0.523365	0.594819	0.170725	0.0793261	364.618
11.7398	1.36108	78.7077	0.524587	0.595319	0.171197	0.0790565	358.403
11.738	1.36457	79.2471	0.525807	0.595229	0.171661	0.0788258	352.548
11.7361	1.36804	79.7877	0.527024	0.593536	0.172126	0.0786896	347.211
11.7335	1.37149	80.3297	0.528238	0.595305	0.172598	0.0783465	340.995
11.7318	1.37493	80.8729	0.52945	0.593835	0.173056	0.078201	335.883
11.7298	1.37834	81.4173	0.53066	0.595781	0.173516	0.0778555	329.992
11.7278	1.38174	81.963	0.531867	0.595855	0.173972	0.0776215	324.707
11.7256	1.38512	82.5099	0.533072	0.597078	0.17443	0.0773207	319.222
11.7236	1.38848	83.0581	0.534274	0.59605	0.174884	0.0771526	314.422
11.7219	1.39183	83.6075	0.535474	0.59741	0.175332	0.0768505	309.211
11.7194	1.39516	84.1582	0.536671	0.597224	0.175787	0.0766337	304.364
11.7173	1.39847	84.7101	0.537866	0.597887	0.176236	0.0763723	299.484
11.7161	1.40176	85.2632	0.539058	0.598557	0.17667	0.0761187	294.843
11.7137	1.40503	85.8176	0.540249	0.596147	0.177119	0.0760316	290.792
11.7112	1.40829	86.3732	0.541437	0.599079	0.177567	0.0756444	285.675
11.7093	1.41154	86.93	0.542623	0.599038	0.178005	0.0754305	281.384
11.7071	1.41476	87.488	0.543806	0.59909	0.178445	0.0752103	277.119
11.7051	1.41797	88.0473	0.544987	0.600684	0.178881	0.0749074	272.658
11.7033	1.42116	88.6077	0.546166	0.600731	0.179311	0.0746936	268.635
11.7013	1.42434	89.1694	0.547343	0.600912	0.179743	0.0744716	264.63
11.6991	1.42749	89.7323	0.548518	0.601231	0.180173	0.0742434	260.683
11.6964	1.43064	90.2964	0.54969	0.601734	0.180613	0.0740012	256.685
11.6953	1.43373	90.8618	0.550861	0.601806	0.181019	0.0737992	253.124
11.6921	1.43688	91.4283	0.55203	0.602255	0.181468	0.0735568	249.194
11.6901	1.43997	91.996	0.553196	0.601537	0.18189	0.0733905	245.759
11.6882	1.44305	92.5649	0.55436	0.60332	0.182307	0.0730922	241.969
11.6858	1.44612	93.135	0.555523	0.603401	0.182732	0.0728826	238.486
11.6839	1.44916	93.7063	0.556683	0.604373	0.183146	0.0726306	234.983
11.6813	1.45219	94.2788	0.557841	0.604753	0.183571	0.0724059	231.56
11.679	1.4552	94.8525	0.558997	0.605726	0.183987	0.0721544	228.157
11.6772	1.45821	95.4274	0.560151	0.606042	0.184396	0.0719418	224.973
11.6751	1.46119	96.0035	0.561303	0.605448	0.184807	0.0717764	221.974
11.6725	1.46416	96.5807	0.562453	0.60643	0.185224	0.0715258	218.721
11.6704	1.46711	97.1591	0.563601	0.606776	0.185629	0.0713143	215.702
11.6682	1.47005	97.7387	0.564747	0.607339	0.186036	0.0710913	212.685
11.6659	1.47297	98.3195	0.565891	0.607875	0.186444	0.0708701	209.716
11.6643	1.47588	98.9015	0.567032	0.609334	0.186838	0.0706083	206.749
11.6616	1.47878	99.4846	0.568172	0.609266	0.187247	0.0704183	203.947
11.6594	1.48166	100.069	0.56931	0.610178	0.187649	0.0701822	201.097
11.6571	1.48451	100.654	0.570446	0.609998	0.188047	0.0700038	198.472
11.655	1.48737	101.241	0.571579	0.611071	0.188441	0.0697641	195.732
11.6527	1.49021	101.829	0.572711	0.611434	0.188838	0.0695595	193.113
11.6506	1.49303	102.418	0.573841	0.61046	0.18923	0.0694249	190.752
11.6478	1.49584	103.008	0.574969	0.612707	0.189632	0.0691247	187.926
11.6458	1.49863	103.599	0.576094	0.612901	0.190019	0.0689346	185.509
11.6445	1.50141	104.191	0.577218	0.614475	0.190391	0.068683	183.03
11.6418	1.50417	104.785	0.57834	0.614793	0.190788	0.0684833	180.61
11.6395	1.50692	105.38	0.57946	0.614568	0.191173	0.0683159	178.361
11.6367	1.50966	105.975	0.580578	0.614738	0.191567	0.0681253	176.041
11.6347	1.51238	106.572	0.581694	0.614006	0.191945	0.0679863	173.957
11.6307	1.51509	107.17	0.582808	0.615201	0.192356	0.0677387	171.483
11.6298	1.51778	107.77	0.583921	0.617618	0.192712	0.0674573	169.198
11.6284	1.52046	108.37	0.585031	0.617752	0.193075	0.0672842	167.182
11.6254	1.52313	108.972	0.58614	0.618392	0.193464	0.0670752	164.993
11.6233	1.52578	109.574	0.587247	0.619453	0.193835	0.0668548	162.885
11.6205	1.52842	110.178	0.588351	0.620327	0.194217	0.0666388	160.766
11.6183	1.53105	110.783	0.589455	0.619046	0.194589	0.0665308	158.979
11.6165	1.53366	111.389	0.590556	0.622036	0.194951	0.0662242	156.783
11.6146	1.53626	111.996	0.591655	0.621413	0.195313	0.0660896	155.018
11.6112	1.53885	112.604	0.592753	0.623029	0.195699	0.065839	152.915
11.6076	1.54142	113.214	0.593849	0.622322	0.196088	0.0656968	151.078
11.607	1.54398	113.824	0.594943	0.625234	0.196424	0.0654092	149.135
11.6044	1.54653	114.436	0.596036	0.622907	0.196792	0.0653523	147.615
11.6019	1.54906	115.049	0.597127	0.625855	0.197156	0.065052	145.587
11.5995	1.55159	115.663	0.598216	0.626471	0.197518	0.0648615	143.834
11.5979	1.55409	116.278	0.599303	0.627549	0.197866	0.0646565	142.124
11.5949	1.55659	116.894	0.600389	0.628093	0.198234	0.0644677	140.399
11.5929	1.55908	117.511	0.601474	0.62879	0.198584	0.06428	138.759
11.5906	1.56155	118.129	0.602556	0.629865	0.198939	0.0640733	137.082
11.5878	1.564	118.749	0.603637	0.629753	0.1993	0.0639189	135.52
11.5858	1.56645	119.369	0.604717	0.630809	0.199646	0.0637181	133.927
11.5831	1.56889	119.991	0.605794	0.631703	0.200003	0.0635205	132.325
11.5811	1.57131	120.613	0.606871	0.632406	0.200347	0.0633373	130.813
11.5788	1.57372	121.237	0.607945	0.633914	0.200694	0.0631174	129.236
11.5754	1.57611	121.862	0.609018	0.63371	0.201058	0.0629672	127.766
11.5738	1.5785	122.488	0.610089	0.635318	0.20139	0.0627505	126.28
11.5715	1.58087	123.115	0.611159	0.635511	0.201734	0.062592	124.892
11.5689	1.58323	123.743	0.612227	0.635078	0.20208	0.0624605	123.566
11.5667	1.58559	124.372	0.613294	0.638069	0.202419	0.0621813	121.986
11.565	1.58793	125.002	0.614359	0.63887	0.202747	0.062004	120.657
11.5616	1.59025	125.634	0.615422	0.639095	0.203103	0.0618403	119.288
11.5593	1.59256	126.266	0.616484	0.639808	0.203441	0.0616636	117.964
11.5569	1.59487	126.9	0.617544	0.640724	0.203776	0.0614795	116.647
11.5546	1.59716	127.534	0.618602	0.641256	0.20411	0.0613128	115.382
11.5524	1.59944	128.17	0.619659	0.642198	0.204441	0.0611304	114.111
11.5501	1.60171	128.807	0.620715	0.640635	0.204771	0.0610561	113.056
11.5475	1.60397	129.445	0.621768	0.642598	0.205106	0.0608285	111.717
11.545	1.60621	130.084	0.622821	0.645103	0.205436	0.0605808	110.371
11.5426	1.60844	130.723	0.623871	0.645669	0.205766	0.0604164	109.192
11.5406	1.61061	131.364	0.62492	0.645217	0.20608	0.0603025	108.16
11.5377	1.61288	132.007	0.625968	0.646963	0.206421	0.0600839	106.879
11.5361	1.615	132.65	0.627014	0.647821	0.206721	0.0599212	105.82
11.533	1.61727	133.294	0.628058	0.646746	0.207068	0.0598197	104.758
11.5305	1.61945	133.939	0.629101	0.650103	0.207392	0.0595427	103.461
11.5281	1.62162	134.585	0.630143	0.651143	0.207713	0.0593648	102.358
11.5256	1.62378	135.233	0.631182	0.652058	0.208034	0.0591922	101.275
11.5231	1.62593	135.881	0.632221	0.653092	0.208354	0.0590158	100.201
11.5213	1.62806	136.531	0.633258	0.65389	0.20866	0.0588549	99.1954
11.518	1.63019	137.181	0.634293	0.654011	0.208994	0.0587111	98.1665
11.5157	1.6323	137.833	0.635327	0.655848	0.209306	0.0585062	97.0968
11.5134	1.63441	138.485	0.636359	0.65607	0.209618	0.0583676	96.1468
11.5107	1.6365	139.139	0.63739	0.656742	0.209936	0.0582088	95.1628
11.5084	1.63858	139.794	0.63842	0.658301	0.210244	0.0580183	94.1577
11.5065	1.64066	140.449	0.639448	0.65909	0.210546	0.0578621	93.2336
11.5036	1.64272	141.106	0.640474	0.659803	0.210864	0.0577025	92.2769
11.5012	1.64477	141.764	0.641499	0.661481	0.21117	0.0575095	91.3033
11.4989	1.64682	142.423	0.642523	0.661955	0.211475	0.0573656	90.4198
11.4992	1.64885	143.083	0.643545	0.664888	0.211731	0.0571444	89.5291
11.4937	1.65087	143.743	0.644566	0.661982	0.212092	0.0571127	88.7203
11.4914	1.65288	144.405	0.645586	0.664373	0.212393	0.0568954	87.7586
11.4888	1.65488	145.068	0.646604	0.665896	0.212699	0.0567107	86.8448
11.4865	1.65688	145.732	0.647621	0.666228	0.212997	0.056577	86.0364
11.4847	1.65878	146.397	0.648636	0.667694	0.213275	0.0564071	85.2202
11.4814	1.66083	147.063	0.64965	0.667553	0.2136	0.0562815	84.386
11.479	1.6628	147.73	0.650663	0.666965	0.213897	0.0561844	83.6567
11.4766	1.66475	148.398	0.651675	0.669447	0.214193	0.0559687	82.7605
11.4742	1.66669	149.068	0.652685	0.670154	0.214488	0.0558229	81.9788
11.4715	1.66863	149.738	0.653694	0.672376	0.214789	0.055617	81.1074
11.4682	1.67055	150.409	0.654701	0.670828	0.215098	0.0555527	80.4323
11.4685	1.67247	151.081	0.655707	0.675351	0.215339	0.0552832	79.5949
11.4643	1.67437	151.754	0.656712	0.674564	0.215663	0.0551847	78.8596
11.4618	1.67627	152.428	0.657716	0.675525	0.215954	0.0550322	78.1114
11.4592	1.67816	153.103	0.658718	0.677163	0.216246	0.0548545	77.3354
11.4565	1.68003	153.78	0.659719	0.677316	0.21654	0.0547324	76.6409
11.4543	1.6819	154.457	0.660719	0.678392	0.216822	0.0545804	75.9323
11.4518	1.68376	155.135	0.661717	0.680109	0.217109	0.054403	75.1871
11.4495	1.68561	155.814	0.662714	0.681102	0.217392	0.0542547	74.4957
11.4469	1.68746	156.494	0.66371	0.681525	0.217678	0.0541265	73.8316
11.4476	1.68929	157.176	0.664704	0.685599	0.217902	0.0538874	73.1285
11.4421	1.69111	157.858	0.665697	0.683364	0.218241	0.0538381	72.496
11.4395	1.69293	158.541	0.666689	0.684529	0.218526	0.053684	71.8191
11.4402	1.69473	159.225	0.66768	0.687332	0.218746	0.0534953	71.2078
11.4346	1.69653	159.91	0.668669	0.687297	0.219084	0.0533655	70.4888
11.4352	1.69832	160.597	0.669657	0.689253	0.219303	0.053209	69.9318
11.4296	1.7001	161.284	0.670644	0.688781	0.219641	0.0530954	69.246
11.4265	1.70187	161.972	0.671629	0.689626	0.219929	0.0529536	68.6106
11.4246	1.70362	162.661	0.672613	0.691494	0.220193	0.0527844	67.983
11.4227	1.70533	163.351	0.673596	0.692611	0.220451	0.0526449	67.4073
11.4194	1.70708	164.042	0.674578	0.691572	0.22074	0.0525712	66.8724
11.4179	1.70881	164.735	0.675559	0.694199	0.220993	0.05238	66.2492
11.4145	1.71058	165.428	0.676538	0.693687	0.221287	0.0522862	65.6927
11.4113	1.7123	166.122	0.677516	0.694605	0.221572	0.0521447	65.0951
11.4099	1.71401	166.817	0.678492	0.69715	0.221822	0.051959	64.4986
11.407	1.71571	167.513	0.679468	0.698182	0.222098	0.0518176	63.9245
11.408	1.71741	168.21	0.680442	0.701891	0.222297	0.0516109	63.3841
11.4009	1.71909	168.908	0.681415	0.69883	0.222654	0.051584	62.8447
11.3991	1.72077	169.607	0.682387	0.699978	0.222907	0.0514482	62.325
11.398	1.72245	170.307	0.683358	0.700863	0.223144	0.0513276	61.8484
11.3952	1.72407	171.008	0.684327	0.703631	0.22341	0.0511309	61.2458
11.3923	1.72572	171.71	0.685295	0.702529	0.223682	0.0510674	60.7992
11.3894	1.72736	172.413	0.686262	0.704325	0.223951	0.050904	60.241
11.3871	1.72899	173.116	0.687228	0.705654	0.224208	0.050762	59.7297
11.3853	1.73068	173.821	0.688193	0.706263	0.224461	0.0506465	59.2586
11.3824	1.7323	174.527	0.689156	0.708849	0.22473	0.0504575	58.685
11.379	1.73392	175.234	0.690118	0.708262	0.225007	0.0503749	58.2299
11.3803	1.73551	175.941	0.69108	0.713015	0.225187	0.0501455	57.7326
11.3753	1.73707	176.65	0.69204	0.711715	0.225489	0.0500785	57.2714
11.3738	1.73866	177.36	0.692999	0.71325	0.225725	0.049939	56.8127
11.3693	1.74024	178.07	0.693956	0.711631	0.226021	0.049885	56.3814
11.3711	1.74183	178.782	0.694913	0.716878	0.22619	0.0496456	55.9019
11.3642	1.74339	179.494	0.695869	0.714015	0.22653	0.0496171	55.4509
11.3616	1.74495	180.208	0.696823	0.715304	0.226785	0.0494806	54.989
11.3604	1.7465	180.922	0.697776	0.718269	0.227011	0.0492985	54.514
11.3562	1.74809	181.637	0.698729	0.718306	0.227302	0.049191	54.0475
11.3544	1.74958	182.354	0.69968	0.719522	0.227531	0.0490673	53.6413
11.3518	1.75115	183.071	0.70063	0.720236	0.227788	0.0489503	53.2126
11.3487	1.75269	183.789	0.701579	0.720665	0.22805	0.0488408	52.7885
11.3473	1.7542	184.508	0.702527	0.722905	0.228276	0.0486852	52.3608
11.3437	1.75572	185.229	0.703474	0.721649	0.228544	0.0486295	51.9944
11.3423	1.75722	185.95	0.70442	0.725322	0.228769	0.0484279	51.5249
11.3399	1.75871	186.672	0.705364	0.726017	0.229012	0.0483178	51.1357
11.3375	1.7602	187.395	0.706308	0.727957	0.229254	0.0481678	50.709
11.3381	1.76168	188.118	0.707251	0.73068	0.229435	0.0480145	50.3486
11.3314	1.76315	188.843	0.708192	0.728641	0.229762	0.0479637	49.9382
11.3291	1.76462	189.569	0.709133	0.729415	0.229999	0.0478541	49.568
11.3262	1.76608	190.296	0.710073	0.729945	0.230249	0.0477479	49.1902
11.3241	1.76753	191.023	0.711011	0.732803	0.23048	0.0475737	48.7651
11.3216	1.76897	191.752	0.711948	0.732323	0.230719	0.0475044	48.4427
11.3187	1.7704	192.481	0.712885	0.733278	0.230966	0.0473862	48.0641
11.3175	1.77184	193.212	0.71382	0.736472	0.231178	0.0472094	47.6654
11.3151	1.77326	193.943	0.714754	0.73747	0.231413	0.0470948	47.3088
11.3153	1.77468	194.676	0.715687	0.741477	0.231594	0.0469044	46.9338
11.3093	1.77606	195.409	0.71662	0.738126	0.231895	0.0469044	46.6296
11.3065	1.77749	196.143	0.717551	0.739712	0.232141	0.0467682	46.2484
11.3064	1.77889	196.878	0.718481	0.741241	0.232324	0.0466561	45.9561
11.3051	1.78028	197.614	0.71941	0.744498	0.232533	0.0464813	45.5791
11.3001	1.78166	198.351	0.720338	0.744554	0.232817	0.0463808	45.2039
11.2983	1.78301	199.089	0.721265	0.74489	0.23303	0.0462961	44.915
11.2948	1.78438	199.828	0.722191	0.744934	0.233281	0.0462077	44.5892
11.2929	1.78573	200.567	0.723116	0.747146	0.233498	0.0460639	44.244
11.2929	1.78713	201.308	0.72404	0.751217	0.23368	0.0458752	43.891
11.2883	1.78849	202.05	0.724963	0.749703	0.233954	0.0458276	43.5897
11.2851	1.78983	202.792	0.725884	0.750524	0.234195	0.0457193	43.2633
11.2827	1.79117	203.535	0.726805	0.751506	0.234419	0.0456121	42.9558
11.2793	1.7925	204.28	0.727725	0.75055	0.234665	0.0455571	42.6803
11.2773	1.7938	205.025	0.728644	0.752812	0.234876	0.0454156	42.3563
11.2748	1.79512	205.771	0.729562	0.753684	0.235101	0.0453122	42.0582
11.2724	1.79646	206.518	0.730479	0.754882	0.235328	0.0451984	41.7507
11.2704	1.79777	207.266	0.731395	0.75728	0.23554	0.0450537	41.4298
11.268	1.79907	208.015	0.732309	0.758405	0.235761	0.0449448	41.1365
11.2643	1.80036	208.765	0.733223	0.758315	0.236007	0.0448639	40.8488
11.2627	1.80165	209.515	0.734136	0.760283	0.23621	0.0447363	40.5581
11.2609	1.80293	210.267	0.735048	0.762663	0.236415	0.0445959	40.2554
11.2571	1.80421	211.019	0.735959	0.762574	0.236664	0.0445149	39.972
11.2545	1.80547	211.773	0.736869	0.762932	0.236885	0.0444296	39.7091
11.2534	1.80674	212.527	0.737778	0.766159	0.237073	0.0442711	39.4114
11.2521	1.80799	213.282	0.738686	0.767815	0.237265	0.0441578	39.1513
11.2481	1.80924	214.038	0.739593	0.767341	0.237514	0.0440884	38.8852
11.2461	1.8105	214.795	0.740499	0.768817	0.23772	0.0439766	38.6194
11.2421	1.81174	215.553	0.741405	0.767597	0.237968	0.0439294	38.3771
11.2407	1.81297	216.312	0.742309	0.770656	0.238161	0.0437759	38.0885
11.2386	1.81417	217.072	0.743212	0.771182	0.238361	0.043694	37.8577
11.2354	1.81542	217.833	0.744115	0.772009	0.238595	0.0435924	37.5852
11.2332	1.81664	218.594	0.745016	0.773609	0.238802	0.0434775	37.3237
11.2309	1.81785	219.356	0.745917	0.775889	0.23901	0.0433429	37.0467
11.2278	1.81906	220.12	0.746816	0.776471	0.239233	0.0432526	36.7972
11.2248	1.82025	220.884	0.747715	0.775414	0.239456	0.0432096	36.5899
11.2225	1.82145	221.649	0.748613	0.777639	0.239661	0.0430783	36.323
11.2207	1.82263	222.415	0.74951	0.780223	0.239855	0.0429409	36.0608
11.2184	1.82382	223.182	0.750406	0.78133	0.24006	0.0428423	35.8246
11.216	1.825	223.95	0.751301	0.780683	0.240269	0.0427925	35.628
11.2133	1.82617	224.718	0.752195	0.783241	0.240479	0.0426514	35.3556
11.211	1.82733	225.488	0.753088	0.783662	0.240681	0.0425736	35.1428
11.2087	1.82849	226.258	0.753981	0.784773	0.240885	0.0424761	34.9145
11.206	1.82965	227.029	0.754873	0.787172	0.241095	0.0423405	34.6517
11.2042	1.83077	227.801	0.755763	0.786036	0.241281	0.0423121	34.4948
11.2012	1.83194	228.575	0.756653	0.788957	0.2415	0.0421598	34.2157
11.2006	1.83308	229.348	0.757542	0.79251	0.241663	0.0420081	33.9776
11.1952	1.83421	230.123	0.75843	0.79059	0.241929	0.0419758	33.7649
11.196	1.83531	230.899	0.759317	0.794285	0.242057	0.0418322	33.5605
11.1927	1.83646	231.675	0.760204	0.793817	0.24228	0.0417738	33.3599
11.1907	1.83757	232.453	0.761089	0.796623	0.24247	0.0416358	33.12
11.1866	1.83869	233.231	0.761974	0.795317	0.242707	0.041596	32.9268
11.1833	1.83979	234.01	0.762857	0.795993	0.242924	0.0415081	32.7103
11.1831	1.8409	234.791	0.76374	0.800342	0.243074	0.0413414	32.479
11.1793	1.842	235.571	0.764622	0.799054	0.243301	0.0413046	32.2991
11.1803	1.84309	236.353	0.765503	0.804559	0.243425	0.0411152	32.0688
11.1733	1.84416	237.136	0.766384	0.801026	0.243718	0.0411189	31.8798
11.1739	1.84524	237.919	0.767263	0.805274	0.243849	0.0409624	31.6733
11.1692	1.84632	238.704	0.768142	0.803556	0.244093	0.0409318	31.4913
11.1688	1.8474	239.489	0.769019	0.806749	0.244245	0.040798	31.2912
11.1648	1.84846	240.275	0.769896	0.805611	0.244473	0.0407569	31.1139
11.162	1.84953	241.062	0.770772	0.807943	0.244675	0.0406309	30.8896
11.16	1.85058	241.85	0.771647	0.809395	0.244859	0.0405345	30.7008
11.1578	1.85163	242.639	0.772521	0.808607	0.245045	0.0404976	30.557
11.1538	1.85268	243.429	0.773395	0.810322	0.245272	0.0403811	30.3283
11.154	1.85372	244.219	0.774267	0.813319	0.245406	0.0402598	30.1549
11.15	1.85476	245.01	0.775139	0.81293	0.245631	0.0402002	29.9725
11.1475	1.85579	245.803	0.77601	0.812901	0.245822	0.0401417	29.8127
11.1451	1.85681	246.596	0.77688	0.816028	0.246012	0.0400005	29.5935
11.1424	1.85782	247.39	0.777749	0.816739	0.246205	0.0399222	29.42
11.1407	1.85882	248.184	0.778617	0.818075	0.246375	0.0398347	29.2542
11.1386	1.85983	248.98	0.779485	0.81932	0.246555	0.0397465	29.0828
11.1362	1.86083	249.777	0.780352	0.820725	0.246741	0.0396527	28.9049
11.1345	1.86186	250.574	0.781218	0.823234	0.246915	0.039534	28.717
11.1324	1.86284	251.372	0.782083	0.824153	0.24709	0.0394566	28.5594
11.1296	1.86385	252.171	0.782947	0.825564	0.247289	0.0393594	28.3747
11.1263	1.86482	252.971	0.78381	0.825015	0.24749	0.0393126	28.2264
11.1236	1.86583	253.772	0.784673	0.825672	0.247684	0.0392363	28.061
11.1212	1.8668	254.573	0.785535	0.827944	0.247866	0.0391228	27.8776
11.1186	1.86778	255.376	0.786396	0.826321	0.248054	0.0391072	27.7608
11.1157	1.86876	256.179	0.787256	0.827858	0.248248	0.0390089	27.583
11.1138	1.86972	256.983	0.788116	0.830248	0.24842	0.038896	27.4083
11.1112	1.87068	257.788	0.788974	0.831113	0.248605	0.038818	27.2516
11.1092	1.87164	258.594	0.789832	0.833977	0.248776	0.0386936	27.0709
11.1055	1.87259	259.401	0.790689	0.832183	0.248986	0.0386761	26.9449
11.1052	1.87354	260.208	0.791545	0.835893	0.249118	0.0385426	26.7808
11.102	1.87448	261.017	0.792401	0.836486	0.249316	0.0384682	26.623
11.099	1.87542	261.826	0.793256	0.837436	0.249508	0.0383871	26.4652
11.0969	1.87635	262.636	0.79411	0.838891	0.249679	0.0382993	26.3141
11.0942	1.87728	263.447	0.794963	0.83854	0.249866	0.0382525	26.184
11.0926	1.87821	264.259	0.795815	0.840557	0.250024	0.0381549	26.0345
11.0899	1.87912	265.071	0.796667	0.842885	0.250206	0.0380429	25.8639
11.0875	1.88004	265.885	0.797518	0.843551	0.250383	0.0379738	25.7256
11.0853	1.88096	266.699	0.798368	0.845249	0.250555	0.0378809	25.5749
11.0827	1.88187	267.514	0.799217	0.845665	0.250735	0.0378175	25.4408
11.0805	1.88276	268.33	0.800066	0.846671	0.250903	0.0377429	25.3052
11.078	1.88367	269.147	0.800914	0.847619	0.251082	0.037667	25.1649
11.0753	1.88456	269.964	0.801761	0.847662	0.251261	0.0376133	25.0395
11.0739	1.88545	270.783	0.802608	0.849823	0.251411	0.0375161	24.9001
11.0703	1.88634	271.602	0.803454	0.848978	0.251611	0.0374782	24.7764
11.0684	1.88722	272.422	0.804299	0.853417	0.251773	0.0373225	24.5942
11.0656	1.8881	273.243	0.805143	0.851401	0.251954	0.0373188	24.5036
11.064	1.88897	274.065	0.805986	0.854142	0.252108	0.0372073	24.356
11.0608	1.88984	274.887	0.806829	0.854913	0.252296	0.0371339	24.2175
11.0586	1.89071	275.711	0.807671	0.857156	0.252463	0.037031	24.0706
11.0568	1.89157	276.535	0.808513	0.858397	0.252618	0.0369562	23.9483
11.0536	1.89244	277.36	0.809353	0.858204	0.252806	0.0369065	23.8274
11.0514	1.89329	278.186	0.810193	0.860585	0.252971	0.0368015	23.682
11.0495	1.89414	279.013	0.811032	0.862192	0.253129	0.0367174	23.5543
11.0466	1.89499	279.84	0.811871	0.861994	0.253307	0.036671	23.442
11.0445	1.89583	280.669	0.812709	0.863726	0.253469	0.0365831	23.3111
11.0431	1.89667	281.498	0.813546	0.866956	0.253612	0.0364653	23.1708
11.0406	1.8975	282.328	0.814382	0.86729	0.253783	0.0364086	23.0571
11.0372	1.89833	283.159	0.815218	0.867518	0.253972	0.0363491	22.9339
11.0355	1.89916	283.99	0.816052	0.869401	0.254121	0.0362621	22.8118
11.0324	1.89998	284.823	0.816887	0.870138	0.254303	0.0361929	22.6869
11.0302	1.9008	285.656	0.81772	0.870329	0.254463	0.0361429	22.5844
11.0277	1.90162	286.49	0.818553	0.870645	0.254631	0.0360877	22.4757
11.0252	1.90243	287.325	0.819385	0.871722	0.254795	0.0360159	22.3587
11.0239	1.90323	288.161	0.820216	0.875641	0.254934	0.0358851	22.2171
11.0208	1.90403	288.997	0.821047	0.874212	0.255113	0.0358677	22.1283
11.0186	1.90483	289.835	0.821876	0.876437	0.255272	0.0357713	22.0004
11.0163	1.90564	290.673	0.822706	0.87824	0.255432	0.0356843	21.8783
11.0137	1.90643	291.512	0.823534	0.87827	0.255598	0.0356369	21.7781
11.0111	1.90722	292.352	0.824362	0.880136	0.255765	0.035547	21.6524
11.0097	1.908	293.192	0.825189	0.881506	0.255901	0.0354773	21.5527
11.0066	1.90878	294.034	0.826015	0.881981	0.25608	0.0354162	21.4402
11.0042	1.90956	294.876	0.826841	0.882369	0.256239	0.0353629	21.3416
11.0022	1.91034	295.719	0.827666	0.885244	0.256389	0.0352552	21.2145
11.0004	1.91111	296.563	0.82849	0.887359	0.256534	0.0351666	21.1014
10.9969	1.91187	297.407	0.829314	0.885799	0.25672	0.0351506	21.0156
10.9957	1.91264	298.253	0.830137	0.889993	0.256851	0.0350189	20.8836
10.9939	1.91339	299.099	0.830959	0.89051	0.256995	0.0349674	20.7945
10.99	1.91415	299.946	0.83178	0.889193	0.257187	0.0349441	20.7031
10.9877	1.9149	300.794	0.832601	0.890461	0.257342	0.0348728	20.599
10.9856	1.91565	301.643	0.833421	0.892604	0.257491	0.0347832	20.4865
10.9849	1.9164	302.492	0.834241	0.894929	0.25761	0.0346983	20.3894
10.9811	1.91714	303.342	0.835059	0.893762	0.257799	0.0346726	20.2998
10.9786	1.91788	304.194	0.835878	0.894926	0.257956	0.0346033	20.1974
10.9764	1.91861	305.045	0.836695	0.897777	0.258107	0.0344983	20.0774
10.9737	1.91934	305.898	0.837512	0.89838	0.258269	0.0344406	19.981
10.9717	1.92007	306.752	0.838328	0.898951	0.258412	0.0343889	19.8958
10.9694	1.9208	307.606	0.839143	0.899847	0.258564	0.0343276	19.8021
10.9673	1.92152	308.461	0.839958	0.901706	0.258712	0.0342462	19.6988
10.9646	1.92224	309.317	0.840772	0.902074	0.258872	0.0341945	19.6082
10.9627	1.92295	310.173	0.841586	0.905114	0.259013	0.0340893	19.4948
10.9603	1.92366	311.031	0.842398	0.906777	0.259166	0.0340114	19.393
10.9624	1.92436	311.889	0.843211	0.91059	0.259209	0.0339159	19.3223
10.9556	1.92507	312.748	0.844022	0.907391	0.259468	0.0339165	19.2266
10.9532	1.92578	313.608	0.844833	0.909436	0.25962	0.0338309	19.122
10.951	1.92648	314.469	0.845643	0.910657	0.259765	0.0337652	19.0315
10.9487	1.92717	315.33	0.846453	0.911775	0.259914	0.033701	18.9412
10.9464	1.92786	316.192	0.847262	0.911112	0.260061	0.033676	18.8735
10.944	1.92855	317.055	0.84807	0.91375	0.260212	0.0335783	18.7642
10.9415	1.92924	317.919	0.848877	0.91517	0.260362	0.0335075	18.6707
10.9394	1.92992	318.784	0.849684	0.917051	0.260504	0.0334292	18.5764
10.9372	1.9306	319.649	0.850491	0.917786	0.260648	0.033375	18.4951
10.9348	1.93127	320.515	0.851297	0.918049	0.260798	0.0333295	18.4168
10.9328	1.93194	321.382	0.852102	0.920052	0.260936	0.0332499	18.3243
10.9305	1.93261	322.25	0.852906	0.920087	0.261081	0.0332108	18.2519
10.928	1.93327	323.118	0.85371	0.922445	0.26123	0.033121	18.1508
10.9256	1.93394	323.988	0.854514	0.922042	0.261379	0.0330905	18.0826
10.9237	1.9346	324.858	0.855316	0.925263	0.261512	0.0329868	17.9801
10.9203	1.93526	325.729	0.856118	0.923416	0.261682	0.0329814	17.9188
10.9194	1.93591	326.6	0.85692	0.92678	0.261793	0.0328808	17.8263
10.9163	1.93656	327.473	0.85772	0.928372	0.261954	0.032805	17.7307
10.9145	1.93721	328.346	0.858521	0.9282	0.262086	0.0327741	17.6694
10.9126	1.93785	329.22	0.85932	0.92981	0.262218	0.0327056	17.588
10.9099	1.93849	330.095	0.860119	0.931791	0.262369	0.0326245	17.494
10.9078	1.93913	330.97	0.860917	0.933075	0.262506	0.0325619	17.4149
10.9053	1.93976	331.847	0.861715	0.934065	0.262652	0.0325034	17.3354
10.9025	1.94039	332.724	0.862512	0.934329	0.262806	0.0324579	17.2606
10.9006	1.94103	333.602	0.863309	0.935677	0.262937	0.0323958	17.1846
10.8981	1.94165	334.48	0.864105	0.936808	0.263082	0.0323349	17.1052
10.8958	1.94227	335.36	0.8649	0.937526	0.263222	0.0322837	17.0326
10.8946	1.9429	336.24	0.865695	0.941483	0.263335	0.0321726	16.9376
10.8918	1.94351	337.121	0.866489	0.940039	0.263488	0.0321631	16.8835
10.8896	1.94413	338.003	0.867282	0.942096	0.263623	0.0320858	16.7998
10.8867	1.94474	338.885	0.868075	0.942783	0.263778	0.0320321	16.7226
10.8853	1.94535	339.768	0.868867	0.943999	0.263892	0.0319778	16.6581
10.882	1.94595	340.653	0.869659	0.944623	0.264054	0.0319235	16.5789
10.8805	1.94656	341.537	0.87045	0.94608	0.264172	0.0318634	16.5107
10.8783	1.94716	342.423	0.87124	0.94781	0.264308	0.0317934	16.4321
10.8761	1.94775	343.309	0.87203	0.948983	0.264443	0.0317352	16.3603
10.8738	1.94835	344.197	0.872819	0.950267	0.26458	0.0316744	16.2868
10.8717	1.94894	345.084	0.873608	0.951779	0.264712	0.0316102	16.2133
10.8694	1.94953	345.973	0.874396	0.950847	0.264846	0.031595	16.1644
10.8671	1.95011	346.863	0.875183	0.953875	0.264982	0.0314993	16.0741
10.8649	1.9507	347.753	0.87597	0.955431	0.265116	0.0314341	16.0005
10.8626	1.95128	348.644	0.876756	0.956529	0.265252	0.0313778	15.9309
10.8612	1.95185	349.536	0.877542	0.957743	0.265363	0.0313255	15.8711
10.859	1.95243	350.428	0.878327	0.959959	0.265496	0.0312474	15.7917
10.8565	1.953	351.321	0.879112	0.959591	0.265635	0.03122	15.7367
10.8536	1.95357	352.215	0.879896	0.960668	0.265781	0.0311618	15.6642
10.8519	1.95414	353.11	0.880679	0.963156	0.265901	0.0310823	15.5893
10.8501	1.9547	354.006	0.881462	0.964138	0.266023	0.0310324	15.5286
10.8471	1.95526	354.902	0.882244	0.96428	0.266173	0.0309922	15.4647
10.8456	1.95582	355.799	0.883025	0.966881	0.266284	0.0309129	15.393
10.8427	1.95638	356.697	0.883806	0.966373	0.266431	0.0308864	15.3373
10.8405	1.95693	357.595	0.884587	0.966915	0.26656	0.0308437	15.2791
10.8382	1.95748	358.495	0.885367	0.967816	0.266694	0.0307928	15.2158
10.8359	1.95803	359.395	0.886146	0.967541	0.266823	0.0307663	15.1659
10.8339	1.95857	360.296	0.886925	0.971598	0.266949	0.0306554	15.0757
10.832	1.95912	361.197	0.887703	0.972246	0.267068	0.0306132	15.0212
10.8295	1.95966	362.1	0.888481	0.972852	0.267205	0.0305676	14.9605
10.8272	1.9602	363.003	0.889258	0.972843	0.267334	0.0305361	14.909
10.8253	1.96073	363.907	0.890034	0.974616	0.267454	0.030472	14.8445
10.8228	1.96127	364.811	0.89081	0.975828	0.267588	0.0304155	14.7798
10.8208	1.96179	365.717	0.891585	0.979134	0.26771	0.0303214	14.7005
10.8185	1.96232	366.623	0.89236	0.977736	0.26784	0.0303169	14.6628
10.8163	1.96285	367.53	0.893134	0.980427	0.267965	0.0302342	14.5887
10.8139	1.96337	368.438	0.893908	0.979804	0.268096	0.0302142	14.5434
10.8119	1.96389	369.346	0.894681	0.982038	0.268218	0.0301416	14.4756
10.8096	1.96441	370.255	0.895454	0.98417	0.268345	0.0300697	14.407
10.8073	1.96492	371.165	0.896226	0.984823	0.268471	0.0300267	14.3526
10.8053	1.96543	372.076	0.896997	0.98554	0.268592	0.0299836	14.2997
10.8033	1.96594	372.987	0.897768	0.98549	0.268712	0.0299555	14.2544
10.801	1.96645	373.899	0.898539	0.987341	0.268839	0.0298895	14.1895
10.7986	1.96696	374.812	0.899309	0.989228	0.268967	0.0298226	14.1241
10.7974	1.96746	375.726	0.900078	0.989657	0.269065	0.0297908	14.0833
10.7948	1.96796	376.64	0.900847	0.992429	0.269199	0.029706	14.0083
10.7923	1.96846	377.555	0.901615	0.99123	0.26933	0.0296974	13.9703
10.7901	1.96895	378.471	0.902383	0.994562	0.269452	0.0296049	13.8951
10.788	1.96945	379.388	0.903151	0.99476	0.269573	0.0295724	13.849
10.7858	1.96994	380.305	0.903917	0.996019	0.269694	0.0295196	13.793
10.7837	1.97043	381.223	0.904683	0.997339	0.269815	0.0294661	13.7374
10.7814	1.97092	382.142	0.905449	0.998721	0.269938	0.0294109	13.6805
10.7792	1.9714	383.062	0.906214	0.999163	0.270058	0.0293739	13.6327
10.7775	1.97188	383.982	0.906979	1.00226	0.270169	0.0292898	13.5659
10.7752	1.97236	384.903	0.907743	1.00101	0.270291	0.0292841	13.5326
10.7727	1.97283	385.825	0.908507	1.00168	0.27042	0.0292412	13.4807
10.7707	1.97331	386.747	0.90927	1.00397	0.270535	0.0291713	13.4199
10.7685	1.97378	387.671	0.910032	1.00401	0.270654	0.0291424	13.377
10.7666	1.97425	388.595	0.910794	1.00627	0.270767	0.0290738	13.3177
10.7643	1.97472	389.519	0.911556	1.00659	0.270889	0.0290392	13.2721
10.7623	1.97519	390.445	0.912317	1.01026	0.271002	0.0289447	13.2011
10.76	1.97565	391.371	0.913077	1.01003	0.271125	0.0289202	13.1602
10.7578	1.97611	392.298	0.913837	1.01064	0.271243	0.0288815	13.114
10.7561	1.97657	393.226	0.914597	1.01302	0.271348	0.028813	13.0576
10.7536	1.97703	394.154	0.915356	1.0134	0.271474	0.0287769	13.0111
10.7515	1.97748	395.083	0.916114	1.01491	0.27159	0.0287219	12.9584
10.7493	1.97793	396.013	0.916872	1.01469	0.271709	0.0286983	12.9194
10.7471	1.97838	396.944	0.917629	1.01698	0.271826	0.0286295	12.8608
10.745	1.97883	397.875	0.918386	1.01838	0.27194	0.0285776	12.8107
10.7428	1.97928	398.807	0.919143	1.01989	0.272056	0.028523	12.7589
10.741	1.97972	399.74	0.919898	1.01933	0.272163	0.0285086	12.7274
10.7388	1.98016	400.674	0.920654	1.02165	0.272281	0.0284393	12.669
10.7366	1.9806	401.608	0.921409	1.02218	0.272397	0.0284029	12.6258
10.7343	1.98104	402.543	0.922163	1.02392	0.272515	0.0283445	12.5727
10.7322	1.98147	403.479	0.922917	1.02559	0.272628	0.0282882	12.5216
10.7303	1.98191	404.415	0.92367	1.02626	0.272737	0.0282511	12.4802
10.7281	1.98234	405.352	0.924423	1.02728	0.272851	0.0282068	12.4347
10.7259	1.98277	406.29	0.925175	1.02828	0.272967	0.0281623	12.3887
10.7237	1.98319	407.229	0.925927	1.02872	0.273081	0.0281284	12.348
10.7217	1.98362	408.168	0.926678	1.03083	0.273191	0.0280655	12.2956
10.7197	1.98404	409.108	0.927429	1.03261	0.273298	0.0280095	12.2471
10.7175	1.98446	410.049	0.928179	1.0326	0.273414	0.0279831	12.2095
10.7153	1.98488	410.991	0.928929	1.03298	0.273527	0.0279508	12.1704
10.7136	1.98529	411.933	0.929678	1.03623	0.273627	0.0278705	12.1132
10.7111	1.98571	412.876	0.930427	1.03649	0.273748	0.0278383	12.0724
10.7088	1.98612	413.82	0.931175	1.03613	0.273865	0.0278181	12.0379
10.7069	1.98653	414.764	0.931923	1.03848	0.27397	0.0277531	11.9869
10.7048	1.98694	415.709	0.93267	1.03997	0.27408	0.027702	11.9408
10.7027	1.98734	416.655	0.933417	1.04078	0.274191	0.0276628	11.8998
10.7006	1.98775	417.602	0.934164	1.04184	0.274299	0.02762	11.858
10.6986	1.98815	418.549	0.934909	1.04325	0.274406	0.0275711	11.814
10.6964	1.98855	419.497	0.935655	1.04409	0.274517	0.0275314	11.7731
10.6982	1.98895	420.446	0.9364	1.04976	0.274526	0.0274303	11.7279
10.6924	1.98934	421.396	0.937144	1.04632	0.274729	0.0274451	11.691
10.6902	1.98974	422.346	0.937888	1.04714	0.274842	0.0274057	11.6503
10.6881	1.99013	423.297	0.938631	1.0482	0.27495	0.0273632	11.6093
10.686	1.99052	424.248	0.939374	1.04955	0.275058	0.0273158	11.5665
10.684	1.99091	425.201	0.940117	1.05106	0.275163	0.0272661	11.5234
10.6818	1.99129	426.154	0.940859	1.05206	0.275271	0.0272248	11.4834
10.6797	1.99168	427.107	0.9416	1.05165	0.275378	0.0272082	11.454
10.6777	1.99206	428.062	0.942341	1.05318	0.275484	0.0271584	11.4111
10.6756	1.99244	429.017	0.943082	1.05523	0.275591	0.0270995	11.3644
10.6735	1.99282	429.973	0.943822	1.05663	0.275697	0.027052	11.3227
10.6715	1.9932	430.93	0.944562	1.05606	0.275801	0.0270388	11.2957
10.6694	1.99357	431.887	0.945301	1.0587	0.275906	0.0269704	11.2458
10.6674	1.99394	432.845	0.946039	1.05973	0.276012	0.0269297	11.2074
10.6653	1.99432	433.804	0.946778	1.06128	0.276118	0.0268798	11.1651
10.6632	1.99469	434.763	0.947515	1.06174	0.276222	0.0268493	11.1315
10.6658	1.99506	435.723	0.948253	1.06841	0.276206	0.0267392	11.0889
10.6626	1.99542	436.684	0.94899	1.06833	0.276338	0.0267119	11.0512
10.6571	1.99578	437.646	0.949726	1.06542	0.276532	0.0267191	11.0156
10.655	1.99614	438.608	0.950462	1.06653	0.276637	0.0266775	10.9776
10.653	1.99651	439.571	0.951197	1.06653	0.276738	0.0266554	10.9484
10.6508	1.99686	440.535	0.951932	1.06829	0.276846	0.0266021	10.9052
10.6488	1.99722	441.499	0.952667	1.07057	0.276946	0.0265421	10.8611
10.6468	1.99757	442.465	0.953401	1.06986	0.277047	0.0265322	10.8372
10.6445	1.99793	443.43	0.954135	1.07221	0.277158	0.0264688	10.7897
10.6427	1.99828	444.397	0.954868	1.07212	0.277253	0.0264496	10.7634
10.6407	1.99863	445.364	0.955601	1.07414	0.277354	0.0263941	10.7212
10.6386	1.99898	446.332	0.956333	1.07448	0.277455	0.0263665	10.6904
10.6366	1.99932	447.301	0.957065	1.07554	0.277556	0.026327	10.655
10.6346	1.99967	448.27	0.957796	1.07819	0.277657	0.0262613	10.6092
10.6323	2.00001	449.24	0.958527	1.07847	0.277765	0.0262335	10.5774
10.6307	2.00035	450.211	0.959258	1.08086	0.277852	0.026175	10.5372
10.6285	2.00069	451.182	0.959988	1.08144	0.277957	0.0261431	10.5046
10.6265	2.00103	452.155	0.960718	1.08195	0.278055	0.0261137	10.4742
10.6245	2.00136	453.128	0.961447	1.08271	0.278156	0.0260797	10.4417
10.6225	2.00169	454.101	0.962176	1.08406	0.278254	0.0260366	10.4061
10.6202	2.00203	455.075	0.962904	1.08574	0.278361	0.0259861	10.366
10.6186	2.00236	456.05	0.963632	1.08699	0.278449	0.0259469	10.334
10.6162	2.00269	457.026	0.964359	1.08667	0.278559	0.0259289	10.3064
10.6144	2.00301	458.002	0.965086	1.08947	0.278649	0.0258638	10.2639
10.6123	2.00334	458.979	0.965813	1.08927	0.27875	0.0258458	10.2383
10.6103	2.00366	459.957	0.966539	1.09093	0.278848	0.0257978	10.2013
10.6084	2.00399	460.936	0.967264	1.09107	0.278944	0.0257754	10.1749
10.606	2.00431	461.915	0.967989	1.09105	0.27905	0.0257532	10.1467
10.6043	2.00463	462.895	0.968714	1.09482	0.279139	0.0256733	10.0992
10.6023	2.00494	463.875	0.969438	1.09563	0.279236	0.0256398	10.0686
10.6003	2.00526	464.856	0.970162	1.09548	0.279333	0.0256218	10.044
10.5983	2.00557	465.838	0.970886	1.09776	0.279429	0.0255648	10.0045
10.5964	2.00588	466.821	0.971609	1.09818	0.279523	0.0255384	9.97735
10.5943	2.00619	467.804	0.972331	1.09995	0.279621	0.0254893	9.94069
10.5921	2.0065	468.788	0.973053	1.10131	0.279723	0.0254462	9.90592
10.5899	2.00681	469.773	0.973775	1.10013	0.279824	0.0254439	9.88704
10.5886	2.00712	470.758	0.974496	1.1034	0.279902	0.0253752	9.8466
10.5867	2.00742	471.745	0.975217	1.10455	0.279994	0.0253379	9.81609
10.5844	2.00772	472.731	0.975938	1.10596	0.280097	0.0252938	9.78094
10.5824	2.00803	473.719	0.976658	1.10539	0.280193	0.0252831	9.76012
10.5804	2.00832	474.707	0.977377	1.1075	0.280288	0.0252297	9.72298
10.5784	2.00862	475.696	0.978096	1.10886	0.28038	0.0251889	9.69133
10.5762	2.00892	476.685	0.978815	1.10799	0.280481	0.025182	9.67128
10.5741	2.00921	477.676	0.979533	1.11082	0.280577	0.0251171	9.6298
10.5725	2.00951	478.667	0.980251	1.11199	0.28066	0.0250814	9.60185
10.5705	2.0098	479.658	0.980968	1.11299	0.280756	0.0250459	9.57189
10.5686	2.01009	480.65	0.981685	1.1132	0.280847	0.0250241	9.5482
10.5666	2.01038	481.643	0.982402	1.11471	0.280941	0.0249809	9.51573
10.5646	2.01066	482.637	0.983118	1.11632	0.281033	0.0249368	9.48345
10.5626	2.01095	483.631	0.983834	1.11732	0.281126	0.0249018	9.45433
10.5606	2.01124	484.626	0.984549	1.11846	0.281218	0.0248651	9.42497
10.5582	2.01152	485.622	0.985264	1.11897	0.281322	0.024836	9.39664
10.5567	2.0118	486.619	0.985978	1.12059	0.281403	0.024794	9.36723
10.5548	2.01208	487.616	0.986692	1.12042	0.281492	0.0247786	9.34657
10.5528	2.01236	488.613	0.987406	1.12335	0.281584	0.0247141	9.307
10.5508	2.01263	489.612	0.988119	1.12452	0.281677	0.0246771	9.27776
10.5487	2.01291	490.611	0.988832	1.12517	0.28177	0.0246482	9.25165
10.5466	2.01318	491.611	0.989544	1.12636	0.281866	0.0246103	9.22181
10.5448	2.01346	492.611	0.990256	1.12683	0.281953	0.0245854	9.19826
10.5428	2.01373	493.612	0.990968	1.12766	0.282044	0.0245541	9.17163
10.5408	2.014	494.614	0.991679	1.12907	0.282135	0.0245141	9.14204
10.5386	2.01426	495.617	0.99239	1.12976	0.282231	0.0244841	9.11528
10.5372	2.01453	496.62	0.9931	1.1314	0.282305	0.0244439	9.08843
10.535	2.0148	497.624	0.99381	1.13294	0.282403	0.0244004	9.05653
10.5328	2.01506	498.629	0.99452	1.13245	0.282497	0.0243892	9.03725
10.5311	2.01532	499.634	0.995229	1.13523	0.28258	0.0243298	9.002
10.5292	2.01558	500.64	0.995938	1.13546	0.282668	0.0243088	8.98029
10.5271	2.01584	501.646	0.996646	1.13514	0.282762	0.0242949	8.96028
10.5252	2.0161	502.654	0.997354	1.13687	0.282848	0.0242513	8.93056
10.5232	2.01636	503.662	0.998061	1.13848	0.282939	0.0242085	8.90045
10.5215	2.01661	504.67	0.998768	1.13992	0.283019	0.0241706	8.87392
10.5201	2.01687	505.68	0.999475	1.14156	0.283093	0.0241308	8.84771
10.5178	2.01712	506.69	1.00018	1.14235	0.28319	0.0240997	8.82125
10.5159	2.01737	507.7	1.00089	1.14384	0.283277	0.0240599	8.79323
10.5136	2.01762	508.712	1.00159	1.14313	0.283373	0.0240515	8.7752
10.5121	2.01787	509.724	1.0023	1.14476	0.283448	0.0240122	8.74939
10.51	2.01812	510.736	1.003	1.14526	0.283539	0.0239865	8.72585
10.5081	2.01836	511.75	1.00371	1.14814	0.283625	0.023926	8.69067
10.5058	2.01861	512.764	1.00441	1.14803	0.283722	0.0239088	8.66968
10.5039	2.01885	513.778	1.00512	1.14923	0.283807	0.023874	8.64403
10.5021	2.01909	514.794	1.00582	1.15018	0.283891	0.023843	8.62005
10.5005	2.01933	515.81	1.00652	1.15239	0.283969	0.0237948	8.59089
10.4991	2.01957	516.826	1.00722	1.15265	0.284038	0.0237772	8.57401
10.4971	2.01981	517.844	1.00793	1.15333	0.284128	0.0237496	8.55061
10.4945	2.02005	518.862	1.00863	1.15366	0.284231	0.0237245	8.52609
10.4925	2.02028	519.881	1.00933	1.15578	0.284318	0.0236759	8.49562
10.4916	2.02052	520.9	1.01003	1.158	0.284375	0.0236316	8.47124
10.489	2.02075	521.92	1.01073	1.15886	0.284478	0.0235988	8.44416
10.4871	2.02098	522.941	1.01143	1.15902	0.284561	0.0235803	8.4252
10.486	2.02121	523.962	1.01213	1.16127	0.284625	0.0235346	8.39945
10.4832	2.02144	524.984	1.01283	1.16136	0.284732	0.0235124	8.37574
10.4811	2.02166	526.007	1.01353	1.16205	0.284821	0.0234851	8.35299
10.4795	2.02189	527.03	1.01423	1.16203	0.284896	0.0234709	8.33692
10.4775	2.02212	528.054	1.01492	1.16447	0.284983	0.0234182	8.30556
10.4755	2.02234	529.079	1.01562	1.16541	0.285068	0.0233878	8.28238
10.4739	2.02256	530.104	1.01632	1.16678	0.285144	0.0233531	8.25915
10.4727	2.02278	531.13	1.01702	1.16904	0.285208	0.0233075	8.23372
10.4699	2.023	532.157	1.01771	1.16865	0.285315	0.0232926	8.21298
10.4681	2.02322	533.185	1.01841	1.16981	0.285395	0.0232604	8.19016
10.467	2.02344	534.213	1.01911	1.17177	0.285457	0.0232197	8.16696
10.4645	2.02366	535.241	1.0198	1.17156	0.285555	0.0232043	8.14765
10.4624	2.02387	536.271	1.0205	1.17293	0.285643	0.0231675	8.12214
10.4603	2.02408	537.301	1.02119	1.17441	0.28573	0.0231293	8.09647
10.4588	2.0243	538.331	1.02189	1.17445	0.285799	0.0231155	8.08175
10.4577	2.02451	539.363	1.02258	1.17644	0.28586	0.023075	8.0591
10.455	2.02472	540.395	1.02327	1.17719	0.285963	0.0230446	8.03393
10.453	2.02493	541.427	1.02397	1.17814	0.286048	0.0230146	8.01158
10.4511	2.02513	542.461	1.02466	1.17939	0.286129	0.0229812	7.98865
10.4499	2.02534	543.495	1.02535	1.18002	0.28619	0.0229603	7.97281
10.4476	2.02555	544.529	1.02604	1.18164	0.286282	0.0229197	7.94591
10.4461	2.02575	545.565	1.02674	1.18279	0.286352	0.0228899	7.92589
10.4437	2.02595	546.601	1.02743	1.1834	0.286448	0.0228629	7.90327
10.4419	2.02615	547.637	1.02812	1.18404	0.286527	0.0228389	7.88412
10.44	2.02636	548.675	1.02881	1.18448	0.286606	0.0228179	7.86611
10.4383	2.02655	549.713	1.0295	1.18753	0.286681	0.0227598	7.83574
10.4365	2.02675	550.751	1.03019	1.18777	0.286759	0.0227419	7.819
10.4347	2.02695	551.79	1.03088	1.18806	0.286836	0.0227233	7.80214
10.4323	2.02715	552.83	1.03157	1.189	0.28693	0.0226922	7.77864
10.4313	2.02734	553.871	1.03226	1.19149	0.286985	0.0226464	7.75555
10.4291	2.02753	554.912	1.03295	1.19235	0.287073	0.0226177	7.73381
10.4272	2.02773	555.954	1.03363	1.1934	0.287153	0.022588	7.71299
10.4258	2.02792	556.996	1.03432	1.19467	0.287219	0.0225575	7.69363
10.4237	2.02811	558.04	1.03501	1.19538	0.287304	0.0225317	7.67352
10.4213	2.0283	559.083	1.0357	1.19598	0.287395	0.0225063	7.65269
10.4198	2.02849	560.128	1.03638	1.19703	0.287464	0.0224787	7.63423
10.4186	2.02867	561.173	1.03707	1.19788	0.287523	0.0224558	7.6186
10.416	2.02886	562.219	1.03775	1.19969	0.287622	0.0224119	7.59065
10.4143	2.02904	563.265	1.03844	1.20096	0.287695	0.0223805	7.5704
10.4125	2.02923	564.312	1.03913	1.20144	0.287771	0.0223598	7.55339
10.4106	2.02941	565.36	1.03981	1.20269	0.287849	0.0223278	7.5323
10.4093	2.02959	566.408	1.04049	1.20415	0.287909	0.0222961	7.51378
10.4074	2.02977	567.458	1.04118	1.20532	0.287989	0.0222653	7.49307
10.4057	2.02995	568.507	1.04186	1.20585	0.288062	0.0222443	7.47654
10.4039	2.03013	569.558	1.04255	1.20601	0.288137	0.0222284	7.46143
10.4016	2.0303	570.609	1.04323	1.20688	0.288226	0.0221999	7.4404
10.3997	2.03048	571.66	1.04391	1.20754	0.288302	0.0221768	7.42284
10.3979	2.03065	572.712	1.04459	1.2096	0.288378	0.0221342	7.39881
10.3967	2.03083	573.765	1.04528	1.21113	0.288436	0.0221022	7.38066
10.3943	2.031	574.819	1.04596	1.21249	0.288527	0.022067	7.35736
10.3926	2.03117	575.873	1.04664	1.2113	0.288599	0.0220703	7.34931
10.3906	2.03134	576.928	1.04732	1.21431	0.288678	0.0220142	7.3206
10.3888	2.03151	577.984	1.048	1.21366	0.288752	0.0220097	7.3097
10.3869	2.03168	579.04	1.04868	1.21433	0.288828	0.0219867	7.29241
10.3849	2.03185	580.096	1.04936	1.21614	0.288908	0.0219471	7.26917
10.3833	2.03202	581.154	1.05004	1.21661	0.288977	0.0219282	7.2543
10.3821	2.03218	582.212	1.05072	1.21961	0.289034	0.0218765	7.23004
10.3798	2.03234	583.271	1.0514	1.22054	0.289122	0.0218479	7.20964
10.3778	2.03251	584.33	1.05208	1.22148	0.289199	0.0218211	7.19115
10.3761	2.03267	585.39	1.05276	1.22219	0.289272	0.0217983	7.17469
10.3745	2.03283	586.451	1.05343	1.22304	0.289338	0.0217747	7.15864
10.373	2.03299	587.512	1.05411	1.22489	0.289401	0.021738	7.1388
10.3708	2.03315	588.574	1.05479	1.22529	0.289487	0.0217173	7.12147
10.3693	2.03331	589.637	1.05546	1.22557	0.289551	0.0217021	7.10868
10.3674	2.03347	590.7	1.05614	1.22649	0.289628	0.0216757	7.09058
10.3654	2.03362	591.764	1.05682	1.22843	0.289706	0.0216353	7.06785
10.3635	2.03378	592.828	1.05749	1.22965	0.28978	0.0216054	7.04902
10.3623	2.03393	593.893	1.05817	1.22977	0.289835	0.0215941	7.03871
10.36	2.03408	594.959	1.05884	1.23011	0.28992	0.0215742	7.02182
10.3583	2.03424	596.026	1.05952	1.23309	0.28999	0.0215215	6.99624
10.3563	2.03439	597.093	1.06019	1.2322	0.290067	0.0215199	6.98644
10.3546	2.03454	598.16	1.06087	1.23419	0.290138	0.0214804	6.96513
10.3531	2.03469	599.229	1.06154	1.23427	0.2902	0.0214682	6.95371
10.3511	2.03484	600.298	1.06221	1.23701	0.290277	0.0214178	6.92822
10.3498	2.03498	601.367	1.06289	1.23851	0.290334	0.0213874	6.91157
10.3477	2.03513	602.438	1.06356	1.23835	0.290415	0.0213752	6.89796
10.346	2.03528	603.509	1.06423	1.23848	0.290485	0.0213613	6.88522
10.3441	2.03542	604.58	1.06491	1.23979	0.290557	0.021331	6.86689
10.3424	2.03556	605.652	1.06558	1.24116	0.290627	0.0213002	6.84873
10.3406	2.03571	606.725	1.06625	1.24165	0.290697	0.0212814	6.83444
10.3387	2.03585	607.798	1.06692	1.24314	0.290772	0.0212484	6.81515
10.3369	2.03599	608.873	1.06759	1.24467	0.290841	0.0212159	6.79662
10.3349	2.03613	609.947	1.06826	1.24451	0.290919	0.0212044	6.78385
10.3336	2.03627	611.023	1.06893	1.24663	0.290975	0.0211664	6.76518
10.3316	2.03641	612.099	1.0696	1.24658	0.29105	0.021154	6.75251
10.3332	2.03654	613.175	1.07027	1.25284	0.291025	0.0210751	6.73022
10.3283	2.03668	614.252	1.07094	1.24953	0.291183	0.0210915	6.71711
10.3266	2.03681	615.33	1.07161	1.25031	0.291249	0.0210698	6.70269
10.3247	2.03695	616.409	1.07228	1.25018	0.291323	0.0210587	6.69064
10.3226	2.03708	617.488	1.07295	1.25214	0.291401	0.0210191	6.66915
10.3208	2.03721	618.568	1.07361	1.25267	0.29147	0.021	6.65513
10.3196	2.03735	619.648	1.07428	1.25462	0.291522	0.0209655	6.63833
10.318	2.03748	620.729	1.07495	1.25546	0.291586	0.0209432	6.62398
10.3163	2.03761	621.811	1.07561	1.25752	0.291655	0.0209043	6.60388
10.3145	2.03773	622.893	1.07628	1.25701	0.291723	0.0208992	6.59456
10.3125	2.03786	623.976	1.07695	1.2582	0.291798	0.0208707	6.5771
10.3111	2.03799	625.06	1.07761	1.25994	0.291856	0.020838	6.56027
10.3089	2.03812	626.144	1.07828	1.2607	0.291935	0.0208143	6.54394
10.3073	2.03824	627.228	1.07894	1.2617	0.291998	0.0207904	6.52939
10.3054	2.03837	628.314	1.07961	1.26306	0.292071	0.0207602	6.51176
10.3037	2.03849	629.4	1.08027	1.26418	0.292136	0.0207345	6.49647
10.3021	2.03861	630.487	1.08094	1.26457	0.292198	0.0207188	6.48459
10.3002	2.03873	631.574	1.0816	1.26449	0.29227	0.0207075	6.47314
10.2987	2.03885	632.662	1.08227	1.26716	0.292332	0.0206622	6.45213
10.2972	2.03897	633.75	1.08293	1.26774	0.292389	0.0206449	6.44043
10.2955	2.03909	634.84	1.08359	1.26812	0.292457	0.0206284	6.42778
10.2936	2.03921	635.929	1.08425	1.26926	0.292528	0.0206016	6.41169
10.2917	2.03933	637.02	1.08492	1.27113	0.292597	0.0205658	6.39303
10.29	2.03945	638.111	1.08558	1.2706	0.292663	0.0205614	6.38446
10.288	2.03956	639.203	1.08624	1.27194	0.292735	0.0205318	6.3674
10.2871	2.03968	640.295	1.0869	1.27422	0.292779	0.0204949	6.35117
10.2848	2.03979	641.388	1.08756	1.27335	0.292861	0.0204923	6.34149
10.2832	2.0399	642.482	1.08822	1.2752	0.292922	0.0204581	6.32432
10.2814	2.04002	643.576	1.08888	1.27539	0.292991	0.0204442	6.31258
10.2795	2.04013	644.67	1.08954	1.27793	0.29306	0.0203999	6.29155
10.278	2.04024	645.766	1.0902	1.27781	0.29312	0.0203914	6.28244
10.2762	2.04035	646.862	1.09086	1.27941	0.293185	0.0203599	6.26584
10.2751	2.04046	647.959	1.09152	1.27999	0.293233	0.0203443	6.25586
10.273	2.04056	649.056	1.09218	1.28158	0.293309	0.0203114	6.23764
10.2712	2.04067	650.154	1.09284	1.28151	0.293375	0.0203011	6.22745
10.2695	2.04078	651.252	1.0935	1.28411	0.293438	0.0202575	6.20742
10.2677	2.04088	652.352	1.09416	1.28383	0.293506	0.0202498	6.19791
10.2659	2.04099	653.451	1.09481	1.2852	0.293571	0.0202214	6.18239
10.2643	2.04109	654.552	1.09547	1.28553	0.293633	0.0202069	6.17137
10.2629	2.0412	655.653	1.09613	1.28825	0.293687	0.0201633	6.15241
10.261	2.0413	656.754	1.09679	1.28775	0.293757	0.0201581	6.14349
10.2592	2.0414	657.857	1.09744	1.2881	0.293823	0.0201427	6.1319
10.2577	2.0415	658.959	1.0981	1.29086	0.293881	0.0200982	6.1124
10.2559	2.0416	660.063	1.09875	1.29012	0.293948	0.0200964	6.10483
10.2542	2.0417	661.167	1.09941	1.29213	0.294009	0.0200609	6.08774
10.2531	2.0418	662.272	1.10007	1.29422	0.294056	0.0200267	6.07245
10.2507	2.0419	663.377	1.10072	1.29301	0.294139	0.0200284	6.06447
10.2491	2.042	664.483	1.10137	1.29498	0.294198	0.0199938	6.04786
10.2474	2.04209	665.59	1.10203	1.29532	0.29426	0.0199793	6.03716
10.2458	2.04219	666.697	1.10268	1.29657	0.294321	0.0199536	6.02317
10.2441	2.04228	667.805	1.10334	1.29757	0.294384	0.0199306	6.00972
10.2425	2.04238	668.913	1.10399	1.29917	0.294444	0.0199007	5.99465
10.2411	2.04247	670.022	1.10464	1.30001	0.294498	0.0198815	5.9834
10.2387	2.04256	671.132	1.1053	1.30016	0.294579	0.0198663	5.97062
10.237	2.04265	672.242	1.10595	1.30179	0.29464	0.0198359	5.95526
10.2386	2.04275	673.353	1.1066	1.30671	0.294608	0.0197798	5.94172
10.2342	2.04283	674.464	1.10725	1.3023	0.294749	0.0198118	5.9371
10.2325	2.04293	675.576	1.10791	1.30416	0.294809	0.0197787	5.92107
10.2311	2.04301	676.689	1.10856	1.3055	0.294864	0.0197532	5.90799
10.2293	2.0431	677.802	1.10921	1.3066	0.294927	0.0197293	5.89456
10.2278	2.04319	678.916	1.10986	1.30657	0.294985	0.0197202	5.88606
10.2256	2.04328	680.031	1.11051	1.3091	0.29506	0.0196767	5.86554
10.224	2.04336	681.146	1.11116	1.30946	0.295116	0.0196631	5.85592
10.2231	2.04345	682.262	1.11181	1.31104	0.295156	0.0196373	5.84433
10.2213	2.04353	683.378	1.11246	1.31245	0.295221	0.0196092	5.82952
10.2192	2.04361	684.495	1.11311	1.31319	0.295294	0.0195884	5.81618
10.2174	2.0437	685.613	1.11376	1.3144	0.295356	0.0195633	5.80255
10.2157	2.04378	686.731	1.11441	1.31344	0.295417	0.0195654	5.79718
10.2142	2.04386	687.85	1.11505	1.31489	0.295472	0.0195387	5.78393
10.2128	2.04394	688.969	1.1157	1.31706	0.295526	0.0195034	5.76819
10.2108	2.04402	690.089	1.11635	1.31608	0.295596	0.0195042	5.76164
10.2093	2.0441	691.21	1.117	1.31757	0.295651	0.0194771	5.74832
10.2076	2.04418	692.331	1.11765	1.31847	0.295711	0.0194563	5.73627
10.2062	2.04426	693.453	1.11829	1.31982	0.295761	0.0194319	5.72428
10.2042	2.04433	694.576	1.11894	1.32006	0.295832	0.0194175	5.71313
10.2025	2.04441	695.699	1.11959	1.32126	0.295891	0.0193935	5.70045
10.2011	2.04449	696.822	1.12023	1.32362	0.295944	0.0193562	5.68433
10.1992	2.04456	697.947	1.12088	1.32277	0.296009	0.0193563	5.67818
10.201	2.04464	699.071	1.12152	1.32775	0.295967	0.0193022	5.66627
10.196	2.04471	700.197	1.12217	1.32599	0.296123	0.0192989	5.6504
10.1944	2.04478	701.323	1.12281	1.32686	0.296181	0.0192791	5.63907
10.1927	2.04486	702.45	1.12346	1.32736	0.296239	0.0192639	5.62912
10.1914	2.04493	703.577	1.1241	1.32887	0.296288	0.019238	5.61695
10.1896	2.045	704.705	1.12475	1.32991	0.296352	0.0192152	5.6042
10.1879	2.04507	705.834	1.12539	1.33083	0.296412	0.0191946	5.59251
10.1864	2.04514	706.963	1.12603	1.33192	0.296464	0.0191731	5.58141
10.1847	2.04521	708.092	1.12668	1.33296	0.296523	0.0191513	5.56948
10.1832	2.04528	709.223	1.12732	1.33391	0.296579	0.0191311	5.55837
10.1813	2.04534	710.354	1.12796	1.33384	0.296642	0.019122	5.5498
10.1799	2.04541	711.485	1.12861	1.33578	0.296693	0.0190906	5.53597
10.1782	2.04548	712.617	1.12925	1.33586	0.296753	0.0190802	5.52733
10.1765	2.04554	713.75	1.12989	1.33743	0.296812	0.0190521	5.51375
10.175	2.04561	714.883	1.13053	1.33644	0.296865	0.0190556	5.50978
10.1734	2.04567	716.017	1.13117	1.33961	0.29692	0.0190091	5.49125
10.1717	2.04573	717.152	1.13181	1.33956	0.296979	0.0190006	5.4834
10.1705	2.0458	718.287	1.13246	1.34183	0.297024	0.0189663	5.46937
10.1685	2.04586	719.423	1.1331	1.34261	0.297091	0.0189466	5.45749
10.1669	2.04592	720.559	1.13374	1.3426	0.297148	0.0189378	5.4497
10.1651	2.04598	721.696	1.13438	1.34452	0.297208	0.0189055	5.43493
10.1638	2.04604	722.834	1.13502	1.34508	0.297256	0.0188914	5.42647
10.162	2.0461	723.972	1.13565	1.34603	0.297317	0.0188708	5.41506
10.1604	2.04616	725.11	1.13629	1.34666	0.297371	0.0188548	5.40551
10.1588	2.04622	726.25	1.13693	1.34835	0.297428	0.0188259	5.39209
10.1571	2.04628	727.39	1.13757	1.3476	0.297485	0.018826	5.38693
10.1555	2.04633	728.53	1.13821	1.35017	0.297539	0.0187871	5.3709
10.1534	2.04639	729.671	1.13885	1.34999	0.297611	0.0187782	5.36193
10.1524	2.04645	730.813	1.13949	1.35092	0.297646	0.0187617	5.35399
10.1508	2.0465	731.955	1.14012	1.3533	0.297703	0.018725	5.33846
10.1492	2.04656	733.098	1.14076	1.35289	0.297757	0.0187215	5.33264
10.1476	2.04661	734.242	1.1414	1.35467	0.297812	0.0186921	5.31935
10.146	2.04666	735.386	1.14203	1.35567	0.297867	0.0186718	5.30866
10.1443	2.04672	736.531	1.14267	1.35619	0.297926	0.0186567	5.29912
10.1428	2.04677	737.676	1.14331	1.35607	0.297975	0.0186505	5.29296
10.1417	2.04682	738.822	1.14394	1.35858	0.298015	0.018615	5.27935
10.14	2.04687	739.968	1.14458	1.3595	0.298075	0.0185949	5.26834
10.138	2.04692	741.115	1.14521	1.36	0.29814	0.0185792	5.25818
10.1365	2.04697	742.263	1.14585	1.36076	0.298192	0.0185624	5.24885
10.1349	2.04702	743.411	1.14648	1.3616	0.298246	0.0185443	5.23896
10.1334	2.04707	744.56	1.14712	1.36165	0.298297	0.0185359	5.23208
10.1317	2.04712	745.71	1.14775	1.36251	0.298353	0.0185175	5.22204
10.1302	2.04717	746.86	1.14839	1.36432	0.298405	0.0184884	5.20927
10.1287	2.04721	748.01	1.14902	1.36441	0.298456	0.0184796	5.20238
10.1271	2.04726	749.162	1.14965	1.3654	0.298508	0.0184601	5.1923
10.1255	2.0473	750.314	1.15029	1.36631	0.298565	0.0184411	5.18208
10.1239	2.04735	751.466	1.15092	1.36854	0.298618	0.0184071	5.16789
10.1224	2.04739	752.619	1.15155	1.36738	0.298668	0.018413	5.16525
10.1207	2.04744	753.773	1.15218	1.36955	0.298724	0.0183793	5.15093
10.1194	2.04748	754.927	1.15282	1.36963	0.298769	0.0183715	5.14485
10.1177	2.04752	756.082	1.15345	1.37236	0.298826	0.0183314	5.12872
10.1162	2.04757	757.237	1.15408	1.37334	0.298878	0.0183124	5.11903
10.1145	2.04761	758.393	1.15471	1.37268	0.298933	0.0183116	5.11402
10.113	2.04765	759.549	1.15534	1.37458	0.298982	0.0182824	5.10173
10.1115	2.04769	760.707	1.15597	1.37584	0.299034	0.0182601	5.09107
10.1099	2.04773	761.864	1.1566	1.37567	0.299085	0.0182544	5.0851
10.1085	2.04777	763.023	1.15723	1.37733	0.299133	0.018228	5.07369
10.1067	2.04781	764.181	1.15786	1.37769	0.299192	0.0182151	5.06514
10.1055	2.04785	765.341	1.15849	1.37992	0.299234	0.0181833	5.05278
10.1036	2.04788	766.501	1.15912	1.38049	0.299297	0.0181674	5.04302
10.1019	2.04792	767.662	1.15975	1.37997	0.29935	0.0181655	5.03804
10.1005	2.04796	768.823	1.16038	1.38203	0.299398	0.0181348	5.02548
10.0991	2.04799	769.985	1.16101	1.384	0.299445	0.0181052	5.01337
10.0975	2.04803	771.147	1.16164	1.38316	0.299498	0.0181068	5.00934
10.0962	2.04806	772.31	1.16227	1.38427	0.299542	0.0180877	5.00035
10.0943	2.0481	773.474	1.1629	1.38559	0.299603	0.0180637	4.98871
10.0928	2.04813	774.638	1.16352	1.38588	0.299653	0.0180529	4.98152
10.0913	2.04816	775.803	1.16415	1.38803	0.299702	0.0180212	4.96869
10.0897	2.0482	776.968	1.16478	1.38898	0.299753	0.0180029	4.95946
10.0881	2.04823	778.134	1.16541	1.38953	0.299807	0.0179887	4.95108
10.0865	2.04826	779.301	1.16603	1.38967	0.299857	0.0179798	4.9445
10.0851	2.04829	780.468	1.16666	1.39165	0.299906	0.0179501	4.93235
10.0836	2.04832	781.635	1.16729	1.39138	0.299952	0.0179463	4.92743
10.0823	2.04835	782.804	1.16791	1.39379	0.299997	0.0179124	4.91446
10.0805	2.04838	783.973	1.16854	1.3938	0.300056	0.0179037	4.90726
10.0789	2.04841	785.142	1.16916	1.3949	0.300107	0.0178838	4.8977
10.0772	2.04844	786.312	1.16979	1.39442	0.300161	0.0178813	4.8926
10.0759	2.04847	787.483	1.17041	1.39593	0.300203	0.0178582	4.88285
10.0744	2.04849	788.654	1.17104	1.39802	0.300252	0.0178274	4.87039
10.0728	2.04852	789.826	1.17166	1.39742	0.300303	0.0178267	4.86608
10.0714	2.04855	790.998	1.17229	1.39795	0.30035	0.017814	4.85887
10.0698	2.04857	792.171	1.17291	1.39935	0.300401	0.0177908	4.8484
10.0687	2.0486	793.344	1.17353	1.40065	0.300438	0.0177707	4.83989
10.0664	2.04862	794.518	1.17416	1.40173	0.300511	0.0177481	4.82789
10.0651	2.04865	795.693	1.17478	1.40324	0.300551	0.0177254	4.81851
10.0639	2.04867	796.868	1.1754	1.40327	0.300593	0.0177189	4.81339
10.0621	2.0487	798.044	1.17603	1.40292	0.300648	0.0177148	4.80788
10.0608	2.04872	799.221	1.17665	1.40525	0.300692	0.0176825	4.79564
10.0591	2.04874	800.398	1.17727	1.4068	0.300746	0.0176574	4.78448
10.0576	2.04876	801.575	1.17789	1.40623	0.300793	0.0176569	4.78063
10.056	2.04878	802.753	1.17852	1.40855	0.300844	0.0176236	4.76757
10.0546	2.0488	803.932	1.17914	1.40807	0.30089	0.0176224	4.76359
10.0536	2.04883	805.111	1.17976	1.40867	0.300922	0.0176112	4.75803
10.0516	2.04884	806.291	1.18038	1.41038	0.300986	0.0175829	4.74536
10.0501	2.04886	807.472	1.181	1.41202	0.301032	0.017558	4.73502
10.0486	2.04888	808.653	1.18162	1.41171	0.30108	0.0175546	4.73033
10.0471	2.0489	809.834	1.18224	1.4129	0.301129	0.0175344	4.72107
10.0456	2.04892	811.017	1.18286	1.4143	0.301175	0.0175123	4.7115
10.0441	2.04894	812.199	1.18348	1.41372	0.301224	0.0175117	4.70747
10.0425	2.04895	813.383	1.1841	1.41663	0.301275	0.0174724	4.69295
10.0411	2.04897	814.567	1.18472	1.41628	0.301318	0.0174701	4.68901
10.0395	2.04898	815.751	1.18534	1.41708	0.301368	0.0174539	4.68073
10.0381	2.049	816.936	1.18596	1.41862	0.301412	0.0174309	4.67119
10.0365	2.04901	818.122	1.18658	1.41954	0.301461	0.0174136	4.66272
10.0351	2.04903	819.308	1.1872	1.41982	0.301506	0.0174041	4.65672
10.0335	2.04904	820.495	1.18781	1.42089	0.301557	0.0173852	4.64771
10.032	2.04906	821.682	1.18843	1.42258	0.301603	0.0173601	4.63748
10.0305	2.04907	822.87	1.18905	1.42233	0.30165	0.0173562	4.63282
10.0291	2.04908	824.059	1.18967	1.42301	0.301694	0.0173425	4.62577
10.0277	2.04909	825.248	1.19028	1.42556	0.30174	0.0173081	4.61312
10.0262	2.04911	826.437	1.1909	1.42641	0.301787	0.0172921	4.60525
10.0247	2.04912	827.628	1.19152	1.42576	0.301834	0.0172926	4.6018
10.0231	2.04913	828.818	1.19213	1.4282	0.301882	0.0172592	4.58927
10.0218	2.04914	830.01	1.19275	1.42915	0.301922	0.0172432	4.58194
10.0204	2.04915	831.202	1.19337	1.42841	0.301968	0.0172447	4.57886
10.0188	2.04916	832.394	1.19398	1.42964	0.302017	0.0172244	4.56975
10.0173	2.04917	833.587	1.1946	1.43182	0.302062	0.0171943	4.55838
10.016	2.04918	834.781	1.19521	1.43166	0.302104	0.0171903	4.55421
10.0145	2.04918	835.975	1.19583	1.43308	0.302151	0.0171683	4.54483
10.0128	2.04919	837.17	1.19644	1.4337	0.302201	0.0171545	4.53739
10.0114	2.0492	838.365	1.19706	1.43435	0.302246	0.0171412	4.53052
10.0101	2.0492	839.561	1.19767	1.43578	0.302285	0.0171201	4.52199
10.0085	2.04921	840.758	1.19829	1.43571	0.302334	0.0171141	4.51676
10.007	2.04922	841.955	1.1989	1.4367	0.302381	0.0170968	4.50869
10.0056	2.04922	843.153	1.19951	1.43789	0.302425	0.0170779	4.50042
10.0041	2.04922	844.351	1.20013	1.4385	0.302471	0.0170649	4.4936
10.0026	2.04923	845.55	1.20074	1.43943	0.302515	0.0170488	4.48608
10.0014	2.04923	846.749	1.20135	1.44016	0.302552	0.0170357	4.47987
9.99977	2.04924	847.949	1.20197	1.44079	0.302603	0.0170219	4.47251
9.99821	2.04924	849.149	1.20258	1.44163	0.302651	0.0170062	4.46486
9.99722	2.04924	850.35	1.20319	1.44387	0.302681	0.0169779	4.45521
9.99531	2.04925	851.552	1.2038	1.44376	0.302739	0.0169711	4.44911
9.99383	2.04925	852.754	1.20442	1.44411	0.302784	0.0169611	4.44319
9.99242	2.04925	853.957	1.20503	1.44472	0.302827	0.0169485	4.43674
9.99095	2.04925	855.16	1.20564	1.44541	0.302872	0.016935	4.42994
9.98958	2.04925	856.364	1.20625	1.44724	0.302914	0.0169097	4.42029
9.988	2.04925	857.569	1.20686	1.44797	0.302961	0.0168953	4.41304
