#  n_B[fm^{-3}] 	 P[dyn/cm^2] 	 rho[g/cm^3] 
  6.024E-16 	   3.500E+14 	   1.000E+00
  6.131E-16 	   3.562E+14 	   1.018E+00
  6.239E-16 	   3.625E+14 	   1.036E+00
  6.350E-16 	   3.689E+14 	   1.054E+00
  6.462E-16 	   3.755E+14 	   1.073E+00
  6.577E-16 	   3.821E+14 	   1.092E+00
  6.693E-16 	   3.889E+14 	   1.111E+00
  6.812E-16 	   3.958E+14 	   1.131E+00
  6.932E-16 	   4.028E+14 	   1.151E+00
  7.055E-16 	   4.099E+14 	   1.171E+00
  7.180E-16 	   4.172E+14 	   1.192E+00
  7.307E-16 	   4.245E+14 	   1.213E+00
  7.436E-16 	   4.321E+14 	   1.234E+00
  7.568E-16 	   4.397E+14 	   1.256E+00
  7.702E-16 	   4.475E+14 	   1.279E+00
  7.838E-16 	   4.554E+14 	   1.301E+00
  7.977E-16 	   4.635E+14 	   1.324E+00
  8.119E-16 	   4.717E+14 	   1.348E+00
  8.262E-16 	   4.800E+14 	   1.372E+00
  8.409E-16 	   4.885E+14 	   1.396E+00
  8.557E-16 	   4.972E+14 	   1.421E+00
  8.709E-16 	   5.060E+14 	   1.446E+00
  8.863E-16 	   5.150E+14 	   1.471E+00
  9.020E-16 	   5.241E+14 	   1.497E+00
  9.180E-16 	   5.334E+14 	   1.524E+00
  9.342E-16 	   5.428E+14 	   1.551E+00
  9.508E-16 	   5.524E+14 	   1.578E+00
  9.676E-16 	   5.622E+14 	   1.606E+00
  9.848E-16 	   5.721E+14 	   1.635E+00
  1.002E-15 	   5.823E+14 	   1.664E+00
  1.020E-15 	   5.926E+14 	   1.693E+00
  1.038E-15 	   6.031E+14 	   1.723E+00
  1.056E-15 	   6.138E+14 	   1.754E+00
  1.075E-15 	   6.246E+14 	   1.785E+00
  1.094E-15 	   6.357E+14 	   1.816E+00
  1.113E-15 	   6.469E+14 	   1.848E+00
  1.133E-15 	   6.584E+14 	   1.881E+00
  1.153E-15 	   6.700E+14 	   1.914E+00
  1.174E-15 	   6.819E+14 	   1.948E+00
  1.194E-15 	   6.940E+14 	   1.983E+00
  1.216E-15 	   7.063E+14 	   2.018E+00
  1.237E-15 	   7.188E+14 	   2.054E+00
  1.259E-15 	   7.315E+14 	   2.090E+00
  1.281E-15 	   7.445E+14 	   2.127E+00
  1.304E-15 	   7.576E+14 	   2.165E+00
  1.327E-15 	   7.711E+14 	   2.203E+00
  1.351E-15 	   7.847E+14 	   2.242E+00
  1.375E-15 	   7.986E+14 	   2.282E+00
  1.399E-15 	   8.127E+14 	   2.322E+00
  1.424E-15 	   8.271E+14 	   2.363E+00
  1.449E-15 	   8.418E+14 	   2.405E+00
  1.475E-15 	   8.567E+14 	   2.448E+00
  1.501E-15 	   8.719E+14 	   2.491E+00
  1.527E-15 	   8.873E+14 	   2.535E+00
  1.554E-15 	   9.030E+14 	   2.580E+00
  1.582E-15 	   9.190E+14 	   2.626E+00
  1.610E-15 	   9.353E+14 	   2.672E+00
  1.638E-15 	   9.518E+14 	   2.720E+00
  1.667E-15 	   9.687E+14 	   2.768E+00
  1.697E-15 	   9.858E+14 	   2.817E+00
  1.727E-15 	   1.003E+15 	   2.867E+00
  1.757E-15 	   1.021E+15 	   2.917E+00
  1.789E-15 	   1.039E+15 	   2.969E+00
  1.820E-15 	   1.058E+15 	   3.022E+00
  1.852E-15 	   1.076E+15 	   3.075E+00
  1.885E-15 	   1.095E+15 	   3.129E+00
  1.919E-15 	   1.115E+15 	   3.185E+00
  1.953E-15 	   1.134E+15 	   3.241E+00
  1.987E-15 	   1.155E+15 	   3.299E+00
  2.022E-15 	   1.175E+15 	   3.357E+00
  2.058E-15 	   1.196E+15 	   3.417E+00
  2.095E-15 	   1.217E+15 	   3.477E+00
  2.132E-15 	   1.239E+15 	   3.539E+00
  2.169E-15 	   1.260E+15 	   3.601E+00
  2.208E-15 	   1.283E+15 	   3.665E+00
  2.247E-15 	   1.305E+15 	   3.730E+00
  2.287E-15 	   1.329E+15 	   3.796E+00
  2.327E-15 	   1.352E+15 	   3.863E+00
  2.368E-15 	   1.376E+15 	   3.932E+00
  2.410E-15 	   1.400E+15 	   4.001E+00
  2.453E-15 	   1.425E+15 	   4.072E+00
  2.496E-15 	   1.450E+15 	   4.144E+00
  2.541E-15 	   1.476E+15 	   4.218E+00
  2.586E-15 	   1.502E+15 	   4.292E+00
  2.631E-15 	   1.529E+15 	   4.368E+00
  2.678E-15 	   1.556E+15 	   4.446E+00
  2.725E-15 	   1.584E+15 	   4.524E+00
  2.774E-15 	   1.612E+15 	   4.604E+00
  2.823E-15 	   1.640E+15 	   4.686E+00
  2.873E-15 	   1.669E+15 	   4.769E+00
  2.924E-15 	   1.699E+15 	   4.853E+00
  2.975E-15 	   1.729E+15 	   4.939E+00
  3.028E-15 	   1.759E+15 	   5.027E+00
  3.082E-15 	   1.791E+15 	   5.116E+00
  3.136E-15 	   1.822E+15 	   5.206E+00
  3.192E-15 	   1.854E+15 	   5.299E+00
  3.248E-15 	   1.887E+15 	   5.392E+00
  3.306E-15 	   1.921E+15 	   5.488E+00
  3.364E-15 	   1.955E+15 	   5.585E+00
  3.424E-15 	   1.989E+15 	   5.684E+00
  3.485E-15 	   2.025E+15 	   5.785E+00
  3.546E-15 	   2.060E+15 	   5.887E+00
  3.609E-15 	   2.097E+15 	   5.991E+00
  3.673E-15 	   2.134E+15 	   6.097E+00
  3.738E-15 	   2.172E+15 	   6.205E+00
  3.804E-15 	   2.210E+15 	   6.315E+00
  3.872E-15 	   2.249E+15 	   6.427E+00
  3.940E-15 	   2.289E+15 	   6.541E+00
  4.010E-15 	   2.330E+15 	   6.657E+00
  4.081E-15 	   2.371E+15 	   6.774E+00
  4.153E-15 	   2.413E+15 	   6.894E+00
  4.227E-15 	   2.456E+15 	   7.016E+00
  4.302E-15 	   2.499E+15 	   7.141E+00
  4.378E-15 	   2.544E+15 	   7.267E+00
  4.455E-15 	   2.589E+15 	   7.396E+00
  4.534E-15 	   2.634E+15 	   7.527E+00
  4.614E-15 	   2.681E+15 	   7.660E+00
  4.696E-15 	   2.728E+15 	   7.796E+00
  4.779E-15 	   2.777E+15 	   7.934E+00
  4.864E-15 	   2.826E+15 	   8.074E+00
  4.950E-15 	   2.876E+15 	   8.217E+00
  5.038E-15 	   2.927E+15 	   8.363E+00
  5.127E-15 	   2.979E+15 	   8.511E+00
  5.218E-15 	   3.032E+15 	   8.661E+00
  5.310E-15 	   3.085E+15 	   8.815E+00
  5.404E-15 	   3.140E+15 	   8.971E+00
  5.500E-15 	   3.195E+15 	   9.130E+00
  5.597E-15 	   3.252E+15 	   9.291E+00
  5.696E-15 	   3.310E+15 	   9.456E+00
  5.797E-15 	   3.368E+15 	   9.623E+00
  5.900E-15 	   3.428E+15 	   9.794E+00
  6.004E-15 	   3.489E+15 	   9.967E+00
  6.111E-15 	   3.550E+15 	   1.014E+01
  6.219E-15 	   3.613E+15 	   1.032E+01
  6.329E-15 	   3.677E+15 	   1.051E+01
  6.441E-15 	   3.742E+15 	   1.069E+01
  6.555E-15 	   3.809E+15 	   1.088E+01
  6.671E-15 	   3.876E+15 	   1.107E+01
  6.789E-15 	   3.945E+15 	   1.127E+01
  6.909E-15 	   4.014E+15 	   1.147E+01
  7.032E-15 	   4.086E+15 	   1.167E+01
  7.156E-15 	   4.158E+15 	   1.188E+01
  7.283E-15 	   4.232E+15 	   1.209E+01
  7.412E-15 	   4.306E+15 	   1.230E+01
  7.543E-15 	   4.383E+15 	   1.252E+01
  7.677E-15 	   4.460E+15 	   1.274E+01
  7.813E-15 	   4.539E+15 	   1.297E+01
  7.951E-15 	   4.620E+15 	   1.320E+01
  8.092E-15 	   4.701E+15 	   1.343E+01
  8.235E-15 	   4.785E+15 	   1.367E+01
  8.381E-15 	   4.869E+15 	   1.391E+01
  8.529E-15 	   4.956E+15 	   1.416E+01
  8.680E-15 	   5.043E+15 	   1.441E+01
  8.834E-15 	   5.133E+15 	   1.466E+01
  8.991E-15 	   5.224E+15 	   1.492E+01
  9.150E-15 	   5.316E+15 	   1.519E+01
  9.312E-15 	   5.410E+15 	   1.546E+01
  9.477E-15 	   5.506E+15 	   1.573E+01
  9.644E-15 	   5.604E+15 	   1.601E+01
  9.815E-15 	   5.703E+15 	   1.629E+01
  9.989E-15 	   5.804E+15 	   1.658E+01
  1.017E-14 	   5.907E+15 	   1.688E+01
  1.035E-14 	   6.011E+15 	   1.717E+01
  1.053E-14 	   6.118E+15 	   1.748E+01
  1.072E-14 	   6.226E+15 	   1.779E+01
  1.091E-14 	   6.336E+15 	   1.810E+01
  1.110E-14 	   6.448E+15 	   1.842E+01
  1.129E-14 	   6.563E+15 	   1.875E+01
  1.149E-14 	   6.679E+15 	   1.908E+01
  1.170E-14 	   6.797E+15 	   1.942E+01
  1.191E-14 	   6.918E+15 	   1.976E+01
  1.212E-14 	   7.040E+15 	   2.011E+01
  1.233E-14 	   7.165E+15 	   2.047E+01
  1.255E-14 	   7.292E+15 	   2.083E+01
  1.277E-14 	   7.421E+15 	   2.120E+01
  1.300E-14 	   7.552E+15 	   2.158E+01
  1.323E-14 	   7.686E+15 	   2.196E+01
  1.346E-14 	   7.822E+15 	   2.235E+01
  1.370E-14 	   7.961E+15 	   2.274E+01
  1.394E-14 	   8.102E+15 	   2.315E+01
  1.419E-14 	   8.245E+15 	   2.355E+01
  1.444E-14 	   8.391E+15 	   2.397E+01
  1.470E-14 	   8.540E+15 	   2.440E+01
  1.496E-14 	   8.691E+15 	   2.483E+01
  1.522E-14 	   8.845E+15 	   2.527E+01
  1.549E-14 	   9.002E+15 	   2.572E+01
  1.577E-14 	   9.161E+15 	   2.617E+01
  1.604E-14 	   9.323E+15 	   2.663E+01
  1.633E-14 	   9.489E+15 	   2.711E+01
  1.662E-14 	   9.657E+15 	   2.759E+01
  1.691E-14 	   9.828E+15 	   2.807E+01
  1.721E-14 	   1.000E+16 	   2.857E+01
  1.752E-14 	   1.018E+16 	   2.908E+01
  1.783E-14 	   1.036E+16 	   2.959E+01
  1.814E-14 	   1.054E+16 	   3.012E+01
  1.846E-14 	   1.073E+16 	   3.065E+01
  1.879E-14 	   1.092E+16 	   3.119E+01
  1.912E-14 	   1.111E+16 	   3.174E+01
  1.946E-14 	   1.131E+16 	   3.231E+01
  1.981E-14 	   1.151E+16 	   3.288E+01
  2.016E-14 	   1.171E+16 	   3.346E+01
  2.051E-14 	   1.192E+16 	   3.405E+01
  2.088E-14 	   1.213E+16 	   3.466E+01
  2.125E-14 	   1.235E+16 	   3.527E+01
  2.162E-14 	   1.257E+16 	   3.589E+01
  2.201E-14 	   1.279E+16 	   3.653E+01
  2.240E-14 	   1.302E+16 	   3.718E+01
  2.279E-14 	   1.325E+16 	   3.784E+01
  2.320E-14 	   1.348E+16 	   3.850E+01
  2.361E-14 	   1.372E+16 	   3.919E+01
  2.402E-14 	   1.396E+16 	   3.988E+01
  2.445E-14 	   1.421E+16 	   4.059E+01
  2.488E-14 	   1.446E+16 	   4.131E+01
  2.532E-14 	   1.472E+16 	   4.204E+01
  2.577E-14 	   1.498E+16 	   4.278E+01
  2.623E-14 	   1.525E+16 	   4.354E+01
  2.669E-14 	   1.552E+16 	   4.431E+01
  2.717E-14 	   1.579E+16 	   4.509E+01
  2.765E-14 	   1.607E+16 	   4.589E+01
  2.814E-14 	   1.636E+16 	   4.671E+01
  2.863E-14 	   1.665E+16 	   4.753E+01
  2.914E-14 	   1.694E+16 	   4.837E+01
  2.966E-14 	   1.724E+16 	   4.923E+01
  3.018E-14 	   1.755E+16 	   5.010E+01
  3.072E-14 	   1.786E+16 	   5.099E+01
  3.126E-14 	   1.817E+16 	   5.189E+01
  3.181E-14 	   1.850E+16 	   5.281E+01
  3.238E-14 	   1.882E+16 	   5.375E+01
  3.295E-14 	   1.916E+16 	   5.470E+01
  3.353E-14 	   1.950E+16 	   5.567E+01
  3.413E-14 	   1.984E+16 	   5.665E+01
  3.473E-14 	   2.020E+16 	   5.766E+01
  3.535E-14 	   2.055E+16 	   5.868E+01
  3.597E-14 	   2.092E+16 	   5.972E+01
  3.661E-14 	   2.129E+16 	   6.077E+01
  3.726E-14 	   2.167E+16 	   6.185E+01
  3.792E-14 	   2.205E+16 	   6.294E+01
  3.859E-14 	   2.244E+16 	   6.406E+01
  3.927E-14 	   2.284E+16 	   6.519E+01
  3.997E-14 	   2.325E+16 	   6.635E+01
  4.068E-14 	   2.366E+16 	   6.752E+01
  4.140E-14 	   2.408E+16 	   6.872E+01
  4.213E-14 	   2.451E+16 	   6.993E+01
  4.287E-14 	   2.494E+16 	   7.117E+01
  4.363E-14 	   2.539E+16 	   7.243E+01
  4.441E-14 	   2.584E+16 	   7.372E+01
  4.519E-14 	   2.630E+16 	   7.502E+01
  4.599E-14 	   2.676E+16 	   7.635E+01
  4.681E-14 	   2.724E+16 	   7.770E+01
  4.764E-14 	   2.772E+16 	   7.908E+01
  4.848E-14 	   2.821E+16 	   8.048E+01
  4.934E-14 	   2.872E+16 	   8.190E+01
  5.021E-14 	   2.923E+16 	   8.335E+01
  5.110E-14 	   2.974E+16 	   8.483E+01
  5.201E-14 	   3.027E+16 	   8.633E+01
  5.293E-14 	   3.081E+16 	   8.786E+01
  5.386E-14 	   3.136E+16 	   8.941E+01
  5.482E-14 	   3.192E+16 	   9.100E+01
  5.579E-14 	   3.248E+16 	   9.261E+01
  5.678E-14 	   3.306E+16 	   9.425E+01
  5.778E-14 	   3.365E+16 	   9.592E+01
  5.880E-14 	   3.425E+16 	   9.762E+01
  5.985E-14 	   3.486E+16 	   9.934E+01
  6.091E-14 	   3.548E+16 	   1.011E+02
  6.198E-14 	   3.611E+16 	   1.029E+02
  6.308E-14 	   3.675E+16 	   1.047E+02
  6.420E-14 	   3.741E+16 	   1.066E+02
  6.534E-14 	   3.807E+16 	   1.085E+02
  6.649E-14 	   3.875E+16 	   1.104E+02
  6.767E-14 	   3.944E+16 	   1.123E+02
  6.887E-14 	   4.015E+16 	   1.143E+02
  7.009E-14 	   4.086E+16 	   1.163E+02
  7.133E-14 	   4.159E+16 	   1.184E+02
  7.259E-14 	   4.233E+16 	   1.205E+02
  7.388E-14 	   4.309E+16 	   1.226E+02
  7.518E-14 	   4.385E+16 	   1.248E+02
  7.652E-14 	   4.464E+16 	   1.270E+02
  7.787E-14 	   4.543E+16 	   1.293E+02
  7.925E-14 	   4.624E+16 	   1.316E+02
  8.065E-14 	   4.707E+16 	   1.339E+02
  8.208E-14 	   4.791E+16 	   1.363E+02
  8.353E-14 	   4.877E+16 	   1.387E+02
  8.501E-14 	   4.964E+16 	   1.411E+02
  8.652E-14 	   5.052E+16 	   1.436E+02
  8.805E-14 	   5.143E+16 	   1.462E+02
  8.961E-14 	   5.235E+16 	   1.488E+02
  9.120E-14 	   5.328E+16 	   1.514E+02
  9.281E-14 	   5.424E+16 	   1.541E+02
  9.445E-14 	   5.521E+16 	   1.568E+02
  9.613E-14 	   5.620E+16 	   1.596E+02
  9.783E-14 	   5.720E+16 	   1.624E+02
  9.956E-14 	   5.823E+16 	   1.653E+02
  1.013E-13 	   5.927E+16 	   1.682E+02
  1.031E-13 	   6.033E+16 	   1.712E+02
  1.049E-13 	   6.141E+16 	   1.742E+02
  1.068E-13 	   6.252E+16 	   1.773E+02
  1.087E-13 	   6.364E+16 	   1.804E+02
  1.106E-13 	   6.478E+16 	   1.836E+02
  1.126E-13 	   6.595E+16 	   1.869E+02
  1.146E-13 	   6.713E+16 	   1.902E+02
  1.166E-13 	   6.834E+16 	   1.936E+02
  1.187E-13 	   6.957E+16 	   1.970E+02
  1.208E-13 	   7.082E+16 	   2.005E+02
  1.229E-13 	   7.209E+16 	   2.040E+02
  1.251E-13 	   7.339E+16 	   2.076E+02
  1.273E-13 	   7.471E+16 	   2.113E+02
  1.295E-13 	   7.606E+16 	   2.150E+02
  1.318E-13 	   7.743E+16 	   2.189E+02
  1.342E-13 	   7.883E+16 	   2.227E+02
  1.366E-13 	   8.025E+16 	   2.267E+02
  1.390E-13 	   8.170E+16 	   2.307E+02
  1.414E-13 	   8.318E+16 	   2.348E+02
  1.439E-13 	   8.468E+16 	   2.389E+02
  1.465E-13 	   8.621E+16 	   2.432E+02
  1.491E-13 	   8.778E+16 	   2.475E+02
  1.517E-13 	   8.937E+16 	   2.519E+02
  1.544E-13 	   9.099E+16 	   2.563E+02
  1.571E-13 	   9.264E+16 	   2.608E+02
  1.599E-13 	   9.432E+16 	   2.655E+02
  1.628E-13 	   9.603E+16 	   2.702E+02
  1.656E-13 	   9.778E+16 	   2.750E+02
  1.686E-13 	   9.955E+16 	   2.798E+02
  1.716E-13 	   1.014E+17 	   2.848E+02
  1.746E-13 	   1.032E+17 	   2.898E+02
  1.777E-13 	   1.051E+17 	   2.949E+02
  1.808E-13 	   1.070E+17 	   3.002E+02
  1.840E-13 	   1.090E+17 	   3.055E+02
  1.873E-13 	   1.110E+17 	   3.109E+02
  1.906E-13 	   1.130E+17 	   3.164E+02
  1.940E-13 	   1.150E+17 	   3.220E+02
  1.974E-13 	   1.172E+17 	   3.277E+02
  2.009E-13 	   1.193E+17 	   3.335E+02
  2.045E-13 	   1.215E+17 	   3.394E+02
  2.081E-13 	   1.237E+17 	   3.454E+02
  2.118E-13 	   1.260E+17 	   3.515E+02
  2.155E-13 	   1.283E+17 	   3.578E+02
  2.193E-13 	   1.307E+17 	   3.641E+02
  2.232E-13 	   1.331E+17 	   3.705E+02
  2.272E-13 	   1.355E+17 	   3.771E+02
  2.312E-13 	   1.380E+17 	   3.838E+02
  2.353E-13 	   1.406E+17 	   3.906E+02
  2.395E-13 	   1.432E+17 	   3.975E+02
  2.437E-13 	   1.459E+17 	   4.045E+02
  2.480E-13 	   1.486E+17 	   4.117E+02
  2.524E-13 	   1.513E+17 	   4.190E+02
  2.569E-13 	   1.541E+17 	   4.264E+02
  2.614E-13 	   1.570E+17 	   4.340E+02
  2.660E-13 	   1.599E+17 	   4.416E+02
  2.708E-13 	   1.629E+17 	   4.495E+02
  2.756E-13 	   1.659E+17 	   4.574E+02
  2.804E-13 	   1.691E+17 	   4.655E+02
  2.854E-13 	   1.722E+17 	   4.738E+02
  2.905E-13 	   1.754E+17 	   4.822E+02
  2.956E-13 	   1.787E+17 	   4.907E+02
  3.008E-13 	   1.821E+17 	   4.994E+02
  3.062E-13 	   1.855E+17 	   5.082E+02
  3.116E-13 	   1.890E+17 	   5.172E+02
  3.171E-13 	   1.926E+17 	   5.264E+02
  3.227E-13 	   1.962E+17 	   5.357E+02
  3.284E-13 	   2.000E+17 	   5.452E+02
  3.342E-13 	   2.037E+17 	   5.548E+02
  3.402E-13 	   2.076E+17 	   5.647E+02
  3.462E-13 	   2.116E+17 	   5.747E+02
  3.523E-13 	   2.156E+17 	   5.848E+02
  3.585E-13 	   2.197E+17 	   5.952E+02
  3.649E-13 	   2.239E+17 	   6.057E+02
  3.714E-13 	   2.282E+17 	   6.165E+02
  3.779E-13 	   2.326E+17 	   6.274E+02
  3.846E-13 	   2.370E+17 	   6.385E+02
  3.914E-13 	   2.416E+17 	   6.498E+02
  3.984E-13 	   2.463E+17 	   6.613E+02
  4.054E-13 	   2.510E+17 	   6.730E+02
  4.126E-13 	   2.559E+17 	   6.849E+02
  4.199E-13 	   2.608E+17 	   6.970E+02
  4.273E-13 	   2.659E+17 	   7.094E+02
  4.349E-13 	   2.711E+17 	   7.219E+02
  4.426E-13 	   2.764E+17 	   7.347E+02
  4.504E-13 	   2.818E+17 	   7.477E+02
  4.584E-13 	   2.873E+17 	   7.610E+02
  4.665E-13 	   2.929E+17 	   7.745E+02
  4.748E-13 	   2.987E+17 	   7.882E+02
  4.832E-13 	   3.046E+17 	   8.021E+02
  4.918E-13 	   3.106E+17 	   8.163E+02
  5.005E-13 	   3.167E+17 	   8.308E+02
  5.093E-13 	   3.230E+17 	   8.455E+02
  5.183E-13 	   3.294E+17 	   8.605E+02
  5.275E-13 	   3.360E+17 	   8.757E+02
  5.369E-13 	   3.427E+17 	   8.912E+02
  5.464E-13 	   3.495E+17 	   9.070E+02
  5.560E-13 	   3.566E+17 	   9.230E+02
  5.659E-13 	   3.637E+17 	   9.394E+02
  5.759E-13 	   3.710E+17 	   9.560E+02
  5.861E-13 	   3.785E+17 	   9.729E+02
  5.965E-13 	   3.862E+17 	   9.902E+02
  6.071E-13 	   3.940E+17 	   1.008E+03
  6.178E-13 	   4.021E+17 	   1.026E+03
  6.287E-13 	   4.103E+17 	   1.044E+03
  6.399E-13 	   4.187E+17 	   1.062E+03
  6.512E-13 	   4.272E+17 	   1.081E+03
  6.627E-13 	   4.360E+17 	   1.100E+03
  6.745E-13 	   4.450E+17 	   1.120E+03
  6.864E-13 	   4.542E+17 	   1.139E+03
  6.986E-13 	   4.636E+17 	   1.160E+03
  7.109E-13 	   4.733E+17 	   1.180E+03
  7.235E-13 	   4.831E+17 	   1.201E+03
  7.363E-13 	   4.932E+17 	   1.222E+03
  7.494E-13 	   5.036E+17 	   1.244E+03
  7.626E-13 	   5.141E+17 	   1.266E+03
  7.761E-13 	   5.250E+17 	   1.288E+03
  7.899E-13 	   5.361E+17 	   1.311E+03
  8.039E-13 	   5.474E+17 	   1.334E+03
  8.181E-13 	   5.591E+17 	   1.358E+03
  8.326E-13 	   5.710E+17 	   1.382E+03
  8.473E-13 	   5.832E+17 	   1.407E+03
  8.623E-13 	   5.957E+17 	   1.431E+03
  8.776E-13 	   6.085E+17 	   1.457E+03
  8.932E-13 	   6.217E+17 	   1.483E+03
  9.090E-13 	   6.351E+17 	   1.509E+03
  9.251E-13 	   6.489E+17 	   1.536E+03
  9.414E-13 	   6.631E+17 	   1.563E+03
  9.581E-13 	   6.775E+17 	   1.590E+03
  9.751E-13 	   6.924E+17 	   1.619E+03
  9.923E-13 	   7.076E+17 	   1.647E+03
  1.010E-12 	   7.232E+17 	   1.676E+03
  1.028E-12 	   7.392E+17 	   1.706E+03
  1.046E-12 	   7.556E+17 	   1.736E+03
  1.065E-12 	   7.725E+17 	   1.767E+03
  1.083E-12 	   7.897E+17 	   1.798E+03
  1.103E-12 	   8.074E+17 	   1.830E+03
  1.122E-12 	   8.256E+17 	   1.863E+03
  1.142E-12 	   8.442E+17 	   1.896E+03
  1.162E-12 	   8.633E+17 	   1.929E+03
  1.183E-12 	   8.829E+17 	   1.963E+03
  1.204E-12 	   9.031E+17 	   1.998E+03
  1.225E-12 	   9.237E+17 	   2.033E+03
  1.247E-12 	   9.449E+17 	   2.069E+03
  1.269E-12 	   9.666E+17 	   2.106E+03
  1.291E-12 	   9.890E+17 	   2.143E+03
  1.314E-12 	   1.012E+18 	   2.181E+03
  1.337E-12 	   1.035E+18 	   2.220E+03
  1.361E-12 	   1.060E+18 	   2.259E+03
  1.385E-12 	   1.084E+18 	   2.299E+03
  1.410E-12 	   1.110E+18 	   2.340E+03
  1.435E-12 	   1.136E+18 	   2.381E+03
  1.460E-12 	   1.163E+18 	   2.424E+03
  1.486E-12 	   1.190E+18 	   2.467E+03
  1.512E-12 	   1.219E+18 	   2.510E+03
  1.539E-12 	   1.248E+18 	   2.555E+03
  1.566E-12 	   1.278E+18 	   2.600E+03
  1.594E-12 	   1.309E+18 	   2.646E+03
  1.622E-12 	   1.340E+18 	   2.693E+03
  1.651E-12 	   1.373E+18 	   2.740E+03
  1.680E-12 	   1.406E+18 	   2.789E+03
  1.710E-12 	   1.440E+18 	   2.838E+03
  1.740E-12 	   1.475E+18 	   2.889E+03
  1.771E-12 	   1.512E+18 	   2.940E+03
  1.802E-12 	   1.549E+18 	   2.992E+03
  1.834E-12 	   1.587E+18 	   3.045E+03
  1.867E-12 	   1.626E+18 	   3.099E+03
  1.900E-12 	   1.667E+18 	   3.154E+03
  1.933E-12 	   1.708E+18 	   3.209E+03
  1.968E-12 	   1.751E+18 	   3.266E+03
  2.002E-12 	   1.795E+18 	   3.324E+03
  2.038E-12 	   1.840E+18 	   3.383E+03
  2.074E-12 	   1.887E+18 	   3.443E+03
  2.111E-12 	   1.935E+18 	   3.504E+03
  2.148E-12 	   1.984E+18 	   3.566E+03
  2.186E-12 	   2.035E+18 	   3.629E+03
  2.225E-12 	   2.087E+18 	   3.693E+03
  2.264E-12 	   2.140E+18 	   3.759E+03
  2.304E-12 	   2.196E+18 	   3.825E+03
  2.345E-12 	   2.252E+18 	   3.893E+03
  2.387E-12 	   2.311E+18 	   3.962E+03
  2.429E-12 	   2.371E+18 	   4.032E+03
  2.472E-12 	   2.433E+18 	   4.103E+03
  2.516E-12 	   2.497E+18 	   4.176E+03
  2.560E-12 	   2.562E+18 	   4.250E+03
  2.606E-12 	   2.630E+18 	   4.325E+03
  2.652E-12 	   2.699E+18 	   4.402E+03
  2.699E-12 	   2.771E+18 	   4.480E+03
  2.746E-12 	   2.844E+18 	   4.559E+03
  2.795E-12 	   2.920E+18 	   4.640E+03
  2.845E-12 	   2.998E+18 	   4.722E+03
  2.895E-12 	   3.078E+18 	   4.806E+03
  2.946E-12 	   3.161E+18 	   4.891E+03
  2.998E-12 	   3.246E+18 	   4.977E+03
  3.051E-12 	   3.334E+18 	   5.065E+03
  3.106E-12 	   3.425E+18 	   5.155E+03
  3.161E-12 	   3.518E+18 	   5.246E+03
  3.216E-12 	   3.614E+18 	   5.339E+03
  3.273E-12 	   3.713E+18 	   5.434E+03
  3.331E-12 	   3.814E+18 	   5.530E+03
  3.390E-12 	   3.919E+18 	   5.628E+03
  3.450E-12 	   4.027E+18 	   5.728E+03
  3.512E-12 	   4.138E+18 	   5.829E+03
  3.574E-12 	   4.253E+18 	   5.932E+03
  3.637E-12 	   4.371E+18 	   6.037E+03
  3.701E-12 	   4.493E+18 	   6.144E+03
  3.767E-12 	   4.618E+18 	   6.253E+03
  3.834E-12 	   4.747E+18 	   6.364E+03
  3.901E-12 	   4.881E+18 	   6.476E+03
  3.971E-12 	   5.018E+18 	   6.591E+03
  4.041E-12 	   5.159E+18 	   6.708E+03
  4.112E-12 	   5.305E+18 	   6.827E+03
  4.185E-12 	   5.455E+18 	   6.948E+03
  4.259E-12 	   5.610E+18 	   7.071E+03
  4.335E-12 	   5.770E+18 	   7.196E+03
  4.412E-12 	   5.934E+18 	   7.323E+03
  4.490E-12 	   6.103E+18 	   7.453E+03
  4.569E-12 	   6.278E+18 	   7.585E+03
  4.650E-12 	   6.458E+18 	   7.719E+03
  4.732E-12 	   6.644E+18 	   7.856E+03
  4.816E-12 	   6.835E+18 	   7.995E+03
  4.901E-12 	   7.032E+18 	   8.136E+03
  4.988E-12 	   7.236E+18 	   8.280E+03
  5.077E-12 	   7.445E+18 	   8.427E+03
  5.166E-12 	   7.662E+18 	   8.576E+03
  5.258E-12 	   7.884E+18 	   8.728E+03
  5.351E-12 	   8.114E+18 	   8.883E+03
  5.446E-12 	   8.351E+18 	   9.040E+03
  5.542E-12 	   8.595E+18 	   9.200E+03
  5.640E-12 	   8.847E+18 	   9.363E+03
  5.740E-12 	   9.107E+18 	   9.529E+03
  5.842E-12 	   9.374E+18 	   9.698E+03
  5.945E-12 	   9.650E+18 	   9.869E+03
  6.051E-12 	   9.935E+18 	   1.004E+04
  6.158E-12 	   1.023E+19 	   1.022E+04
  6.267E-12 	   1.053E+19 	   1.040E+04
  6.378E-12 	   1.084E+19 	   1.059E+04
  6.491E-12 	   1.116E+19 	   1.077E+04
  6.606E-12 	   1.150E+19 	   1.097E+04
  6.723E-12 	   1.184E+19 	   1.116E+04
  6.842E-12 	   1.219E+19 	   1.136E+04
  6.963E-12 	   1.256E+19 	   1.156E+04
  7.086E-12 	   1.293E+19 	   1.176E+04
  7.211E-12 	   1.332E+19 	   1.197E+04
  7.339E-12 	   1.372E+19 	   1.218E+04
  7.469E-12 	   1.413E+19 	   1.240E+04
  7.601E-12 	   1.455E+19 	   1.262E+04
  7.736E-12 	   1.499E+19 	   1.284E+04
  7.873E-12 	   1.544E+19 	   1.307E+04
  8.012E-12 	   1.591E+19 	   1.330E+04
  8.154E-12 	   1.639E+19 	   1.354E+04
  8.299E-12 	   1.688E+19 	   1.378E+04
  8.446E-12 	   1.739E+19 	   1.402E+04
  8.595E-12 	   1.792E+19 	   1.427E+04
  8.747E-12 	   1.846E+19 	   1.452E+04
  8.902E-12 	   1.902E+19 	   1.478E+04
  9.060E-12 	   1.960E+19 	   1.504E+04
  9.220E-12 	   2.020E+19 	   1.531E+04
  9.383E-12 	   2.081E+19 	   1.558E+04
  9.550E-12 	   2.145E+19 	   1.585E+04
  9.719E-12 	   2.210E+19 	   1.613E+04
  9.891E-12 	   2.277E+19 	   1.642E+04
  1.007E-11 	   2.347E+19 	   1.671E+04
  1.024E-11 	   2.418E+19 	   1.701E+04
  1.043E-11 	   2.492E+19 	   1.731E+04
  1.061E-11 	   2.569E+19 	   1.761E+04
  1.080E-11 	   2.647E+19 	   1.792E+04
  1.099E-11 	   2.728E+19 	   1.824E+04
  1.118E-11 	   2.812E+19 	   1.857E+04
  1.138E-11 	   2.898E+19 	   1.889E+04
  1.158E-11 	   2.987E+19 	   1.923E+04
  1.179E-11 	   3.079E+19 	   1.957E+04
  1.200E-11 	   3.174E+19 	   1.992E+04
  1.221E-11 	   3.271E+19 	   2.027E+04
  1.243E-11 	   3.372E+19 	   2.063E+04
  1.265E-11 	   3.476E+19 	   2.099E+04
  1.287E-11 	   3.583E+19 	   2.136E+04
  1.310E-11 	   3.693E+19 	   2.174E+04
  1.333E-11 	   3.807E+19 	   2.213E+04
  1.357E-11 	   3.924E+19 	   2.252E+04
  1.381E-11 	   4.046E+19 	   2.292E+04
  1.405E-11 	   4.170E+19 	   2.332E+04
  1.430E-11 	   4.299E+19 	   2.374E+04
  1.455E-11 	   4.432E+19 	   2.416E+04
  1.481E-11 	   4.569E+19 	   2.458E+04
  1.507E-11 	   4.710E+19 	   2.502E+04
  1.534E-11 	   4.856E+19 	   2.546E+04
  1.561E-11 	   5.006E+19 	   2.591E+04
  1.589E-11 	   5.161E+19 	   2.637E+04
  1.617E-11 	   5.320E+19 	   2.684E+04
  1.645E-11 	   5.485E+19 	   2.731E+04
  1.675E-11 	   5.655E+19 	   2.780E+04
  1.704E-11 	   5.830E+19 	   2.829E+04
  1.734E-11 	   6.010E+19 	   2.879E+04
  1.765E-11 	   6.196E+19 	   2.930E+04
  1.796E-11 	   6.388E+19 	   2.982E+04
  1.828E-11 	   6.586E+19 	   3.035E+04
  1.861E-11 	   6.790E+19 	   3.089E+04
  1.894E-11 	   7.000E+19 	   3.143E+04
  1.927E-11 	   7.217E+19 	   3.199E+04
  1.961E-11 	   7.441E+19 	   3.256E+04
  1.996E-11 	   7.671E+19 	   3.313E+04
  2.031E-11 	   7.909E+19 	   3.372E+04
  2.067E-11 	   8.154E+19 	   3.432E+04
  2.104E-11 	   8.406E+19 	   3.492E+04
  2.141E-11 	   8.667E+19 	   3.554E+04
  2.179E-11 	   8.935E+19 	   3.617E+04
  2.218E-11 	   9.212E+19 	   3.681E+04
  2.257E-11 	   9.497E+19 	   3.746E+04
  2.297E-11 	   9.791E+19 	   3.813E+04
  2.337E-11 	   1.009E+20 	   3.880E+04
  2.379E-11 	   1.041E+20 	   3.949E+04
  2.421E-11 	   1.073E+20 	   4.019E+04
  2.464E-11 	   1.106E+20 	   4.090E+04
  2.507E-11 	   1.140E+20 	   4.162E+04
  2.552E-11 	   1.176E+20 	   4.236E+04
  2.597E-11 	   1.212E+20 	   4.311E+04
  2.643E-11 	   1.250E+20 	   4.387E+04
  2.690E-11 	   1.288E+20 	   4.465E+04
  2.737E-11 	   1.328E+20 	   4.544E+04
  2.786E-11 	   1.369E+20 	   4.625E+04
  2.835E-11 	   1.411E+20 	   4.707E+04
  2.885E-11 	   1.455E+20 	   4.790E+04
  2.937E-11 	   1.500E+20 	   4.875E+04
  2.989E-11 	   1.546E+20 	   4.961E+04
  3.041E-11 	   1.594E+20 	   5.049E+04
  3.095E-11 	   1.643E+20 	   5.138E+04
  3.150E-11 	   1.694E+20 	   5.229E+04
  3.206E-11 	   1.746E+20 	   5.322E+04
  3.263E-11 	   1.800E+20 	   5.416E+04
  3.320E-11 	   1.856E+20 	   5.512E+04
  3.379E-11 	   1.913E+20 	   5.610E+04
  3.439E-11 	   1.972E+20 	   5.709E+04
  3.500E-11 	   2.033E+20 	   5.810E+04
  3.562E-11 	   2.095E+20 	   5.913E+04
  3.625E-11 	   2.160E+20 	   6.018E+04
  3.689E-11 	   2.226E+20 	   6.124E+04
  3.755E-11 	   2.295E+20 	   6.233E+04
  3.821E-11 	   2.365E+20 	   6.343E+04
  3.889E-11 	   2.438E+20 	   6.455E+04
  3.958E-11 	   2.513E+20 	   6.569E+04
  4.028E-11 	   2.590E+20 	   6.686E+04
  4.099E-11 	   2.669E+20 	   6.804E+04
  4.171E-11 	   2.751E+20 	   6.925E+04
  4.245E-11 	   2.836E+20 	   7.047E+04
  4.321E-11 	   2.923E+20 	   7.172E+04
  4.397E-11 	   3.012E+20 	   7.299E+04
  4.475E-11 	   3.104E+20 	   7.428E+04
  4.554E-11 	   3.199E+20 	   7.560E+04
  4.635E-11 	   3.297E+20 	   7.694E+04
  4.717E-11 	   3.398E+20 	   7.830E+04
  4.800E-11 	   3.502E+20 	   7.969E+04
  4.885E-11 	   3.609E+20 	   8.110E+04
  4.972E-11 	   3.719E+20 	   8.253E+04
  5.060E-11 	   3.833E+20 	   8.399E+04
  5.149E-11 	   3.950E+20 	   8.548E+04
  5.241E-11 	   4.071E+20 	   8.700E+04
  5.333E-11 	   4.195E+20 	   8.854E+04
  5.428E-11 	   4.322E+20 	   9.010E+04
  5.524E-11 	   4.454E+20 	   9.170E+04
  5.622E-11 	   4.590E+20 	   9.332E+04
  5.721E-11 	   4.729E+20 	   9.497E+04
  5.823E-11 	   4.873E+20 	   9.666E+04
  5.926E-11 	   5.021E+20 	   9.837E+04
  6.031E-11 	   5.174E+20 	   1.001E+05
  6.137E-11 	   5.331E+20 	   1.019E+05
  6.246E-11 	   5.493E+20 	   1.037E+05
  6.357E-11 	   5.659E+20 	   1.055E+05
  6.469E-11 	   5.831E+20 	   1.074E+05
  6.584E-11 	   6.007E+20 	   1.093E+05
  6.700E-11 	   6.189E+20 	   1.112E+05
  6.819E-11 	   6.376E+20 	   1.132E+05
  6.940E-11 	   6.569E+20 	   1.152E+05
  7.063E-11 	   6.768E+20 	   1.172E+05
  7.188E-11 	   6.972E+20 	   1.193E+05
  7.315E-11 	   7.183E+20 	   1.214E+05
  7.445E-11 	   7.399E+20 	   1.236E+05
  7.576E-11 	   7.622E+20 	   1.258E+05
  7.711E-11 	   7.852E+20 	   1.280E+05
  7.847E-11 	   8.088E+20 	   1.303E+05
  7.986E-11 	   8.332E+20 	   1.326E+05
  8.127E-11 	   8.583E+20 	   1.349E+05
  8.271E-11 	   8.841E+20 	   1.373E+05
  8.418E-11 	   9.106E+20 	   1.397E+05
  8.567E-11 	   9.380E+20 	   1.422E+05
  8.718E-11 	   9.661E+20 	   1.447E+05
  8.873E-11 	   9.951E+20 	   1.473E+05
  9.030E-11 	   1.025E+21 	   1.499E+05
  9.190E-11 	   1.056E+21 	   1.526E+05
  9.353E-11 	   1.087E+21 	   1.553E+05
  9.518E-11 	   1.120E+21 	   1.580E+05
  9.687E-11 	   1.153E+21 	   1.608E+05
  9.858E-11 	   1.188E+21 	   1.636E+05
  1.003E-10 	   1.223E+21 	   1.665E+05
  1.021E-10 	   1.260E+21 	   1.695E+05
  1.039E-10 	   1.297E+21 	   1.725E+05
  1.058E-10 	   1.336E+21 	   1.756E+05
  1.076E-10 	   1.376E+21 	   1.787E+05
  1.095E-10 	   1.416E+21 	   1.818E+05
  1.115E-10 	   1.459E+21 	   1.850E+05
  1.134E-10 	   1.502E+21 	   1.883E+05
  1.155E-10 	   1.547E+21 	   1.917E+05
  1.175E-10 	   1.592E+21 	   1.950E+05
  1.196E-10 	   1.640E+21 	   1.985E+05
  1.217E-10 	   1.688E+21 	   2.020E+05
  1.238E-10 	   1.738E+21 	   2.056E+05
  1.260E-10 	   1.790E+21 	   2.092E+05
  1.283E-10 	   1.843E+21 	   2.129E+05
  1.305E-10 	   1.897E+21 	   2.167E+05
  1.329E-10 	   1.953E+21 	   2.205E+05
  1.352E-10 	   2.011E+21 	   2.244E+05
  1.376E-10 	   2.070E+21 	   2.284E+05
  1.400E-10 	   2.131E+21 	   2.325E+05
  1.425E-10 	   2.194E+21 	   2.366E+05
  1.450E-10 	   2.259E+21 	   2.408E+05
  1.476E-10 	   2.325E+21 	   2.450E+05
  1.502E-10 	   2.393E+21 	   2.494E+05
  1.529E-10 	   2.464E+21 	   2.538E+05
  1.556E-10 	   2.536E+21 	   2.583E+05
  1.583E-10 	   2.611E+21 	   2.629E+05
  1.612E-10 	   2.687E+21 	   2.675E+05
  1.640E-10 	   2.766E+21 	   2.723E+05
  1.669E-10 	   2.847E+21 	   2.771E+05
  1.699E-10 	   2.930E+21 	   2.820E+05
  1.729E-10 	   3.016E+21 	   2.870E+05
  1.759E-10 	   3.104E+21 	   2.921E+05
  1.790E-10 	   3.195E+21 	   2.972E+05
  1.822E-10 	   3.288E+21 	   3.025E+05
  1.854E-10 	   3.384E+21 	   3.078E+05
  1.887E-10 	   3.482E+21 	   3.133E+05
  1.921E-10 	   3.584E+21 	   3.188E+05
  1.955E-10 	   3.688E+21 	   3.245E+05
  1.989E-10 	   3.795E+21 	   3.302E+05
  2.025E-10 	   3.906E+21 	   3.361E+05
  2.060E-10 	   4.019E+21 	   3.420E+05
  2.097E-10 	   4.136E+21 	   3.481E+05
  2.134E-10 	   4.256E+21 	   3.542E+05
  2.172E-10 	   4.379E+21 	   3.605E+05
  2.210E-10 	   4.506E+21 	   3.669E+05
  2.249E-10 	   4.636E+21 	   3.734E+05
  2.289E-10 	   4.770E+21 	   3.800E+05
  2.330E-10 	   4.908E+21 	   3.867E+05
  2.371E-10 	   5.050E+21 	   3.936E+05
  2.413E-10 	   5.196E+21 	   4.006E+05
  2.456E-10 	   5.345E+21 	   4.077E+05
  2.499E-10 	   5.499E+21 	   4.149E+05
  2.543E-10 	   5.658E+21 	   4.222E+05
  2.588E-10 	   5.821E+21 	   4.297E+05
  2.634E-10 	   5.988E+21 	   4.373E+05
  2.681E-10 	   6.160E+21 	   4.450E+05
  2.728E-10 	   6.337E+21 	   4.529E+05
  2.777E-10 	   6.519E+21 	   4.609E+05
  2.826E-10 	   6.706E+21 	   4.691E+05
  2.876E-10 	   6.898E+21 	   4.774E+05
  2.927E-10 	   7.096E+21 	   4.859E+05
  2.979E-10 	   7.299E+21 	   4.945E+05
  3.031E-10 	   7.508E+21 	   5.032E+05
  3.085E-10 	   7.722E+21 	   5.121E+05
  3.140E-10 	   7.943E+21 	   5.212E+05
  3.195E-10 	   8.169E+21 	   5.304E+05
  3.252E-10 	   8.402E+21 	   5.398E+05
  3.309E-10 	   8.642E+21 	   5.494E+05
  3.368E-10 	   8.888E+21 	   5.591E+05
  3.428E-10 	   9.141E+21 	   5.690E+05
  3.488E-10 	   9.401E+21 	   5.791E+05
  3.550E-10 	   9.668E+21 	   5.893E+05
  3.613E-10 	   9.943E+21 	   5.998E+05
  3.677E-10 	   1.022E+22 	   6.104E+05
  3.742E-10 	   1.051E+22 	   6.212E+05
  3.808E-10 	   1.081E+22 	   6.322E+05
  3.876E-10 	   1.112E+22 	   6.434E+05
  3.944E-10 	   1.143E+22 	   6.548E+05
  4.014E-10 	   1.176E+22 	   6.664E+05
  4.085E-10 	   1.209E+22 	   6.782E+05
  4.158E-10 	   1.243E+22 	   6.902E+05
  4.231E-10 	   1.278E+22 	   7.024E+05
  4.306E-10 	   1.314E+22 	   7.149E+05
  4.382E-10 	   1.351E+22 	   7.275E+05
  4.460E-10 	   1.389E+22 	   7.404E+05
  4.539E-10 	   1.428E+22 	   7.535E+05
  4.619E-10 	   1.469E+22 	   7.668E+05
  4.701E-10 	   1.510E+22 	   7.804E+05
  4.784E-10 	   1.552E+22 	   7.942E+05
  4.869E-10 	   1.596E+22 	   8.083E+05
  4.955E-10 	   1.641E+22 	   8.226E+05
  5.043E-10 	   1.687E+22 	   8.372E+05
  5.132E-10 	   1.734E+22 	   8.520E+05
  5.223E-10 	   1.782E+22 	   8.671E+05
  5.316E-10 	   1.832E+22 	   8.824E+05
  5.410E-10 	   1.884E+22 	   8.981E+05
  5.506E-10 	   1.936E+22 	   9.140E+05
  5.603E-10 	   1.990E+22 	   9.302E+05
  5.702E-10 	   2.046E+22 	   9.466E+05
  5.803E-10 	   2.103E+22 	   9.634E+05
  5.906E-10 	   2.161E+22 	   9.804E+05
  6.011E-10 	   2.222E+22 	   9.978E+05
  6.117E-10 	   2.283E+22 	   1.015E+06
  6.225E-10 	   2.347E+22 	   1.033E+06
  6.336E-10 	   2.412E+22 	   1.052E+06
  6.448E-10 	   2.479E+22 	   1.070E+06
  6.562E-10 	   2.548E+22 	   1.089E+06
  6.678E-10 	   2.618E+22 	   1.109E+06
  6.796E-10 	   2.691E+22 	   1.128E+06
  6.917E-10 	   2.765E+22 	   1.148E+06
  7.039E-10 	   2.842E+22 	   1.169E+06
  7.164E-10 	   2.921E+22 	   1.189E+06
  7.291E-10 	   3.001E+22 	   1.210E+06
  7.420E-10 	   3.084E+22 	   1.232E+06
  7.551E-10 	   3.169E+22 	   1.254E+06
  7.685E-10 	   3.257E+22 	   1.276E+06
  7.821E-10 	   3.346E+22 	   1.298E+06
  7.959E-10 	   3.439E+22 	   1.321E+06
  8.100E-10 	   3.533E+22 	   1.345E+06
  8.244E-10 	   3.630E+22 	   1.369E+06
  8.390E-10 	   3.730E+22 	   1.393E+06
  8.538E-10 	   3.833E+22 	   1.417E+06
  8.690E-10 	   3.938E+22 	   1.443E+06
  8.843E-10 	   4.046E+22 	   1.468E+06
  9.000E-10 	   4.157E+22 	   1.494E+06
  9.159E-10 	   4.271E+22 	   1.521E+06
  9.321E-10 	   4.388E+22 	   1.547E+06
  9.487E-10 	   4.508E+22 	   1.575E+06
  9.654E-10 	   4.631E+22 	   1.603E+06
  9.825E-10 	   4.758E+22 	   1.631E+06
  9.999E-10 	   4.887E+22 	   1.660E+06
  1.018E-09 	   5.021E+22 	   1.689E+06
  1.036E-09 	   5.158E+22 	   1.719E+06
  1.054E-09 	   5.298E+22 	   1.750E+06
  1.073E-09 	   5.443E+22 	   1.781E+06
  1.092E-09 	   5.591E+22 	   1.812E+06
  1.111E-09 	   5.743E+22 	   1.844E+06
  1.131E-09 	   5.899E+22 	   1.877E+06
  1.151E-09 	   6.059E+22 	   1.910E+06
  1.171E-09 	   6.224E+22 	   1.944E+06
  1.192E-09 	   6.392E+22 	   1.978E+06
  1.213E-09 	   6.566E+22 	   2.014E+06
  1.234E-09 	   6.744E+22 	   2.049E+06
  1.256E-09 	   6.926E+22 	   2.085E+06
  1.278E-09 	   7.114E+22 	   2.122E+06
  1.301E-09 	   7.306E+22 	   2.160E+06
  1.324E-09 	   7.503E+22 	   2.198E+06
  1.348E-09 	   7.706E+22 	   2.237E+06
  1.371E-09 	   7.914E+22 	   2.277E+06
  1.396E-09 	   8.128E+22 	   2.317E+06
  1.420E-09 	   8.347E+22 	   2.358E+06
  1.446E-09 	   8.571E+22 	   2.400E+06
  1.471E-09 	   8.802E+22 	   2.442E+06
  1.497E-09 	   9.039E+22 	   2.486E+06
  1.524E-09 	   9.282E+22 	   2.530E+06
  1.551E-09 	   9.532E+22 	   2.574E+06
  1.578E-09 	   9.787E+22 	   2.620E+06
  1.606E-09 	   1.005E+23 	   2.666E+06
  1.635E-09 	   1.032E+23 	   2.714E+06
  1.664E-09 	   1.060E+23 	   2.762E+06
  1.693E-09 	   1.088E+23 	   2.811E+06
  1.723E-09 	   1.117E+23 	   2.860E+06
  1.753E-09 	   1.147E+23 	   2.911E+06
  1.784E-09 	   1.178E+23 	   2.962E+06
  1.816E-09 	   1.209E+23 	   3.015E+06
  1.848E-09 	   1.241E+23 	   3.068E+06
  1.881E-09 	   1.275E+23 	   3.123E+06
  1.914E-09 	   1.309E+23 	   3.178E+06
  1.948E-09 	   1.343E+23 	   3.234E+06
  1.983E-09 	   1.379E+23 	   3.291E+06
  2.018E-09 	   1.416E+23 	   3.350E+06
  2.053E-09 	   1.454E+23 	   3.409E+06
  2.090E-09 	   1.492E+23 	   3.469E+06
  2.127E-09 	   1.532E+23 	   3.531E+06
  2.165E-09 	   1.573E+23 	   3.593E+06
  2.203E-09 	   1.614E+23 	   3.657E+06
  2.242E-09 	   1.657E+23 	   3.722E+06
  2.282E-09 	   1.701E+23 	   3.788E+06
  2.322E-09 	   1.746E+23 	   3.855E+06
  2.363E-09 	   1.792E+23 	   3.923E+06
  2.405E-09 	   1.840E+23 	   3.992E+06
  2.447E-09 	   1.888E+23 	   4.063E+06
  2.491E-09 	   1.938E+23 	   4.135E+06
  2.535E-09 	   1.990E+23 	   4.208E+06
  2.580E-09 	   2.042E+23 	   4.283E+06
  2.625E-09 	   2.096E+23 	   4.359E+06
  2.672E-09 	   2.151E+23 	   4.436E+06
  2.719E-09 	   2.208E+23 	   4.514E+06
  2.767E-09 	   2.266E+23 	   4.594E+06
  2.816E-09 	   2.326E+23 	   4.676E+06
  2.866E-09 	   2.387E+23 	   4.758E+06
  2.917E-09 	   2.450E+23 	   4.843E+06
  2.969E-09 	   2.514E+23 	   4.928E+06
  3.021E-09 	   2.580E+23 	   5.016E+06
  3.075E-09 	   2.648E+23 	   5.105E+06
  3.129E-09 	   2.717E+23 	   5.195E+06
  3.185E-09 	   2.788E+23 	   5.287E+06
  3.241E-09 	   2.861E+23 	   5.381E+06
  3.298E-09 	   2.936E+23 	   5.476E+06
  3.357E-09 	   3.013E+23 	   5.573E+06
  3.416E-09 	   3.092E+23 	   5.671E+06
  3.477E-09 	   3.173E+23 	   5.772E+06
  3.538E-09 	   3.255E+23 	   5.874E+06
  3.601E-09 	   3.340E+23 	   5.978E+06
  3.665E-09 	   3.428E+23 	   6.084E+06
  3.729E-09 	   3.517E+23 	   6.192E+06
  3.796E-09 	   3.609E+23 	   6.301E+06
  3.863E-09 	   3.702E+23 	   6.413E+06
  3.931E-09 	   3.799E+23 	   6.526E+06
  4.001E-09 	   3.898E+23 	   6.642E+06
  4.072E-09 	   3.999E+23 	   6.760E+06
  4.144E-09 	   4.103E+23 	   6.879E+06
  4.217E-09 	   4.209E+23 	   7.001E+06
  4.292E-09 	   4.319E+23 	   7.125E+06
  4.368E-09 	   4.431E+23 	   7.251E+06
  4.445E-09 	   4.546E+23 	   7.380E+06
  4.524E-09 	   4.663E+23 	   7.510E+06
  4.604E-09 	   4.784E+23 	   7.643E+06
  4.685E-09 	   4.908E+23 	   7.779E+06
  4.768E-09 	   5.035E+23 	   7.916E+06
  4.853E-09 	   5.165E+23 	   8.056E+06
  4.939E-09 	   5.299E+23 	   8.199E+06
  5.026E-09 	   5.435E+23 	   8.344E+06
  5.115E-09 	   5.576E+23 	   8.492E+06
  5.206E-09 	   5.719E+23 	   8.642E+06
  5.298E-09 	   5.867E+23 	   8.795E+06
  5.392E-09 	   6.018E+23 	   8.951E+06
  5.487E-09 	   6.173E+23 	   9.110E+06
  5.584E-09 	   6.332E+23 	   9.271E+06
  5.683E-09 	   6.495E+23 	   9.435E+06
  5.784E-09 	   6.662E+23 	   9.602E+06
  5.886E-09 	   6.833E+23 	   9.772E+06
  5.990E-09 	   7.008E+23 	   9.945E+06
  6.096E-09 	   7.188E+23 	   1.012E+07
  6.204E-09 	   7.373E+23 	   1.030E+07
  6.314E-09 	   7.562E+23 	   1.048E+07
  6.426E-09 	   7.756E+23 	   1.067E+07
  6.540E-09 	   7.954E+23 	   1.086E+07
  6.655E-09 	   8.158E+23 	   1.105E+07
  6.773E-09 	   8.367E+23 	   1.125E+07
  6.893E-09 	   8.581E+23 	   1.144E+07
  7.015E-09 	   8.800E+23 	   1.165E+07
  7.139E-09 	   9.025E+23 	   1.185E+07
  7.266E-09 	   9.255E+23 	   1.206E+07
  7.395E-09 	   9.491E+23 	   1.228E+07
  7.525E-09 	   9.733E+23 	   1.249E+07
  7.659E-09 	   9.981E+23 	   1.272E+07
  7.794E-09 	   1.024E+24 	   1.294E+07
  7.932E-09 	   1.050E+24 	   1.317E+07
  8.073E-09 	   1.076E+24 	   1.340E+07
  8.216E-09 	   1.104E+24 	   1.364E+07
  8.361E-09 	   1.132E+24 	   1.388E+07
  8.509E-09 	   1.161E+24 	   1.413E+07
  8.660E-09 	   1.190E+24 	   1.438E+07
  8.813E-09 	   1.220E+24 	   1.463E+07
  8.969E-09 	   1.251E+24 	   1.489E+07
  9.128E-09 	   1.283E+24 	   1.516E+07
  9.290E-09 	   1.315E+24 	   1.542E+07
  9.454E-09 	   1.349E+24 	   1.570E+07
  9.621E-09 	   1.383E+24 	   1.597E+07
  9.792E-09 	   1.418E+24 	   1.626E+07
  9.965E-09 	   1.454E+24 	   1.655E+07
  1.014E-08 	   1.491E+24 	   1.684E+07
  1.032E-08 	   1.528E+24 	   1.714E+07
  1.050E-08 	   1.567E+24 	   1.744E+07
  1.069E-08 	   1.606E+24 	   1.775E+07
  1.088E-08 	   1.647E+24 	   1.806E+07
  1.107E-08 	   1.688E+24 	   1.838E+07
  1.127E-08 	   1.731E+24 	   1.871E+07
  1.147E-08 	   1.775E+24 	   1.904E+07
  1.167E-08 	   1.819E+24 	   1.938E+07
  1.188E-08 	   1.865E+24 	   1.972E+07
  1.209E-08 	   1.912E+24 	   2.007E+07
  1.230E-08 	   1.960E+24 	   2.042E+07
  1.252E-08 	   2.009E+24 	   2.079E+07
  1.274E-08 	   2.060E+24 	   2.115E+07
  1.297E-08 	   2.112E+24 	   2.153E+07
  1.320E-08 	   2.165E+24 	   2.191E+07
  1.343E-08 	   2.219E+24 	   2.230E+07
  1.367E-08 	   2.274E+24 	   2.269E+07
  1.391E-08 	   2.331E+24 	   2.309E+07
  1.416E-08 	   2.390E+24 	   2.350E+07
  1.441E-08 	   2.450E+24 	   2.392E+07
  1.466E-08 	   2.511E+24 	   2.434E+07
  1.492E-08 	   2.574E+24 	   2.477E+07
  1.518E-08 	   2.638E+24 	   2.521E+07
  1.545E-08 	   2.704E+24 	   2.566E+07
  1.573E-08 	   2.772E+24 	   2.611E+07
  1.601E-08 	   2.841E+24 	   2.658E+07
  1.629E-08 	   2.912E+24 	   2.705E+07
  1.658E-08 	   2.984E+24 	   2.753E+07
  1.687E-08 	   3.059E+24 	   2.801E+07
  1.717E-08 	   3.135E+24 	   2.851E+07
  1.747E-08 	   3.213E+24 	   2.901E+07
  1.778E-08 	   3.293E+24 	   2.953E+07
  1.810E-08 	   3.375E+24 	   3.005E+07
  1.842E-08 	   3.459E+24 	   3.058E+07
  1.874E-08 	   3.545E+24 	   3.112E+07
  1.908E-08 	   3.633E+24 	   3.167E+07
  1.941E-08 	   3.723E+24 	   3.224E+07
  1.976E-08 	   3.815E+24 	   3.281E+07
  2.011E-08 	   3.910E+24 	   3.339E+07
  2.046E-08 	   4.007E+24 	   3.398E+07
  2.083E-08 	   4.106E+24 	   3.458E+07
  2.119E-08 	   4.208E+24 	   3.519E+07
  2.157E-08 	   4.312E+24 	   3.582E+07
  2.195E-08 	   4.419E+24 	   3.645E+07
  2.234E-08 	   4.528E+24 	   3.710E+07
  2.274E-08 	   4.640E+24 	   3.775E+07
  2.314E-08 	   4.755E+24 	   3.842E+07
  2.355E-08 	   4.873E+24 	   3.910E+07
  2.396E-08 	   4.993E+24 	   3.979E+07
  2.439E-08 	   5.116E+24 	   4.050E+07
  2.482E-08 	   5.243E+24 	   4.121E+07
  2.526E-08 	   5.372E+24 	   4.194E+07
  2.571E-08 	   5.504E+24 	   4.269E+07
  2.616E-08 	   5.640E+24 	   4.344E+07
  2.663E-08 	   5.779E+24 	   4.421E+07
  2.710E-08 	   5.921E+24 	   4.500E+07
  2.758E-08 	   6.067E+24 	   4.579E+07
  2.807E-08 	   6.216E+24 	   4.660E+07
  2.856E-08 	   6.369E+24 	   4.743E+07
  2.907E-08 	   6.526E+24 	   4.827E+07
  2.958E-08 	   6.686E+24 	   4.912E+07
  3.011E-08 	   6.850E+24 	   4.999E+07
  3.064E-08 	   7.018E+24 	   5.088E+07
  3.118E-08 	   7.191E+24 	   5.178E+07
  3.173E-08 	   7.367E+24 	   5.270E+07
  3.230E-08 	   7.548E+24 	   5.363E+07
  3.287E-08 	   7.733E+24 	   5.458E+07
  3.345E-08 	   7.922E+24 	   5.554E+07
  3.404E-08 	   8.116E+24 	   5.653E+07
  3.464E-08 	   8.315E+24 	   5.753E+07
  3.526E-08 	   8.518E+24 	   5.855E+07
  3.588E-08 	   8.726E+24 	   5.958E+07
  3.652E-08 	   8.940E+24 	   6.064E+07
  3.716E-08 	   9.158E+24 	   6.171E+07
  3.782E-08 	   9.382E+24 	   6.281E+07
  3.849E-08 	   9.611E+24 	   6.392E+07
  3.917E-08 	   9.846E+24 	   6.505E+07
  3.987E-08 	   1.009E+25 	   6.620E+07
  4.057E-08 	   1.033E+25 	   6.737E+07
  4.129E-08 	   1.058E+25 	   6.857E+07
  4.202E-08 	   1.084E+25 	   6.978E+07
  4.276E-08 	   1.111E+25 	   7.102E+07
  4.352E-08 	   1.138E+25 	   7.227E+07
  4.429E-08 	   1.165E+25 	   7.355E+07
  4.508E-08 	   1.194E+25 	   7.486E+07
  4.587E-08 	   1.223E+25 	   7.618E+07
  4.669E-08 	   1.252E+25 	   7.753E+07
  4.751E-08 	   1.283E+25 	   7.890E+07
  4.835E-08 	   1.314E+25 	   8.030E+07
  4.921E-08 	   1.346E+25 	   8.172E+07
  5.008E-08 	   1.379E+25 	   8.317E+07
  5.097E-08 	   1.412E+25 	   8.464E+07
  5.187E-08 	   1.446E+25 	   8.614E+07
  5.279E-08 	   1.481E+25 	   8.767E+07
  5.372E-08 	   1.517E+25 	   8.922E+07
  5.467E-08 	   1.554E+25 	   9.080E+07
  5.564E-08 	   1.592E+25 	   9.241E+07
  5.663E-08 	   1.630E+25 	   9.404E+07
  5.763E-08 	   1.669E+25 	   9.571E+07
  5.865E-08 	   1.710E+25 	   9.740E+07
  5.969E-08 	   1.751E+25 	   9.913E+07
  6.075E-08 	   1.793E+25 	   1.009E+08
  6.182E-08 	   1.837E+25 	   1.027E+08
  6.292E-08 	   1.881E+25 	   1.045E+08
  6.403E-08 	   1.927E+25 	   1.063E+08
  6.516E-08 	   1.973E+25 	   1.082E+08
  6.632E-08 	   2.021E+25 	   1.101E+08
  6.749E-08 	   2.069E+25 	   1.121E+08
  6.869E-08 	   2.119E+25 	   1.141E+08
  6.990E-08 	   2.170E+25 	   1.161E+08
  7.114E-08 	   2.223E+25 	   1.181E+08
  7.240E-08 	   2.276E+25 	   1.202E+08
  7.368E-08 	   2.331E+25 	   1.224E+08
  7.498E-08 	   2.387E+25 	   1.245E+08
  7.631E-08 	   2.444E+25 	   1.267E+08
  7.766E-08 	   2.503E+25 	   1.290E+08
  7.904E-08 	   2.563E+25 	   1.313E+08
  8.044E-08 	   2.625E+25 	   1.336E+08
  8.186E-08 	   2.688E+25 	   1.360E+08
  8.331E-08 	   2.752E+25 	   1.384E+08
  8.478E-08 	   2.818E+25 	   1.408E+08
  8.629E-08 	   2.886E+25 	   1.433E+08
  8.781E-08 	   2.955E+25 	   1.458E+08
  8.937E-08 	   3.026E+25 	   1.484E+08
  9.095E-08 	   3.099E+25 	   1.511E+08
  9.256E-08 	   3.173E+25 	   1.537E+08
  9.420E-08 	   3.249E+25 	   1.565E+08
  9.587E-08 	   3.327E+25 	   1.592E+08
  9.756E-08 	   3.406E+25 	   1.620E+08
  9.929E-08 	   3.488E+25 	   1.649E+08
  1.010E-07 	   3.571E+25 	   1.678E+08
  1.028E-07 	   3.656E+25 	   1.708E+08
  1.047E-07 	   3.744E+25 	   1.738E+08
  1.065E-07 	   3.833E+25 	   1.769E+08
  1.084E-07 	   3.925E+25 	   1.800E+08
  1.103E-07 	   4.018E+25 	   1.832E+08
  1.123E-07 	   4.114E+25 	   1.865E+08
  1.143E-07 	   4.212E+25 	   1.898E+08
  1.163E-07 	   4.313E+25 	   1.931E+08
  1.183E-07 	   4.416E+25 	   1.966E+08
  1.204E-07 	   4.521E+25 	   2.000E+08
  1.226E-07 	   4.629E+25 	   2.036E+08
  1.247E-07 	   4.739E+25 	   2.072E+08
  1.269E-07 	   4.852E+25 	   2.108E+08
  1.292E-07 	   4.967E+25 	   2.146E+08
  1.315E-07 	   5.085E+25 	   2.184E+08
  1.338E-07 	   5.206E+25 	   2.222E+08
  1.362E-07 	   5.330E+25 	   2.262E+08
  1.386E-07 	   5.457E+25 	   2.302E+08
  1.410E-07 	   5.586E+25 	   2.343E+08
  1.435E-07 	   5.719E+25 	   2.384E+08
  1.461E-07 	   5.855E+25 	   2.426E+08
  1.487E-07 	   5.994E+25 	   2.469E+08
  1.513E-07 	   6.136E+25 	   2.513E+08
  1.540E-07 	   6.281E+25 	   2.557E+08
  1.567E-07 	   6.430E+25 	   2.603E+08
  1.595E-07 	   6.583E+25 	   2.649E+08
  1.623E-07 	   6.739E+25 	   2.696E+08
  1.652E-07 	   6.899E+25 	   2.743E+08
  1.681E-07 	   7.062E+25 	   2.792E+08
  1.711E-07 	   7.229E+25 	   2.842E+08
  1.741E-07 	   7.400E+25 	   2.892E+08
  1.772E-07 	   7.575E+25 	   2.943E+08
  1.803E-07 	   7.755E+25 	   2.995E+08
  1.835E-07 	   7.938E+25 	   3.048E+08
  1.867E-07 	   8.126E+25 	   3.102E+08
  1.901E-07 	   8.318E+25 	   3.157E+08
  1.934E-07 	   8.514E+25 	   3.213E+08
  1.968E-07 	   8.715E+25 	   3.270E+08
  2.003E-07 	   8.921E+25 	   3.328E+08
  2.039E-07 	   9.132E+25 	   3.387E+08
  2.075E-07 	   9.347E+25 	   3.447E+08
  2.112E-07 	   9.568E+25 	   3.508E+08
  2.149E-07 	   9.793E+25 	   3.570E+08
  2.187E-07 	   1.002E+26 	   3.633E+08
  2.226E-07 	   1.026E+26 	   3.697E+08
  2.265E-07 	   1.050E+26 	   3.763E+08
  2.305E-07 	   1.075E+26 	   3.829E+08
  2.346E-07 	   1.100E+26 	   3.897E+08
  2.387E-07 	   1.126E+26 	   3.966E+08
  2.430E-07 	   1.153E+26 	   4.036E+08
  2.473E-07 	   1.180E+26 	   4.108E+08
  2.516E-07 	   1.208E+26 	   4.181E+08
  2.561E-07 	   1.236E+26 	   4.255E+08
  2.606E-07 	   1.265E+26 	   4.330E+08
  2.653E-07 	   1.295E+26 	   4.407E+08
  2.699E-07 	   1.325E+26 	   4.485E+08
  2.747E-07 	   1.356E+26 	   4.564E+08
  2.796E-07 	   1.388E+26 	   4.645E+08
  2.845E-07 	   1.421E+26 	   4.727E+08
  2.896E-07 	   1.454E+26 	   4.811E+08
  2.947E-07 	   1.488E+26 	   4.896E+08
  2.999E-07 	   1.523E+26 	   4.983E+08
  3.052E-07 	   1.559E+26 	   5.071E+08
  3.106E-07 	   1.595E+26 	   5.161E+08
  3.161E-07 	   1.633E+26 	   5.252E+08
  3.217E-07 	   1.671E+26 	   5.345E+08
  3.274E-07 	   1.710E+26 	   5.440E+08
  3.332E-07 	   1.750E+26 	   5.536E+08
  3.391E-07 	   1.791E+26 	   5.634E+08
  3.451E-07 	   1.833E+26 	   5.734E+08
  3.512E-07 	   1.876E+26 	   5.836E+08
  3.574E-07 	   1.920E+26 	   5.939E+08
  3.638E-07 	   1.965E+26 	   6.044E+08
  3.702E-07 	   2.011E+26 	   6.151E+08
  3.768E-07 	   2.058E+26 	   6.260E+08
  3.834E-07 	   2.106E+26 	   6.371E+08
  3.902E-07 	   2.155E+26 	   6.484E+08
  3.971E-07 	   2.205E+26 	   6.598E+08
  4.041E-07 	   2.257E+26 	   6.715E+08
  4.113E-07 	   2.309E+26 	   6.834E+08
  4.186E-07 	   2.363E+26 	   6.955E+08
  4.260E-07 	   2.419E+26 	   7.078E+08
  4.335E-07 	   2.475E+26 	   7.204E+08
  4.412E-07 	   2.533E+26 	   7.331E+08
  4.490E-07 	   2.592E+26 	   7.461E+08
  4.570E-07 	   2.652E+26 	   7.593E+08
  4.650E-07 	   2.714E+26 	   7.728E+08
  4.733E-07 	   2.777E+26 	   7.864E+08
  4.817E-07 	   2.842E+26 	   8.004E+08
  4.902E-07 	   2.908E+26 	   8.145E+08
  4.989E-07 	   2.976E+26 	   8.290E+08
  5.077E-07 	   3.045E+26 	   8.436E+08
  5.167E-07 	   3.116E+26 	   8.586E+08
  5.258E-07 	   3.188E+26 	   8.738E+08
  5.351E-07 	   3.263E+26 	   8.892E+08
  5.446E-07 	   3.338E+26 	   9.050E+08
  5.542E-07 	   3.416E+26 	   9.210E+08
  5.640E-07 	   3.495E+26 	   9.373E+08
  5.740E-07 	   3.577E+26 	   9.539E+08
  5.842E-07 	   3.660E+26 	   9.708E+08
  5.945E-07 	   3.745E+26 	   9.880E+08
  6.050E-07 	   3.832E+26 	   1.006E+09
  6.158E-07 	   3.921E+26 	   1.023E+09
  6.267E-07 	   4.012E+26 	   1.041E+09
  6.377E-07 	   4.105E+26 	   1.060E+09
  6.490E-07 	   4.200E+26 	   1.079E+09
  6.605E-07 	   4.298E+26 	   1.098E+09
  6.722E-07 	   4.397E+26 	   1.117E+09
  6.841E-07 	   4.499E+26 	   1.137E+09
  6.962E-07 	   4.604E+26 	   1.157E+09
  7.085E-07 	   4.710E+26 	   1.178E+09
  7.211E-07 	   4.819E+26 	   1.198E+09
  7.338E-07 	   4.931E+26 	   1.220E+09
  7.468E-07 	   5.045E+26 	   1.241E+09
  7.600E-07 	   5.162E+26 	   1.263E+09
  7.735E-07 	   5.282E+26 	   1.286E+09
  7.872E-07 	   5.404E+26 	   1.308E+09
  8.011E-07 	   5.529E+26 	   1.332E+09
  8.153E-07 	   5.657E+26 	   1.355E+09
  8.297E-07 	   5.788E+26 	   1.379E+09
  8.444E-07 	   5.922E+26 	   1.404E+09
  8.593E-07 	   6.059E+26 	   1.428E+09
  8.746E-07 	   6.199E+26 	   1.454E+09
  8.900E-07 	   6.342E+26 	   1.479E+09
  9.058E-07 	   6.489E+26 	   1.506E+09
  9.218E-07 	   6.639E+26 	   1.532E+09
  9.381E-07 	   6.792E+26 	   1.559E+09
  9.547E-07 	   6.949E+26 	   1.587E+09
  9.716E-07 	   7.109E+26 	   1.615E+09
  9.888E-07 	   7.274E+26 	   1.644E+09
  1.006E-06 	   7.441E+26 	   1.673E+09
  1.024E-06 	   7.613E+26 	   1.702E+09
  1.042E-06 	   7.789E+26 	   1.733E+09
  1.061E-06 	   7.969E+26 	   1.763E+09
  1.079E-06 	   8.153E+26 	   1.794E+09
  1.099E-06 	   8.341E+26 	   1.826E+09
  1.118E-06 	   8.533E+26 	   1.859E+09
  1.138E-06 	   8.730E+26 	   1.891E+09
  1.158E-06 	   8.931E+26 	   1.925E+09
  1.178E-06 	   9.137E+26 	   1.959E+09
  1.199E-06 	   9.347E+26 	   1.994E+09
  1.221E-06 	   9.563E+26 	   2.029E+09
  1.242E-06 	   9.783E+26 	   2.065E+09
  1.264E-06 	   1.001E+27 	   2.102E+09
  1.286E-06 	   1.024E+27 	   2.139E+09
  1.309E-06 	   1.047E+27 	   2.177E+09
  1.332E-06 	   1.072E+27 	   2.215E+09
  1.356E-06 	   1.096E+27 	   2.254E+09
  1.380E-06 	   1.121E+27 	   2.294E+09
  1.404E-06 	   1.147E+27 	   2.335E+09
  1.429E-06 	   1.174E+27 	   2.376E+09
  1.455E-06 	   1.201E+27 	   2.418E+09
  1.480E-06 	   1.228E+27 	   2.461E+09
  1.506E-06 	   1.257E+27 	   2.505E+09
  1.533E-06 	   1.285E+27 	   2.549E+09
  1.560E-06 	   1.315E+27 	   2.594E+09
  1.588E-06 	   1.345E+27 	   2.640E+09
  1.616E-06 	   1.376E+27 	   2.687E+09
  1.645E-06 	   1.408E+27 	   2.734E+09
  1.674E-06 	   1.440E+27 	   2.783E+09
  1.703E-06 	   1.473E+27 	   2.832E+09
  1.733E-06 	   1.507E+27 	   2.882E+09
  1.764E-06 	   1.542E+27 	   2.933E+09
  1.795E-06 	   1.577E+27 	   2.985E+09
  1.827E-06 	   1.613E+27 	   3.038E+09
  1.859E-06 	   1.650E+27 	   3.092E+09
  1.892E-06 	   1.688E+27 	   3.147E+09
  1.926E-06 	   1.727E+27 	   3.202E+09
  1.960E-06 	   1.767E+27 	   3.259E+09
  1.995E-06 	   1.807E+27 	   3.317E+09
  2.030E-06 	   1.848E+27 	   3.376E+09
  2.066E-06 	   1.891E+27 	   3.435E+09
  2.102E-06 	   1.934E+27 	   3.496E+09
  2.140E-06 	   1.979E+27 	   3.558E+09
  2.177E-06 	   2.024E+27 	   3.621E+09
  2.216E-06 	   2.070E+27 	   3.685E+09
  2.255E-06 	   2.118E+27 	   3.750E+09
  2.295E-06 	   2.166E+27 	   3.817E+09
  2.336E-06 	   2.216E+27 	   3.884E+09
  2.377E-06 	   2.267E+27 	   3.953E+09
  2.419E-06 	   2.319E+27 	   4.023E+09
  2.462E-06 	   2.372E+27 	   4.094E+09
  2.505E-06 	   2.426E+27 	   4.167E+09
  2.550E-06 	   2.482E+27 	   4.241E+09
  2.595E-06 	   2.539E+27 	   4.316E+09
  2.641E-06 	   2.597E+27 	   4.392E+09
  2.688E-06 	   2.656E+27 	   4.470E+09
  2.735E-06 	   2.717E+27 	   4.549E+09
  2.783E-06 	   2.779E+27 	   4.630E+09
  2.833E-06 	   2.843E+27 	   4.712E+09
  2.883E-06 	   2.908E+27 	   4.795E+09
  2.934E-06 	   2.974E+27 	   4.880E+09
  2.986E-06 	   3.043E+27 	   4.966E+09
  3.039E-06 	   3.112E+27 	   5.054E+09
  3.092E-06 	   3.183E+27 	   5.144E+09
  3.147E-06 	   3.256E+27 	   5.235E+09
  3.203E-06 	   3.331E+27 	   5.328E+09
  3.259E-06 	   3.407E+27 	   5.422E+09
  3.317E-06 	   3.485E+27 	   5.518E+09
  3.376E-06 	   3.564E+27 	   5.616E+09
  3.435E-06 	   3.646E+27 	   5.715E+09
  3.496E-06 	   3.729E+27 	   5.816E+09
  3.558E-06 	   3.815E+27 	   5.919E+09
  3.621E-06 	   3.902E+27 	   6.024E+09
  3.685E-06 	   3.991E+27 	   6.131E+09
  3.750E-06 	   4.082E+27 	   6.239E+09
  3.817E-06 	   4.175E+27 	   6.350E+09
  3.884E-06 	   4.271E+27 	   6.462E+09
  3.953E-06 	   4.368E+27 	   6.577E+09
  4.023E-06 	   4.468E+27 	   6.693E+09
  4.094E-06 	   4.570E+27 	   6.812E+09
  4.167E-06 	   4.675E+27 	   6.932E+09
  4.240E-06 	   4.782E+27 	   7.055E+09
  4.315E-06 	   4.891E+27 	   7.180E+09
  4.392E-06 	   5.002E+27 	   7.307E+09
  4.469E-06 	   5.117E+27 	   7.436E+09
  4.548E-06 	   5.234E+27 	   7.568E+09
  4.629E-06 	   5.353E+27 	   7.702E+09
  4.711E-06 	   5.475E+27 	   7.839E+09
  4.794E-06 	   5.600E+27 	   7.977E+09
  4.879E-06 	   5.728E+27 	   8.119E+09
  4.965E-06 	   5.859E+27 	   8.262E+09
  5.053E-06 	   5.993E+27 	   8.409E+09
  5.142E-06 	   6.129E+27 	   8.558E+09
  5.233E-06 	   6.269E+27 	   8.709E+09
  5.326E-06 	   6.412E+27 	   8.863E+09
  5.420E-06 	   6.559E+27 	   9.020E+09
  5.516E-06 	   6.709E+27 	   9.180E+09
  5.614E-06 	   6.862E+27 	   9.342E+09
  5.713E-06 	   7.018E+27 	   9.508E+09
  5.814E-06 	   7.178E+27 	   9.676E+09
  5.917E-06 	   7.342E+27 	   9.848E+09
  6.022E-06 	   7.510E+27 	   1.002E+10
  6.128E-06 	   7.681E+27 	   1.020E+10
  6.237E-06 	   7.856E+27 	   1.038E+10
  6.347E-06 	   8.035E+27 	   1.056E+10
  6.459E-06 	   8.219E+27 	   1.075E+10
  6.573E-06 	   8.406E+27 	   1.094E+10
  6.690E-06 	   8.598E+27 	   1.113E+10
  6.808E-06 	   8.794E+27 	   1.133E+10
  6.929E-06 	   8.995E+27 	   1.153E+10
  7.051E-06 	   9.200E+27 	   1.174E+10
  7.176E-06 	   9.410E+27 	   1.194E+10
  7.303E-06 	   9.624E+27 	   1.216E+10
  7.432E-06 	   9.844E+27 	   1.237E+10
  7.563E-06 	   1.007E+28 	   1.259E+10
  7.697E-06 	   1.030E+28 	   1.281E+10
  7.833E-06 	   1.053E+28 	   1.304E+10
  7.972E-06 	   1.077E+28 	   1.327E+10
  8.113E-06 	   1.102E+28 	   1.351E+10
  8.257E-06 	   1.127E+28 	   1.375E+10
  8.403E-06 	   1.153E+28 	   1.399E+10
  8.551E-06 	   1.179E+28 	   1.424E+10
  8.702E-06 	   1.206E+28 	   1.449E+10
  8.856E-06 	   1.233E+28 	   1.475E+10
  9.013E-06 	   1.261E+28 	   1.501E+10
  9.173E-06 	   1.290E+28 	   1.527E+10
  9.335E-06 	   1.320E+28 	   1.554E+10
  9.500E-06 	   1.350E+28 	   1.582E+10
  9.668E-06 	   1.380E+28 	   1.610E+10
  9.839E-06 	   1.412E+28 	   1.638E+10
  1.001E-05 	   1.444E+28 	   1.667E+10
  1.019E-05 	   1.477E+28 	   1.697E+10
  1.037E-05 	   1.511E+28 	   1.727E+10
  1.055E-05 	   1.545E+28 	   1.757E+10
  1.074E-05 	   1.580E+28 	   1.789E+10
  1.093E-05 	   1.616E+28 	   1.820E+10
  1.112E-05 	   1.653E+28 	   1.852E+10
  1.132E-05 	   1.691E+28 	   1.885E+10
  1.152E-05 	   1.729E+28 	   1.919E+10
  1.172E-05 	   1.769E+28 	   1.953E+10
  1.193E-05 	   1.809E+28 	   1.987E+10
  1.214E-05 	   1.850E+28 	   2.022E+10
  1.236E-05 	   1.892E+28 	   2.058E+10
  1.258E-05 	   1.935E+28 	   2.095E+10
  1.280E-05 	   1.979E+28 	   2.132E+10
  1.303E-05 	   2.024E+28 	   2.169E+10
  1.326E-05 	   2.070E+28 	   2.208E+10
  1.349E-05 	   2.118E+28 	   2.247E+10
  1.373E-05 	   2.166E+28 	   2.287E+10
  1.397E-05 	   2.215E+28 	   2.327E+10
  1.422E-05 	   2.265E+28 	   2.368E+10
  1.447E-05 	   2.317E+28 	   2.410E+10
  1.473E-05 	   2.370E+28 	   2.453E+10
  1.499E-05 	   2.424E+28 	   2.497E+10
  1.525E-05 	   2.479E+28 	   2.541E+10
  1.552E-05 	   2.535E+28 	   2.586E+10
  1.580E-05 	   2.593E+28 	   2.631E+10
  1.608E-05 	   2.652E+28 	   2.678E+10
  1.636E-05 	   2.712E+28 	   2.725E+10
  1.665E-05 	   2.774E+28 	   2.774E+10
  1.694E-05 	   2.837E+28 	   2.823E+10
  1.724E-05 	   2.901E+28 	   2.873E+10
  1.755E-05 	   2.967E+28 	   2.924E+10
  1.786E-05 	   3.034E+28 	   2.975E+10
  1.817E-05 	   3.103E+28 	   3.028E+10
  1.850E-05 	   3.174E+28 	   3.082E+10
  1.882E-05 	   3.246E+28 	   3.136E+10
  1.916E-05 	   3.320E+28 	   3.192E+10
  1.949E-05 	   3.395E+28 	   3.248E+10
  1.984E-05 	   3.472E+28 	   3.306E+10
  2.019E-05 	   3.551E+28 	   3.364E+10
  2.055E-05 	   3.631E+28 	   3.424E+10
  2.091E-05 	   3.713E+28 	   3.485E+10
  2.128E-05 	   3.798E+28 	   3.546E+10
  2.166E-05 	   3.884E+28 	   3.609E+10
  2.204E-05 	   3.972E+28 	   3.673E+10
  2.243E-05 	   4.061E+28 	   3.738E+10
  2.283E-05 	   4.153E+28 	   3.804E+10
  2.323E-05 	   4.247E+28 	   3.872E+10
  2.364E-05 	   4.343E+28 	   3.940E+10
  2.406E-05 	   4.442E+28 	   4.010E+10
  2.448E-05 	   4.542E+28 	   4.081E+10
  2.492E-05 	   4.644E+28 	   4.153E+10
  2.536E-05 	   4.749E+28 	   4.227E+10
  2.581E-05 	   4.856E+28 	   4.302E+10
  2.626E-05 	   4.966E+28 	   4.378E+10
  2.673E-05 	   5.078E+28 	   4.455E+10
  2.720E-05 	   5.192E+28 	   4.534E+10
  2.768E-05 	   5.309E+28 	   4.615E+10
  2.817E-05 	   5.429E+28 	   4.696E+10
  2.867E-05 	   5.551E+28 	   4.779E+10
  2.918E-05 	   5.676E+28 	   4.864E+10
  2.969E-05 	   5.803E+28 	   4.950E+10
  3.022E-05 	   5.933E+28 	   5.038E+10
  3.075E-05 	   6.066E+28 	   5.127E+10
  3.129E-05 	   6.202E+28 	   5.218E+10
  3.185E-05 	   6.341E+28 	   5.310E+10
  3.241E-05 	   6.483E+28 	   5.404E+10
  3.298E-05 	   6.628E+28 	   5.500E+10
  3.357E-05 	   6.776E+28 	   5.597E+10
  3.416E-05 	   6.928E+28 	   5.696E+10
  3.477E-05 	   7.082E+28 	   5.797E+10
  3.538E-05 	   7.240E+28 	   5.900E+10
  3.601E-05 	   7.401E+28 	   6.004E+10
  3.664E-05 	   7.566E+28 	   6.111E+10
  3.729E-05 	   7.734E+28 	   6.219E+10
  3.795E-05 	   7.906E+28 	   6.329E+10
  3.862E-05 	   8.081E+28 	   6.441E+10
  3.930E-05 	   8.260E+28 	   6.555E+10
  4.000E-05 	   8.443E+28 	   6.671E+10
  4.071E-05 	   8.630E+28 	   6.789E+10
  4.143E-05 	   8.820E+28 	   6.910E+10
  4.216E-05 	   9.015E+28 	   7.032E+10
  4.290E-05 	   9.213E+28 	   7.156E+10
  4.366E-05 	   9.416E+28 	   7.283E+10
  4.444E-05 	   9.623E+28 	   7.412E+10
  4.522E-05 	   9.834E+28 	   7.543E+10
  4.602E-05 	   1.005E+29 	   7.677E+10
  4.683E-05 	   1.027E+29 	   7.813E+10
  4.766E-05 	   1.049E+29 	   7.951E+10
  4.851E-05 	   1.072E+29 	   8.092E+10
  4.936E-05 	   1.096E+29 	   8.235E+10
  5.024E-05 	   1.119E+29 	   8.381E+10
  5.112E-05 	   1.144E+29 	   8.529E+10
  5.203E-05 	   1.169E+29 	   8.680E+10
  5.295E-05 	   1.194E+29 	   8.834E+10
  5.388E-05 	   1.220E+29 	   8.991E+10
  5.484E-05 	   1.246E+29 	   9.150E+10
  5.581E-05 	   1.273E+29 	   9.312E+10
  5.679E-05 	   1.301E+29 	   9.477E+10
  5.780E-05 	   1.329E+29 	   9.644E+10
  5.882E-05 	   1.357E+29 	   9.815E+10
  5.986E-05 	   1.386E+29 	   9.989E+10
  6.092E-05 	   1.416E+29 	   1.017E+11
  6.200E-05 	   1.446E+29 	   1.035E+11
  6.309E-05 	   1.477E+29 	   1.053E+11
  6.421E-05 	   1.509E+29 	   1.072E+11
  6.534E-05 	   1.541E+29 	   1.091E+11
  6.650E-05 	   1.574E+29 	   1.110E+11
  6.767E-05 	   1.608E+29 	   1.129E+11
  6.887E-05 	   1.642E+29 	   1.149E+11
  7.009E-05 	   1.677E+29 	   1.170E+11
  7.133E-05 	   1.713E+29 	   1.191E+11
  7.259E-05 	   1.749E+29 	   1.212E+11
  7.387E-05 	   1.786E+29 	   1.233E+11
  7.518E-05 	   1.824E+29 	   1.255E+11
  7.651E-05 	   1.863E+29 	   1.277E+11
  7.786E-05 	   1.903E+29 	   1.300E+11
  7.924E-05 	   1.943E+29 	   1.323E+11
  8.064E-05 	   1.984E+29 	   1.346E+11
  8.206E-05 	   2.027E+29 	   1.370E+11
  8.351E-05 	   2.070E+29 	   1.394E+11
  8.499E-05 	   2.114E+29 	   1.419E+11
  8.649E-05 	   2.159E+29 	   1.444E+11
  8.802E-05 	   2.205E+29 	   1.470E+11
  8.958E-05 	   2.253E+29 	   1.496E+11
  9.116E-05 	   2.301E+29 	   1.522E+11
  9.277E-05 	   2.350E+29 	   1.549E+11
  9.441E-05 	   2.401E+29 	   1.577E+11
  9.608E-05 	   2.453E+29 	   1.604E+11
  9.778E-05 	   2.506E+29 	   1.633E+11
  9.951E-05 	   2.560E+29 	   1.662E+11
  1.013E-04 	   2.616E+29 	   1.691E+11
  1.031E-04 	   2.673E+29 	   1.721E+11
  1.049E-04 	   2.732E+29 	   1.752E+11
  1.067E-04 	   2.791E+29 	   1.783E+11
  1.086E-04 	   2.853E+29 	   1.814E+11
  1.105E-04 	   2.916E+29 	   1.846E+11
  1.125E-04 	   2.980E+29 	   1.879E+11
  1.145E-04 	   3.046E+29 	   1.912E+11
  1.165E-04 	   3.114E+29 	   1.946E+11
  1.186E-04 	   3.183E+29 	   1.981E+11
  1.207E-04 	   3.254E+29 	   2.016E+11
  1.228E-04 	   3.326E+29 	   2.051E+11
  1.250E-04 	   3.401E+29 	   2.088E+11
  1.272E-04 	   3.477E+29 	   2.125E+11
  1.294E-04 	   3.554E+29 	   2.162E+11
  1.317E-04 	   3.634E+29 	   2.201E+11
  1.340E-04 	   3.715E+29 	   2.240E+11
  1.364E-04 	   3.798E+29 	   2.279E+11
  1.388E-04 	   3.883E+29 	   2.320E+11
  1.413E-04 	   3.969E+29 	   2.361E+11
  1.438E-04 	   4.057E+29 	   2.402E+11
  1.463E-04 	   4.146E+29 	   2.445E+11
  1.489E-04 	   4.237E+29 	   2.488E+11
  1.515E-04 	   4.329E+29 	   2.532E+11
  1.542E-04 	   4.423E+29 	   2.577E+11
  1.570E-04 	   4.517E+29 	   2.623E+11
  1.597E-04 	   4.613E+29 	   2.669E+11
  1.625E-04 	   4.710E+29 	   2.717E+11
  1.654E-04 	   4.807E+29 	   2.765E+11
  1.683E-04 	   4.905E+29 	   2.814E+11
  1.713E-04 	   5.004E+29 	   2.863E+11
  1.744E-04 	   5.103E+29 	   2.914E+11
  1.774E-04 	   5.202E+29 	   2.966E+11
  1.806E-04 	   5.301E+29 	   3.018E+11
  1.838E-04 	   5.400E+29 	   3.072E+11
  1.870E-04 	   5.499E+29 	   3.126E+11
  1.903E-04 	   5.597E+29 	   3.181E+11
  1.937E-04 	   5.694E+29 	   3.238E+11
  1.971E-04 	   5.790E+29 	   3.295E+11
  2.006E-04 	   5.885E+29 	   3.353E+11
  2.041E-04 	   5.979E+29 	   3.413E+11
  2.077E-04 	   6.072E+29 	   3.473E+11
  2.114E-04 	   6.163E+29 	   3.535E+11
  2.152E-04 	   6.252E+29 	   3.597E+11
  2.190E-04 	   6.340E+29 	   3.661E+11
  2.228E-04 	   6.426E+29 	   3.726E+11
  2.268E-04 	   6.510E+29 	   3.792E+11
  2.308E-04 	   6.592E+29 	   3.859E+11
  2.349E-04 	   6.672E+29 	   3.927E+11
  2.390E-04 	   6.749E+29 	   3.997E+11
  2.432E-04 	   6.825E+29 	   4.068E+11
  2.475E-04 	   6.899E+29 	   4.140E+11
  2.519E-04 	   6.971E+29 	   4.213E+11
  2.564E-04 	   7.041E+29 	   4.288E+11
  2.609E-04 	   7.109E+29 	   4.363E+11
  2.655E-04 	   7.176E+29 	   4.441E+11
  2.702E-04 	   7.240E+29 	   4.519E+11
  2.750E-04 	   7.304E+29 	   4.599E+11
  2.798E-04 	   7.365E+29 	   4.681E+11
  2.848E-04 	   7.426E+29 	   4.764E+11
  2.898E-04 	   7.486E+29 	   4.848E+11
  2.950E-04 	   7.544E+29 	   4.934E+11
  3.002E-04 	   7.602E+29 	   5.021E+11
  3.055E-04 	   7.659E+29 	   5.110E+11
  3.109E-04 	   7.716E+29 	   5.201E+11
  3.164E-04 	   7.773E+29 	   5.293E+11
  3.220E-04 	   7.829E+29 	   5.386E+11
  3.277E-04 	   7.886E+29 	   5.482E+11
  3.334E-04 	   7.943E+29 	   5.579E+11
  3.393E-04 	   8.000E+29 	   5.678E+11
  3.453E-04 	   8.058E+29 	   5.778E+11
  3.514E-04 	   8.117E+29 	   5.880E+11
  3.577E-04 	   8.177E+29 	   5.985E+11
  3.640E-04 	   8.238E+29 	   6.091E+11
  3.704E-04 	   8.300E+29 	   6.198E+11
  3.770E-04 	   8.363E+29 	   6.308E+11
  3.836E-04 	   8.428E+29 	   6.420E+11
  3.904E-04 	   8.495E+29 	   6.534E+11
  3.973E-04 	   8.564E+29 	   6.649E+11
  4.043E-04 	   8.634E+29 	   6.767E+11
  4.115E-04 	   8.707E+29 	   6.887E+11
  4.188E-04 	   8.782E+29 	   7.009E+11
  4.262E-04 	   8.859E+29 	   7.133E+11
  4.337E-04 	   8.939E+29 	   7.259E+11
  4.414E-04 	   9.021E+29 	   7.388E+11
  4.492E-04 	   9.106E+29 	   7.519E+11
  4.571E-04 	   9.194E+29 	   7.652E+11
  4.652E-04 	   9.284E+29 	   7.787E+11
  4.734E-04 	   9.378E+29 	   7.925E+11
  4.818E-04 	   9.474E+29 	   8.065E+11
  4.903E-04 	   9.574E+29 	   8.208E+11
  4.990E-04 	   9.677E+29 	   8.353E+11
  5.078E-04 	   9.783E+29 	   8.501E+11
  5.168E-04 	   9.893E+29 	   8.652E+11
  5.259E-04 	   1.001E+30 	   8.805E+11
  5.352E-04 	   1.012E+30 	   8.961E+11
  5.447E-04 	   1.024E+30 	   9.120E+11
  5.543E-04 	   1.037E+30 	   9.281E+11
  5.641E-04 	   1.050E+30 	   9.446E+11
  5.741E-04 	   1.063E+30 	   9.613E+11
  5.842E-04 	   1.076E+30 	   9.783E+11
  5.945E-04 	   1.090E+30 	   9.956E+11
  6.050E-04 	   1.105E+30 	   1.013E+12
  6.157E-04 	   1.120E+30 	   1.031E+12
  6.266E-04 	   1.135E+30 	   1.049E+12
  6.377E-04 	   1.151E+30 	   1.068E+12
  6.490E-04 	   1.167E+30 	   1.087E+12
  6.605E-04 	   1.183E+30 	   1.106E+12
  6.721E-04 	   1.201E+30 	   1.126E+12
  6.840E-04 	   1.218E+30 	   1.146E+12
  6.961E-04 	   1.236E+30 	   1.166E+12
  7.084E-04 	   1.255E+30 	   1.187E+12
  7.209E-04 	   1.274E+30 	   1.208E+12
  7.337E-04 	   1.293E+30 	   1.229E+12
  7.467E-04 	   1.313E+30 	   1.251E+12
  7.599E-04 	   1.334E+30 	   1.273E+12
  7.733E-04 	   1.355E+30 	   1.295E+12
  7.870E-04 	   1.377E+30 	   1.318E+12
  8.009E-04 	   1.399E+30 	   1.342E+12
  8.150E-04 	   1.422E+30 	   1.366E+12
  8.294E-04 	   1.445E+30 	   1.390E+12
  8.441E-04 	   1.469E+30 	   1.414E+12
  8.590E-04 	   1.494E+30 	   1.439E+12
  8.742E-04 	   1.519E+30 	   1.465E+12
  8.897E-04 	   1.545E+30 	   1.491E+12
  9.054E-04 	   1.572E+30 	   1.517E+12
  9.214E-04 	   1.599E+30 	   1.544E+12
  9.377E-04 	   1.627E+30 	   1.571E+12
  9.543E-04 	   1.655E+30 	   1.599E+12
  9.711E-04 	   1.685E+30 	   1.628E+12
  9.883E-04 	   1.715E+30 	   1.656E+12
  1.006E-03 	   1.745E+30 	   1.686E+12
  1.024E-03 	   1.777E+30 	   1.716E+12
  1.042E-03 	   1.809E+30 	   1.746E+12
  1.060E-03 	   1.842E+30 	   1.777E+12
  1.079E-03 	   1.876E+30 	   1.808E+12
  1.098E-03 	   1.910E+30 	   1.840E+12
  1.117E-03 	   1.946E+30 	   1.873E+12
  1.137E-03 	   1.982E+30 	   1.906E+12
  1.157E-03 	   2.019E+30 	   1.940E+12
  1.178E-03 	   2.057E+30 	   1.974E+12
  1.198E-03 	   2.096E+30 	   2.009E+12
  1.220E-03 	   2.136E+30 	   2.045E+12
  1.241E-03 	   2.177E+30 	   2.081E+12
  1.263E-03 	   2.219E+30 	   2.118E+12
  1.285E-03 	   2.262E+30 	   2.155E+12
  1.308E-03 	   2.305E+30 	   2.193E+12
  1.331E-03 	   2.350E+30 	   2.232E+12
  1.355E-03 	   2.396E+30 	   2.272E+12
  1.379E-03 	   2.443E+30 	   2.312E+12
  1.403E-03 	   2.491E+30 	   2.353E+12
  1.428E-03 	   2.540E+30 	   2.395E+12
  1.453E-03 	   2.591E+30 	   2.437E+12
  1.479E-03 	   2.643E+30 	   2.480E+12
  1.505E-03 	   2.695E+30 	   2.524E+12
  1.532E-03 	   2.749E+30 	   2.569E+12
  1.559E-03 	   2.805E+30 	   2.614E+12
  1.586E-03 	   2.861E+30 	   2.661E+12
  1.614E-03 	   2.919E+30 	   2.708E+12
  1.643E-03 	   2.979E+30 	   2.756E+12
  1.672E-03 	   3.040E+30 	   2.804E+12
  1.702E-03 	   3.102E+30 	   2.854E+12
  1.732E-03 	   3.166E+30 	   2.905E+12
  1.762E-03 	   3.231E+30 	   2.956E+12
  1.793E-03 	   3.298E+30 	   3.008E+12
  1.825E-03 	   3.366E+30 	   3.062E+12
  1.857E-03 	   3.436E+30 	   3.116E+12
  1.890E-03 	   3.508E+30 	   3.171E+12
  1.924E-03 	   3.581E+30 	   3.227E+12
  1.958E-03 	   3.656E+30 	   3.284E+12
  1.992E-03 	   3.733E+30 	   3.342E+12
  2.027E-03 	   3.812E+30 	   3.402E+12
  2.063E-03 	   3.892E+30 	   3.462E+12
  2.100E-03 	   3.975E+30 	   3.523E+12
  2.137E-03 	   4.059E+30 	   3.586E+12
  2.175E-03 	   4.146E+30 	   3.649E+12
  2.213E-03 	   4.235E+30 	   3.714E+12
  2.252E-03 	   4.325E+30 	   3.779E+12
  2.292E-03 	   4.418E+30 	   3.846E+12
  2.333E-03 	   4.513E+30 	   3.914E+12
  2.374E-03 	   4.611E+30 	   3.984E+12
  2.416E-03 	   4.711E+30 	   4.054E+12
  2.459E-03 	   4.813E+30 	   4.126E+12
  2.502E-03 	   4.918E+30 	   4.199E+12
  2.546E-03 	   5.025E+30 	   4.273E+12
  2.591E-03 	   5.135E+30 	   4.349E+12
  2.637E-03 	   5.247E+30 	   4.426E+12
  2.684E-03 	   5.363E+30 	   4.504E+12
  2.731E-03 	   5.481E+30 	   4.584E+12
  2.779E-03 	   5.602E+30 	   4.665E+12
  2.829E-03 	   5.726E+30 	   4.748E+12
  2.879E-03 	   5.853E+30 	   4.832E+12
  2.929E-03 	   5.983E+30 	   4.918E+12
  2.981E-03 	   6.116E+30 	   5.005E+12
  3.034E-03 	   6.252E+30 	   5.093E+12
  3.088E-03 	   6.392E+30 	   5.184E+12
  3.142E-03 	   6.535E+30 	   5.275E+12
  3.198E-03 	   6.682E+30 	   5.369E+12
  3.254E-03 	   6.833E+30 	   5.464E+12
  3.312E-03 	   6.987E+30 	   5.561E+12
  3.370E-03 	   7.145E+30 	   5.659E+12
  3.430E-03 	   7.307E+30 	   5.759E+12
  3.491E-03 	   7.473E+30 	   5.861E+12
  3.552E-03 	   7.643E+30 	   5.965E+12
  3.615E-03 	   7.817E+30 	   6.071E+12
  3.679E-03 	   7.995E+30 	   6.178E+12
  3.744E-03 	   8.178E+30 	   6.287E+12
  3.810E-03 	   8.366E+30 	   6.399E+12
  3.878E-03 	   8.558E+30 	   6.512E+12
  3.946E-03 	   8.755E+30 	   6.627E+12
  4.016E-03 	   8.957E+30 	   6.745E+12
  4.087E-03 	   9.164E+30 	   6.864E+12
  4.159E-03 	   9.376E+30 	   6.986E+12
  4.233E-03 	   9.593E+30 	   7.109E+12
  4.308E-03 	   9.816E+30 	   7.235E+12
  4.384E-03 	   1.004E+31 	   7.363E+12
  4.461E-03 	   1.028E+31 	   7.494E+12
  4.540E-03 	   1.052E+31 	   7.626E+12
  4.620E-03 	   1.077E+31 	   7.762E+12
  4.702E-03 	   1.102E+31 	   7.899E+12
  4.785E-03 	   1.128E+31 	   8.039E+12
  4.870E-03 	   1.154E+31 	   8.181E+12
  4.956E-03 	   1.181E+31 	   8.326E+12
  5.044E-03 	   1.209E+31 	   8.473E+12
  5.133E-03 	   1.238E+31 	   8.624E+12
  5.224E-03 	   1.267E+31 	   8.776E+12
  5.316E-03 	   1.297E+31 	   8.932E+12
  5.410E-03 	   1.328E+31 	   9.090E+12
  5.505E-03 	   1.359E+31 	   9.251E+12
  5.603E-03 	   1.392E+31 	   9.414E+12
  5.702E-03 	   1.425E+31 	   9.581E+12
  5.803E-03 	   1.459E+31 	   9.751E+12
  5.905E-03 	   1.494E+31 	   9.924E+12
  6.010E-03 	   1.530E+31 	   1.010E+13
  6.116E-03 	   1.566E+31 	   1.028E+13
  6.224E-03 	   1.604E+31 	   1.046E+13
  6.334E-03 	   1.642E+31 	   1.065E+13
  6.446E-03 	   1.682E+31 	   1.083E+13
  6.560E-03 	   1.723E+31 	   1.103E+13
  6.676E-03 	   1.764E+31 	   1.122E+13
  6.794E-03 	   1.807E+31 	   1.142E+13
  6.914E-03 	   1.850E+31 	   1.162E+13
  7.036E-03 	   1.895E+31 	   1.183E+13
  7.161E-03 	   1.941E+31 	   1.204E+13
  7.287E-03 	   1.988E+31 	   1.225E+13
  7.416E-03 	   2.036E+31 	   1.247E+13
  7.547E-03 	   2.086E+31 	   1.269E+13
  7.681E-03 	   2.136E+31 	   1.291E+13
  7.817E-03 	   2.188E+31 	   1.314E+13
  7.955E-03 	   2.241E+31 	   1.337E+13
  8.095E-03 	   2.296E+31 	   1.361E+13
  8.238E-03 	   2.352E+31 	   1.385E+13
  8.384E-03 	   2.409E+31 	   1.410E+13
  8.532E-03 	   2.468E+31 	   1.435E+13
  8.683E-03 	   2.528E+31 	   1.460E+13
  8.837E-03 	   2.590E+31 	   1.486E+13
  8.993E-03 	   2.653E+31 	   1.512E+13
  9.152E-03 	   2.718E+31 	   1.539E+13
  9.314E-03 	   2.784E+31 	   1.566E+13
  9.478E-03 	   2.852E+31 	   1.594E+13
  9.646E-03 	   2.922E+31 	   1.622E+13
  9.816E-03 	   2.994E+31 	   1.651E+13
  9.990E-03 	   3.067E+31 	   1.680E+13
  1.017E-02 	   3.142E+31 	   1.710E+13
  1.035E-02 	   3.218E+31 	   1.740E+13
  1.053E-02 	   3.297E+31 	   1.771E+13
  1.072E-02 	   3.378E+31 	   1.802E+13
  1.090E-02 	   3.460E+31 	   1.834E+13
  1.110E-02 	   3.545E+31 	   1.867E+13
  1.129E-02 	   3.631E+31 	   1.900E+13
  1.149E-02 	   3.720E+31 	   1.933E+13
  1.170E-02 	   3.811E+31 	   1.968E+13
  1.190E-02 	   3.904E+31 	   2.002E+13
  1.211E-02 	   3.999E+31 	   2.038E+13
  1.233E-02 	   4.096E+31 	   2.074E+13
  1.255E-02 	   4.196E+31 	   2.111E+13
  1.277E-02 	   4.298E+31 	   2.148E+13
  1.299E-02 	   4.402E+31 	   2.186E+13
  1.322E-02 	   4.509E+31 	   2.225E+13
  1.346E-02 	   4.619E+31 	   2.264E+13
  1.369E-02 	   4.731E+31 	   2.304E+13
  1.394E-02 	   4.845E+31 	   2.345E+13
  1.418E-02 	   4.962E+31 	   2.387E+13
  1.443E-02 	   5.082E+31 	   2.429E+13
  1.469E-02 	   5.205E+31 	   2.472E+13
  1.495E-02 	   5.330E+31 	   2.516E+13
  1.521E-02 	   5.458E+31 	   2.560E+13
  1.548E-02 	   5.590E+31 	   2.606E+13
  1.575E-02 	   5.724E+31 	   2.652E+13
  1.603E-02 	   5.861E+31 	   2.699E+13
  1.632E-02 	   6.001E+31 	   2.747E+13
  1.660E-02 	   6.144E+31 	   2.795E+13
  1.690E-02 	   6.291E+31 	   2.845E+13
  1.720E-02 	   6.441E+31 	   2.895E+13
  1.750E-02 	   6.594E+31 	   2.946E+13
  1.781E-02 	   6.750E+31 	   2.998E+13
  1.812E-02 	   6.910E+31 	   3.052E+13
  1.844E-02 	   7.074E+31 	   3.106E+13
  1.877E-02 	   7.241E+31 	   3.161E+13
  1.910E-02 	   7.411E+31 	   3.217E+13
  1.944E-02 	   7.585E+31 	   3.273E+13
  1.978E-02 	   7.764E+31 	   3.331E+13
  2.013E-02 	   7.945E+31 	   3.390E+13
  2.049E-02 	   8.131E+31 	   3.450E+13
  2.085E-02 	   8.321E+31 	   3.512E+13
  2.122E-02 	   8.515E+31 	   3.574E+13
  2.159E-02 	   8.713E+31 	   3.637E+13
  2.197E-02 	   8.915E+31 	   3.701E+13
  2.236E-02 	   9.122E+31 	   3.767E+13
  2.276E-02 	   9.333E+31 	   3.834E+13
  2.316E-02 	   9.549E+31 	   3.902E+13
  2.357E-02 	   9.769E+31 	   3.971E+13
  2.398E-02 	   9.994E+31 	   4.041E+13
  2.441E-02 	   1.022E+32 	   4.112E+13
  2.484E-02 	   1.046E+32 	   4.185E+13
  2.528E-02 	   1.070E+32 	   4.259E+13
  2.572E-02 	   1.094E+32 	   4.335E+13
  2.618E-02 	   1.119E+32 	   4.412E+13
  2.664E-02 	   1.145E+32 	   4.490E+13
  2.711E-02 	   1.171E+32 	   4.569E+13
  2.759E-02 	   1.198E+32 	   4.650E+13
  2.808E-02 	   1.225E+32 	   4.732E+13
  2.857E-02 	   1.253E+32 	   4.816E+13
  2.908E-02 	   1.282E+32 	   4.901E+13
  2.959E-02 	   1.311E+32 	   4.988E+13
  3.011E-02 	   1.341E+32 	   5.077E+13
  3.065E-02 	   1.372E+32 	   5.167E+13
  3.119E-02 	   1.403E+32 	   5.258E+13
  3.174E-02 	   1.435E+32 	   5.351E+13
  3.230E-02 	   1.468E+32 	   5.446E+13
  3.287E-02 	   1.502E+32 	   5.542E+13
  3.345E-02 	   1.536E+32 	   5.640E+13
  3.404E-02 	   1.571E+32 	   5.740E+13
  3.464E-02 	   1.608E+32 	   5.842E+13
  3.525E-02 	   1.645E+32 	   5.945E+13
  3.587E-02 	   1.683E+32 	   6.051E+13
  3.651E-02 	   1.722E+32 	   6.158E+13
  3.715E-02 	   1.762E+32 	   6.267E+13
  3.781E-02 	   1.804E+32 	   6.378E+13
  3.847E-02 	   1.846E+32 	   6.491E+13
  3.915E-02 	   1.890E+32 	   6.606E+13
  3.984E-02 	   1.935E+32 	   6.723E+13
  4.055E-02 	   1.981E+32 	   6.842E+13
  4.126E-02 	   2.029E+32 	   6.963E+13
  4.199E-02 	   2.078E+32 	   7.086E+13
  4.273E-02 	   2.129E+32 	   7.212E+13
  4.349E-02 	   2.181E+32 	   7.339E+13
  4.425E-02 	   2.235E+32 	   7.469E+13
  4.503E-02 	   2.290E+32 	   7.601E+13
  4.583E-02 	   2.348E+32 	   7.736E+13
  4.664E-02 	   2.407E+32 	   7.873E+13
  4.746E-02 	   2.469E+32 	   8.012E+13
  4.830E-02 	   2.532E+32 	   8.154E+13
  4.915E-02 	   2.598E+32 	   8.299E+13
  5.002E-02 	   2.666E+32 	   8.446E+13
  5.090E-02 	   2.737E+32 	   8.595E+13
  5.180E-02 	   2.810E+32 	   8.747E+13
  5.271E-02 	   2.886E+32 	   8.902E+13
  5.364E-02 	   2.966E+32 	   9.060E+13
  5.458E-02 	   3.048E+32 	   9.220E+13
  5.555E-02 	   3.133E+32 	   9.384E+13
  5.653E-02 	   3.222E+32 	   9.550E+13
  5.752E-02 	   3.314E+32 	   9.719E+13
  5.854E-02 	   3.411E+32 	   9.891E+13
  5.957E-02 	   3.511E+32 	   1.007E+14
  6.062E-02 	   3.615E+32 	   1.024E+14
  6.169E-02 	   3.724E+32 	   1.043E+14
  6.277E-02 	   3.838E+32 	   1.061E+14
  6.388E-02 	   3.957E+32 	   1.080E+14
  6.501E-02 	   4.081E+32 	   1.099E+14
  6.615E-02 	   4.210E+32 	   1.118E+14
  6.732E-02 	   4.346E+32 	   1.138E+14
  6.850E-02 	   4.487E+32 	   1.158E+14
  6.971E-02 	   4.636E+32 	   1.179E+14
  7.094E-02 	   4.791E+32 	   1.200E+14
  7.219E-02 	   4.953E+32 	   1.221E+14
  7.346E-02 	   5.124E+32 	   1.243E+14
  7.475E-02 	   5.302E+32 	   1.265E+14
  7.607E-02 	   5.489E+32 	   1.287E+14
  7.741E-02 	   5.685E+32 	   1.310E+14
  7.877E-02 	   5.891E+32 	   1.333E+14
  8.016E-02 	   6.107E+32 	   1.357E+14
  8.157E-02 	   6.334E+32 	   1.381E+14
  8.301E-02 	   6.572E+32 	   1.405E+14
  8.447E-02 	   6.823E+32 	   1.430E+14
  8.595E-02 	   7.086E+32 	   1.455E+14
  8.747E-02 	   7.362E+32 	   1.481E+14
  8.901E-02 	   7.653E+32 	   1.507E+14
  9.057E-02 	   7.959E+32 	   1.534E+14
  9.216E-02 	   8.281E+32 	   1.561E+14
  9.379E-02 	   8.620E+32 	   1.589E+14
  9.544E-02 	   8.976E+32 	   1.617E+14
  9.711E-02 	   9.352E+32 	   1.645E+14
  9.882E-02 	   9.747E+32 	   1.675E+14
  1.006E-01 	   1.016E+33 	   1.704E+14
  1.023E-01 	   1.060E+33 	   1.734E+14
  1.041E-01 	   1.106E+33 	   1.765E+14
  1.060E-01 	   1.155E+33 	   1.796E+14
  1.078E-01 	   1.207E+33 	   1.828E+14
  1.097E-01 	   1.261E+33 	   1.861E+14
  1.116E-01 	   1.318E+33 	   1.894E+14
  1.136E-01 	   1.378E+33 	   1.927E+14
  1.156E-01 	   1.441E+33 	   1.961E+14
  1.176E-01 	   1.508E+33 	   1.996E+14
  1.197E-01 	   1.579E+33 	   2.031E+14
  1.218E-01 	   1.653E+33 	   2.067E+14
  1.239E-01 	   1.732E+33 	   2.104E+14
  1.261E-01 	   1.815E+33 	   2.141E+14
  1.283E-01 	   1.903E+33 	   2.179E+14
  1.306E-01 	   1.995E+33 	   2.218E+14
  1.328E-01 	   2.092E+33 	   2.257E+14
  1.352E-01 	   2.195E+33 	   2.297E+14
  1.375E-01 	   2.304E+33 	   2.337E+14
  1.399E-01 	   2.419E+33 	   2.379E+14
  1.424E-01 	   2.540E+33 	   2.421E+14
  1.449E-01 	   2.667E+33 	   2.464E+14
  1.474E-01 	   2.802E+33 	   2.507E+14
  1.500E-01 	   2.944E+33 	   2.552E+14
  1.526E-01 	   3.094E+33 	   2.597E+14
  1.553E-01 	   3.253E+33 	   2.643E+14
  1.580E-01 	   3.420E+33 	   2.690E+14
  1.608E-01 	   3.597E+33 	   2.737E+14
  1.636E-01 	   3.783E+33 	   2.786E+14
  1.664E-01 	   3.980E+33 	   2.835E+14
  1.693E-01 	   4.187E+33 	   2.885E+14
  1.723E-01 	   4.406E+33 	   2.937E+14
  1.753E-01 	   4.637E+33 	   2.989E+14
  1.783E-01 	   4.881E+33 	   3.041E+14
  1.814E-01 	   5.138E+33 	   3.095E+14
  1.846E-01 	   5.409E+33 	   3.150E+14
  1.878E-01 	   5.696E+33 	   3.206E+14
  1.910E-01 	   5.997E+33 	   3.263E+14
  1.944E-01 	   6.315E+33 	   3.320E+14
  1.977E-01 	   6.651E+33 	   3.379E+14
  2.012E-01 	   7.005E+33 	   3.439E+14
  2.046E-01 	   7.378E+33 	   3.500E+14
  2.082E-01 	   7.771E+33 	   3.562E+14
  2.118E-01 	   8.185E+33 	   3.625E+14
  2.155E-01 	   8.621E+33 	   3.689E+14
  2.192E-01 	   9.081E+33 	   3.755E+14
  2.230E-01 	   9.566E+33 	   3.821E+14
  2.268E-01 	   1.008E+34 	   3.889E+14
  2.307E-01 	   1.061E+34 	   3.958E+14
  2.347E-01 	   1.118E+34 	   4.028E+14
  2.387E-01 	   1.178E+34 	   4.099E+14
  2.428E-01 	   1.240E+34 	   4.172E+14
  2.470E-01 	   1.306E+34 	   4.245E+14
  2.512E-01 	   1.376E+34 	   4.321E+14
  2.555E-01 	   1.449E+34 	   4.397E+14
  2.599E-01 	   1.526E+34 	   4.475E+14
  2.643E-01 	   1.606E+34 	   4.554E+14
  2.688E-01 	   1.691E+34 	   4.635E+14
  2.734E-01 	   1.781E+34 	   4.717E+14
  2.780E-01 	   1.875E+34 	   4.800E+14
  2.828E-01 	   1.973E+34 	   4.885E+14
  2.875E-01 	   2.077E+34 	   4.972E+14
  2.924E-01 	   2.186E+34 	   5.060E+14
  2.974E-01 	   2.300E+34 	   5.150E+14
  3.024E-01 	   2.420E+34 	   5.241E+14
  3.075E-01 	   2.546E+34 	   5.334E+14
  3.126E-01 	   2.679E+34 	   5.428E+14
  3.179E-01 	   2.817E+34 	   5.524E+14
  3.232E-01 	   2.963E+34 	   5.622E+14
  3.286E-01 	   3.116E+34 	   5.721E+14
  3.341E-01 	   3.276E+34 	   5.823E+14
  3.397E-01 	   3.444E+34 	   5.926E+14
  3.453E-01 	   3.620E+34 	   6.031E+14
  3.511E-01 	   3.804E+34 	   6.138E+14
  3.569E-01 	   3.997E+34 	   6.246E+14
  3.628E-01 	   4.200E+34 	   6.357E+14
  3.688E-01 	   4.411E+34 	   6.469E+14
  3.748E-01 	   4.633E+34 	   6.584E+14
  3.810E-01 	   4.865E+34 	   6.701E+14
  3.872E-01 	   5.108E+34 	   6.819E+14
  3.936E-01 	   5.363E+34 	   6.940E+14
  4.000E-01 	   5.628E+34 	   7.063E+14
  4.065E-01 	   5.906E+34 	   7.188E+14
  4.130E-01 	   6.197E+34 	   7.315E+14
  4.197E-01 	   6.501E+34 	   7.445E+14
  4.265E-01 	   6.818E+34 	   7.576E+14
  4.333E-01 	   7.149E+34 	   7.711E+14
  4.403E-01 	   7.495E+34 	   7.847E+14
  4.473E-01 	   7.857E+34 	   7.986E+14
  4.544E-01 	   8.234E+34 	   8.128E+14
  4.617E-01 	   8.628E+34 	   8.271E+14
  4.690E-01 	   9.039E+34 	   8.418E+14
  4.764E-01 	   9.467E+34 	   8.567E+14
  4.839E-01 	   9.914E+34 	   8.719E+14
  4.914E-01 	   1.038E+35 	   8.873E+14
  4.991E-01 	   1.087E+35 	   9.030E+14
  5.069E-01 	   1.137E+35 	   9.190E+14
  5.147E-01 	   1.190E+35 	   9.353E+14
  5.227E-01 	   1.245E+35 	   9.518E+14
  5.307E-01 	   1.302E+35 	   9.687E+14
  5.389E-01 	   1.361E+35 	   9.858E+14
  5.471E-01 	   1.423E+35 	   1.003E+15
  5.554E-01 	   1.488E+35 	   1.021E+15
  5.639E-01 	   1.555E+35 	   1.039E+15
  5.724E-01 	   1.625E+35 	   1.058E+15
  5.810E-01 	   1.697E+35 	   1.076E+15
  5.897E-01 	   1.772E+35 	   1.095E+15
  5.985E-01 	   1.851E+35 	   1.115E+15
  6.074E-01 	   1.932E+35 	   1.134E+15
  6.163E-01 	   2.016E+35 	   1.155E+15
  6.254E-01 	   2.104E+35 	   1.175E+15
  6.346E-01 	   2.195E+35 	   1.196E+15
  6.438E-01 	   2.290E+35 	   1.217E+15
  6.532E-01 	   2.388E+35 	   1.239E+15
  6.626E-01 	   2.490E+35 	   1.260E+15
  6.722E-01 	   2.595E+35 	   1.283E+15
  6.818E-01 	   2.704E+35 	   1.305E+15
  6.915E-01 	   2.818E+35 	   1.329E+15
  7.013E-01 	   2.935E+35 	   1.352E+15
  7.112E-01 	   3.057E+35 	   1.376E+15
  7.212E-01 	   3.183E+35 	   1.400E+15
  7.313E-01 	   3.314E+35 	   1.425E+15
  7.415E-01 	   3.449E+35 	   1.450E+15
  7.518E-01 	   3.589E+35 	   1.476E+15
  7.621E-01 	   3.734E+35 	   1.502E+15
  7.726E-01 	   3.884E+35 	   1.529E+15
  7.831E-01 	   4.039E+35 	   1.556E+15
  7.937E-01 	   4.199E+35 	   1.584E+15
  8.045E-01 	   4.365E+35 	   1.612E+15
  8.153E-01 	   4.536E+35 	   1.640E+15
  8.262E-01 	   4.713E+35 	   1.669E+15
  8.372E-01 	   4.896E+35 	   1.699E+15
  8.482E-01 	   5.084E+35 	   1.729E+15
  8.594E-01 	   5.279E+35 	   1.759E+15
  8.706E-01 	   5.481E+35 	   1.791E+15
  8.820E-01 	   5.689E+35 	   1.822E+15
  8.934E-01 	   5.903E+35 	   1.854E+15
  9.049E-01 	   6.124E+35 	   1.887E+15
  9.165E-01 	   6.352E+35 	   1.921E+15
  9.282E-01 	   6.588E+35 	   1.955E+15
  9.400E-01 	   6.830E+35 	   1.989E+15
  9.519E-01 	   7.080E+35 	   2.025E+15
  9.638E-01 	   7.338E+35 	   2.060E+15
  9.759E-01 	   7.604E+35 	   2.097E+15
  9.880E-01 	   7.877E+35 	   2.134E+15
  1.000E+00 	   8.159E+35 	   2.172E+15
  1.012E+00 	   8.449E+35 	   2.210E+15
  1.025E+00 	   8.748E+35 	   2.249E+15
  1.037E+00 	   9.055E+35 	   2.289E+15
  1.050E+00 	   9.371E+35 	   2.330E+15
  1.063E+00 	   9.697E+35 	   2.371E+15
  1.075E+00 	   1.003E+36 	   2.413E+15
  1.088E+00 	   1.038E+36 	   2.456E+15
  1.101E+00 	   1.073E+36 	   2.499E+15
  1.114E+00 	   1.109E+36 	   2.543E+15
  1.127E+00 	   1.147E+36 	   2.589E+15
  1.140E+00 	   1.185E+36 	   2.634E+15
  1.154E+00 	   1.225E+36 	   2.681E+15
  1.167E+00 	   1.265E+36 	   2.728E+15
  1.180E+00 	   1.307E+36 	   2.777E+15
  1.194E+00 	   1.349E+36 	   2.826E+15
  1.207E+00 	   1.393E+36 	   2.876E+15
  1.221E+00 	   1.438E+36 	   2.927E+15
  1.235E+00 	   1.484E+36 	   2.979E+15
  1.249E+00 	   1.532E+36 	   3.032E+15
  1.263E+00 	   1.580E+36 	   3.085E+15
  1.277E+00 	   1.630E+36 	   3.140E+15
  1.291E+00 	   1.681E+36 	   3.195E+15
  1.305E+00 	   1.734E+36 	   3.252E+15
  1.320E+00 	   1.787E+36 	   3.310E+15
  1.334E+00 	   1.843E+36 	   3.368E+15
  1.349E+00 	   1.899E+36 	   3.428E+15
  1.363E+00 	   1.957E+36 	   3.489E+15
  1.378E+00 	   2.016E+36 	   3.550E+15
  1.393E+00 	   2.076E+36 	   3.613E+15
  1.408E+00 	   2.139E+36 	   3.677E+15
  1.423E+00 	   2.202E+36 	   3.742E+15
  1.438E+00 	   2.267E+36 	   3.808E+15
  1.453E+00 	   2.334E+36 	   3.876E+15
  1.468E+00 	   2.402E+36 	   3.945E+15
  1.484E+00 	   2.471E+36 	   4.014E+15
  1.499E+00 	   2.543E+36 	   4.085E+15
  1.515E+00 	   2.616E+36 	   4.158E+15
  1.530E+00 	   2.690E+36 	   4.231E+15
  1.546E+00 	   2.766E+36 	   4.306E+15
  1.562E+00 	   2.844E+36 	   4.383E+15
  1.578E+00 	   2.924E+36 	   4.460E+15
  1.594E+00 	   3.005E+36 	   4.539E+15
  1.611E+00 	   3.088E+36 	   4.620E+15
  1.627E+00 	   3.173E+36 	   4.701E+15
  1.643E+00 	   3.260E+36 	   4.785E+15
  1.660E+00 	   3.349E+36 	   4.869E+15
  1.677E+00 	   3.439E+36 	   4.956E+15
  1.693E+00 	   3.532E+36 	   5.043E+15
  1.710E+00 	   3.626E+36 	   5.133E+15
  1.727E+00 	   3.722E+36 	   5.223E+15
  1.744E+00 	   3.821E+36 	   5.316E+15
  1.762E+00 	   3.921E+36 	   5.410E+15
  1.779E+00 	   4.024E+36 	   5.506E+15
  1.797E+00 	   4.128E+36 	   5.603E+15
  1.814E+00 	   4.235E+36 	   5.703E+15
  1.832E+00 	   4.343E+36 	   5.804E+15
  1.850E+00 	   4.454E+36 	   5.906E+15
  1.868E+00 	   4.567E+36 	   6.011E+15
  1.886E+00 	   4.683E+36 	   6.117E+15
  1.904E+00 	   4.800E+36 	   6.226E+15
  1.922E+00 	   4.920E+36 	   6.336E+15
  1.941E+00 	   5.042E+36 	   6.448E+15
  1.960E+00 	   5.167E+36 	   6.562E+15
  1.978E+00 	   5.294E+36 	   6.678E+15
  1.997E+00 	   5.423E+36 	   6.797E+15
  2.016E+00 	   5.555E+36 	   6.917E+15
  2.035E+00 	   5.689E+36 	   7.040E+15
  2.055E+00 	   5.826E+36 	   7.164E+15
  2.074E+00 	   5.965E+36 	   7.291E+15
  2.094E+00 	   6.107E+36 	   7.420E+15
  2.113E+00 	   6.251E+36 	   7.552E+15
  2.133E+00 	   6.398E+36 	   7.685E+15
  2.153E+00 	   6.548E+36 	   7.821E+15
  2.173E+00 	   6.700E+36 	   7.960E+15
  2.193E+00 	   6.856E+36 	   8.101E+15
  2.214E+00 	   7.014E+36 	   8.244E+15
  2.234E+00 	   7.174E+36 	   8.390E+15
  2.255E+00 	   7.338E+36 	   8.539E+15
  2.276E+00 	   7.504E+36 	   8.690E+15
  2.297E+00 	   7.674E+36 	   8.844E+15
  2.318E+00 	   7.846E+36 	   9.000E+15
  2.339E+00 	   8.021E+36 	   9.160E+15
  2.361E+00 	   8.199E+36 	   9.322E+15
  2.383E+00 	   8.381E+36 	   9.487E+15
  2.404E+00 	   8.565E+36 	   9.655E+15
  2.426E+00 	   8.753E+36 	   9.826E+15
  2.448E+00 	   8.944E+36 	   1.000E+16
