4.00000001e-15	6.302945748716805e-26	4.351707029680875e-12
4.73000011e-15	6.302945614818121e-25	4.385181901361303e-12
4.7599999e-15	6.302945614818122e-24	4.407498337424682e-12
4.91000012e-15	6.302945960723054e-23	4.546975920553448e-12
6.99000006e-15	7.551104552555234e-22	6.471769917429146e-12
9.89999996e-15	8.736777248382057e-21	9.149743617496096e-12
2.71999999e-14	1.0609016168266013e-19	2.5161794911850037e-11
1.27e-13	3.632001829948672e-18	1.1827716915866996e-10
6.93000019e-13	1.185672907833073e-16	6.415978632001786e-10
6.29500011e-12	6.08078550546753e-15	5.824592948002679e-9
1.58099991e-11	3.1003124302611025e-14	1.4628431042178087e-8
3.97200016e-11	1.517072015175184e-13	3.6749608457933496e-8
9.97599989e-11	7.182883240348137e-13	9.22785101539835e-8
2.50600013e-10	3.286319950903816e-12	2.318678910957376e-7
6.29399977e-10	1.4465520754295918e-11	5.824592479357286e-7
1.581e-9	6.08770373800491e-11	1.4628431488507032e-6
3.97200006e-9	2.44063831733988e-10	3.6755189243472444e-6
4.99999997e-9	3.281968243695604e-10	4.626757397902255e-6
9.97599958e-9	8.955255713010489e-10	9.233429602767239e-6
1.98999999e-8	2.3919883842892214e-9	0.000018422227181432718
3.97199997e-8	6.278062742691364e-9	0.00003676076869002455
7.9240003e-8	1.6250836532024102e-8	0.00007336532325373801
1.58099994e-7	4.16625735326936e-8	0.00014639588819459942
1.98999999e-7	5.453023833965633e-8	0.00018433386074536936
3.15499989e-7	1.0165922706985048e-7	0.00029217806962731534
4.99999999e-7	1.8903147176969427e-7	0.00046312206427136807
6.29400006e-7	2.5767685114929705e-7	0.0005830171702744923
7.92399987e-7	3.1427137022985945e-7	0.0007342111002008481
9.97599955e-7	4.2810757754965417e-7	0.000924458816112475
1.58099999e-6	7.937960432939077e-7	0.0014650748047310871
2.5060001e-6	1.4703190805623745e-6	0.002323142055344789
3.97199983e-6	2.7221601762999334e-6	0.003682771814327159
4.99999987e-6	3.533363099754519e-6	0.0046373577214907395
6.29399983e-6	4.806516235215354e-6	0.005835750937290783
7.92399987e-6	6.540169783530463e-6	0.007353269471100201
9.976e-6	8.892769939745593e-6	0.00925574675295693
0.00001256	0.000012094398348582906	0.011660343673287213
0.0000158099992	0.000015620397121178308	0.014678642936844455
0.0000199000006	0.00002124302644498996	0.018483597411292123
0.0000250600006	0.000028880830841330063	0.02327605434054899
0.0000315500001	0.00003712564126311091	0.02931265286766347
0.0000397199983	0.00005047980272260657	0.03691698437848694
0.0000499999987	0.0000686465036822138	0.046485161459495654
0.000062940002	0.00009329613847355502	0.058524884735550106
0.0000792400024	0.00012686900357063158	0.07375585817897791
0.00009976	0.00016207320464182103	0.09283642021870118
0.000110499997	0.00018047310421780854	0.10287881834411962
0.000125599996	0.00020531130997545192	0.1169381856728409
0.000158099996	0.0002791452756081232	0.14728854831510826
0.000199000002	0.0003629546942646731	0.18550547199285877
0.0002	0.0003650583071244091	0.1864427078218159
0.0012000000000000001	0.0013466049411602658	1.1275971610957916
0.0022	0.002455108305668602	2.0687210373335083
0.0032	0.003812223176184099	3.010410550403603
0.0042	0.00538453801925565	3.9525640867652974
0.0052	0.007134838681918645	4.895111985067526
0.0062	0.009044443181747304	5.8380104901013175
0.0072	0.011099364315429313	6.781227311407052
0.0082	0.013288901261313737	7.724737450537292
0.009200000000000002	0.015604610713678623	8.668520813741077
0.0102	0.018031385771337484	9.612558595061211
0.0112	0.02049317767387238	10.55673060400297
0.0122	0.023063511758936617	11.501122549614355
0.013200000000000002	0.025738239097547005	12.445725286628177
0.0142	0.028513884909859878	13.390530743382135
0.0152	0.03138676381987659	14.335531742048063
0.0162	0.03435086813100266	15.280721810407051
0.0172	0.037401647431930606	16.226094904552376
0.0182	0.04053695900316592	17.17164541793214
0.0192	0.043754959046847106	18.11736824293468
0.0202	0.04705404424580646	19.063258708411663
0.0212	0.05043279376542825	20.009312526713234
0.022199999999999998	0.05388999834559396	20.955525747939717
0.0232	0.05742456425467825	21.9018947238169
0.0242	0.06103549395905579	22.8484160736511
0.0252	0.06472191983041611	23.795086655057094
0.0262	0.06848251642713087	24.741903540839882
0.0272	0.07231524966148263	25.68886397708204
0.0282	0.07621939976290372	26.635965337318712
0.0292	0.08019441985531518	27.583205155887512
0.030199999999999998	0.08423971407100085	28.530581117366296
0.0312	0.08835461924463041	29.478091040039505
0.0322	0.09253874084525304	30.425732860797265
0.0332	0.0967917369980196	31.373504632458403
0.0342	0.10111316223120811	32.321404514911364
0.0352	0.10550269425508613	33.2694307626593
0.0362	0.10996026945197872	34.21758172020834
0.0372	0.11448557713449027	35.16585582184215
0.0382	0.11907844047627442	36.114251577693395
0.0392	0.12373901680154074	37.062767571234204
0.0402	0.12846707446713931	38.011402462297006
0.0412	0.13326250952161772	38.960154971641145
0.0422	0.13812553283967138	39.90902387957347
0.0432	0.1430560894204042	40.85800802925167
0.044199999999999996	0.14805427441543054	41.80710631612409
0.0452	0.1531204190496288	42.7563176877501
0.0462	0.15825448174902843	43.70564114563664
0.0472	0.16345667398125802	44.65507573361552
0.0482	0.16872753955734013	45.60462054047022
0.0492	0.17406686168293406	46.554274704178994
0.0502	0.1794754195466525	47.50403739325677
0.0512	0.1849530823563164	48.45390782496277
0.0522	0.1905004879597615	49.40388524452689
0.0532	0.1961182075975227	50.35396893831337
0.0542	0.2018062605276781	51.304158230318336
0.0552	0.2075655468127104	52.25445246976264
0.0562	0.21339630400538717	53.20485104583387
0.0572	0.21930006872814853	54.1553533735614
0.0582	0.22527562984673707	55.105958915469685
0.0592	0.2313227805307117	56.05666713173042
0.0602	0.2374438841815203	57.00747749708103
0.0612	0.24363947248134485	57.958389543106634
0.0622	0.249911196331633	58.90940282527586
0.0632	0.2562567272293014	59.86051694011186
0.06420000000000001	0.2626762209490251	60.81173146002508
0.06520000000000001	0.26917457797956057	61.76304597282826
0.06620000000000001	0.27574835492641137	62.71446015460234
0.06720000000000001	0.2823993897787116	63.665973638953076
0.06820000000000001	0.28912938309362896	64.61758609775094
0.06920000000000001	0.29593900734260586	65.56929723743129
0.07020000000000001	0.3028264719054922	66.52110678278983
0.07120000000000001	0.30979513113283835	67.47301444074522
0.07220000000000001	0.31684849045828817	68.42501997356676
0.0732	0.323985480015554	69.37712319863823
0.0742	0.33119394860259327	70.32932392450532
0.0752	0.3384960505422054	71.2816217996324
0.0762	0.345889293707446	72.23401677732961
0.0772	0.35337076156311015	73.18650877944093
0.0782	0.36095831333985834	74.13909769204757
0.0792	0.36792074894489263	75.0917836298521
0.08020000000000001	0.37173653285672487	76.04455757741877
0.08120000000000001	0.3757566691838621	76.9973791106829
0.08220000000000001	0.38197715314022224	77.95025010551761
0.08320000000000001	0.39055545166146555	78.90319670854987
0.08420000000000001	0.3992559974388465	79.85624641569582
0.08520000000000001	0.40807963014339554	80.80939945430202
0.08620000000000001	0.41702755431229915	81.76265605622413
0.08720000000000001	0.42610121132606177	82.71601646191151
0.0882	0.4353024565651555	83.66948092280839
0.0892	0.44463170928543827	84.62304970573209
0.0902	0.4540898046196972	85.57672307621398
0.0912	0.46367872877938565	86.53050130312991
0.0922	0.47340050409145285	87.48438467123327
0.0932	0.483256376428537	88.43837348105416
0.0942	0.4932476706404061	89.3924680400403
0.0952	0.5033759090722578	90.3466686631747
0.09620000000000001	0.5136430116539193	91.30097567480423
0.09720000000000001	0.5238156390531705	92.25538941249722
0.09820000000000001	0.5330737513920968	93.20990782600003
0.09920000000000001	0.5420655762946761	94.16452052644956
0.10020000000000001	0.5516630456792865	95.11922386481054
0.10120000000000001	0.5625295988413176	96.07402296709293
0.10220000000000001	0.5743225389071072	97.02892943076876
0.10320000000000001	0.5862968550714936	97.98395128424818
0.10420000000000001	0.5984543531370299	98.93908916692533
0.1052	0.6107968292487203	99.89434372325248
0.1062	0.6233260705897776	100.84971560250392
0.1072	0.6360438552285675	101.80520545855529
0.1082	0.6489462628877262	102.76081394966987
0.1092	0.6620089043360754	103.71654168609784
0.1102	0.6752196778721783	104.67238904340492
0.11120000000000001	0.6885789104106539	105.62835628031597
0.11220000000000001	0.7020869118062677	106.58444365384254
0.11320000000000001	0.7157439749807032	107.54065141917667
0.11420000000000001	0.7295503760506169	108.49697982958949
0.11520000000000001	0.7435063744569004	109.4534291363345
0.11620000000000001	0.7576122130949208	110.40999958855541
0.11720000000000001	0.7718681184458476	111.36669143319816
0.11820000000000001	0.7862743007087309	112.3235049149271
0.11920000000000001	0.8008309539334652	113.28044027604525
0.1202	0.8155382561543347	114.23749775641815
0.1212	0.8303963695241525	115.19467759340148
0.1222	0.8454054404490672	116.15198002177213
0.1232	0.8605655997236515	117.10940527366265
0.1242	0.8758769626665067	118.06695357849894
0.1252	0.8913396292562622	119.02462516294102
0.1262	0.9069536842675505	119.9824202508267
0.1272	0.9227191974075608	120.94033906311836
0.1282	0.9386362234525913	121.89838181785208
0.1292	0.9547048023847021	122.85654873008987
0.1302	0.9709249595285997	123.81484001187407
0.1312	0.9872967056883996	124.77325587218441
0.1322	1.0038200565471225	125.73179651689735
0.1332	1.02049510907397	126.69046214889252
0.1342	1.0373219350783724	127.64925296873054
0.13520000000000001	1.0543002782503224	128.608169174522
0.13620000000000002	1.0714299982792086	129.5672109595499
0.13720000000000002	1.0887110427725173	130.52637851322768
0.13820000000000002	1.106143324351609	131.48567202182616
0.13920000000000002	1.1237267422859267	132.44509166828814
0.14020000000000002	1.1414611826309657	133.40463763220436
0.14120000000000002	1.1593465183660736	134.36431008979093
0.14220000000000002	1.1773826095319677	135.32410921386847
0.14320000000000002	1.1955693033678798	136.28403517384262
0.14420000000000002	1.2139064344483406	137.24408813568635
0.1452	1.2323938248197925	138.20426826192337
0.1462	1.2510312841367448	139.16457571161337
0.1472	1.269818609797625	140.12501064033805
0.1482	1.2887555870801684	141.0855732001889
0.1492	1.3078419892765594	142.04626353975604
0.1502	1.3270775778281096	143.00708180411834
0.1512	1.3464621024595247	143.96802813483453
0.1522	1.3659953013128043	144.92910266993562
0.1532	1.3856769010806416	145.89030554391837
0.1542	1.4055066171395871	146.8516368877397
0.1552	1.425484153682475	147.81309682881215
0.1562	1.4456092038506645	148.77468549100047
0.1572	1.46588144986576	149.7364029946188
0.1582	1.486300563160767	150.69824945642918
0.1592	1.506866204511014	151.66022498964057
0.1602	1.5275780248473503	152.62232970390886
0.1612	1.5489396903574484	153.5845637053421
0.1622	1.5726925971381298	154.5469302077712
0.1632	1.597739246664288	155.50944314533788
0.1642	1.6240802238362584	156.47210954819408
0.1652	1.6517161394682172	157.4349363644231
0.16620000000000001	1.680647629897652	158.39793046168683
0.16720000000000002	1.7108753566045534	159.3610986288311
0.16820000000000002	1.7424000058400306	160.3244475774501
0.16920000000000002	1.775222288264079	161.28798394341177
0.17020000000000002	1.8093429385922053	162.25171428834463
0.17120000000000002	1.844762715250665	163.2156451010876
0.17220000000000002	1.8814824000400512	164.17978279910426
0.17320000000000002	1.9195027978069852	165.144133729862
0.17420000000000002	1.9588247361236766	166.10870417217757
0.17520000000000002	1.999449064975119	167.07350033752968
0.1762	2.0413766564537092	168.03852837134013
0.1772	2.0846084044610746	169.00379435422414
0.1782	2.129145224416886	169.9693043032103
0.1792	2.174988052974481	170.93506417293202
0.1802	2.2221378477431033	171.90107985679066
0.1812	2.2705955870165453	172.86735718809112
0.1822	2.320362269508052	173.83390194115108
0.1832	2.371438914091288	174.80071983238432
0.1842	2.423826559547203	175.76781652135892
0.1852	2.477526264316648	176.73519761183132
0.1862	2.5325391062585663	177.70286865275648
0.1872	2.5888661824136205	178.67083513927514
0.1882	2.6465086087731042	179.6391025136787
0.1892	2.7054675200530007	180.60767616635243
0.1902	2.76574406947304	181.57656143669746
0.1912	2.8273394285406424	182.54576361403227
0.1922	2.8902547868395834	183.51528793847402
0.1932	2.9544913518233122	184.4851396018009
0.1942	3.0200503486127337	185.45532374829494
0.1952	3.086933019798396	186.42584547556683
0.1962	3.1551406252469425	187.3967098353628
0.19720000000000001	3.224674441911712	188.3679218343538
0.19820000000000002	3.2955357636474023	189.33948643490808
0.19920000000000002	3.3677259010286886	190.31140855584695
0.20020000000000002	3.441246181172668	191.28369307318457
0.20120000000000002	3.5160979475650738	192.25634482085195
0.20220000000000002	3.5922825598901573	193.22936859140606
0.20320000000000002	3.669801393864109	194.2027691367236
0.20420000000000002	3.7486558410719777	195.1765511686805
0.20520000000000002	3.828847308807982	196.1507193598175
0.20620000000000002	3.9103772199191225	197.12527834399154
0.20720000000000002	3.9932470126520268	198.10023271701422
0.20820000000000002	4.077458140502941	199.07558703727682
0.2092	4.163012072070809	200.0513458263629
0.2102	4.249910290913329	201.02751356964825
0.2112	4.338154295405951	202.00409471688877
0.2122	4.427745598603733	202.98109368279674
0.2132	4.518685728105989	203.9585148476054
0.2142	4.610976225923646	204.93636255762218
0.2152	4.704618648349281	205.91464112577142
0.2162	4.799614565829744	206.89335483212588
0.2172	4.895965562841326	207.8725079244282
0.2182	4.993673237767394	208.85210461860197
0.2192	5.092739202778473	209.8321490992531
0.2202	5.193165083714653	210.81264552016103
0.2212	5.294952519970353	211.79359800476118
0.2222	5.3981031643813155	212.7750106466175
0.2232	5.50261868311382	213.75688750988633
0.2242	5.608500755556053	214.73923262977146
0.2252	5.715751074211594	215.7220500129705
0.2262	5.824371344594953	216.70534363811277
0.2272	5.934363285129145	217.68911745618928
0.22820000000000001	6.04572862704521	218.6733753909743
0.22920000000000001	6.1584691142836965	219.65812133943936
0.23020000000000002	6.272586503397998	220.6433591721596
0.23120000000000002	6.388082563459574	221.62909273371244
0.23220000000000002	6.504959075964938	222.61532584306923
0.23320000000000002	6.623217834744438	223.6020622939794
0.23420000000000002	6.742860645872763	224.58930585534796
0.23520000000000002	6.863889327581135	225.57706027160597
0.23620000000000002	6.986305710171165	226.56532926307446
0.23720000000000002	7.110111635930326	227.55411652632174
0.23820000000000002	7.23530895904901	228.54342573451422
0.23920000000000002	7.361899545539154	229.53326053776138
0.2402	7.489885273154359	230.5236245634541
0.2412	7.619268031311536	231.5145214165975
0.2422	7.75004972101397	232.50595468013753
0.2432	7.88223225477585	233.4979279152823
0.2442	8.015817556548173	234.4904446618173
0.2452	8.150807561646028	235.48350843841558
0.2462	8.287204216677221	236.47712274294238
0.2472	8.425009479472227	237.47129105275454
0.2482	8.5642253190154	238.4660168249947
0.2492	8.704853715377483	239.46130349688076
0.2502	8.846896659649342	240.4571544859901
0.2512	8.990356153876885	241.45357319053906
0.2522	9.135234210997227	242.45056298965804
0.2532	9.28153285477597	243.44812724366145
0.2542	9.429254119745648	244.44626929431354
0.2552	9.578400051145287	245.44499246508963
0.2562	9.728972704861075	246.44430006143318
0.2572	9.880974147368075	247.44419537100833
0.2582	10.034406455673052	248.44468166394861
0.2592	10.189271717258267	249.44576219310125
0.2602	10.345572030026354	250.44744019426784
0.2612	10.503309502246132	251.44971888644082
0.2622	10.662486252499443	252.45260147203618
0.2632	10.823104409628924	253.45609113712257
0.2642	10.98516611268673	254.4601910516466
0.2652	11.148673510884166	255.46490436965442
0.2662	11.313628763542248	256.4702342295101
0.2672	11.480034040043128	257.4761837541101
0.2682	11.647891519782425	258.4827560510949
0.2692	11.817203392122348	259.48995421305665
0.2702	11.987971856345768	260.4977813177442
0.2712	12.160199121610994	261.50624042826445
0.2722	12.333887406907447	262.51533459328067
0.2732	12.509038941012077	263.52506684720794
0.2742	12.685655962446601	264.5354402104054
0.2752	12.863740719435507	265.5464576893657
0.2762	13.04329546986473	266.55812227690103
0.2772	13.224322481241218	267.57043695232727
0.2782	13.406824030653057	268.5834046816442
0.2792	13.590802404730454	269.5970284177139
0.2802	13.776259899607322	270.6113111004359
0.2812	13.963198820883614	271.6262556569201
0.2822	14.151621483588306	272.64186500165664
0.2832	14.341530212143015	273.65814203668356
0.2842	14.53292734032637	274.675089651752
0.2852	14.725815211238894	275.69271072448856
0.2862	14.92019617726863	276.71100812055585
0.2872	15.116072600057334	277.72998469381014
0.2882	15.313446850467255	278.7496432864569
0.28919999999999996	15.512321308548541	279.769986729204
0.29019999999999996	15.71269836350733	280.79101784141324
0.29119999999999996	15.914580413674198	281.81273943124853
0.29219999999999996	16.117969866473352	282.83515429582286
0.29319999999999996	16.322869138392385	283.8582652213431
0.29419999999999996	16.529280654952466	284.8820749832522
0.29519999999999996	16.73720685067916	285.90658634636975
0.29619999999999996	16.946650169073795	286.9318020650306
0.29719999999999996	17.157613062585234	287.957724883221
0.29819999999999997	17.37009799258232	288.9843575347135
0.29919999999999997	17.584107429326714	290.01170274319963
0.30019999999999997	17.79964385194628	291.0397632224204
0.30119999999999997	18.016709748408935	292.0685416762955
0.30219999999999997	18.235307615497014	293.0980407990505
0.30319999999999997	18.455439958782076	294.12826327534214
0.30419999999999997	18.677109292600182	295.1592117803819
0.30519999999999997	18.90031814002768	296.1908889800583
0.30619999999999997	19.125069032857333	297.2232975310568
0.3072	19.351364511575053	298.2564400809788
0.3082	19.579207125336918	299.29031926845835
0.3092	19.808599431946682	300.3249377232776
0.3102	20.039543997833768	301.360298066481
0.3112	20.27204339803156	302.39640291048704
0.3122	20.506100216156185	303.4332548591995
0.3132	20.741717044385716	304.4708565081167
0.3142	20.978896483439705	305.50921044443913
0.3152	21.217641142559152	306.54831924717615
0.3162	21.457953639486867	307.58818548725077
0.3172	21.699836600448144	308.6288117276032
0.3182	21.943292660131977	309.6702005232935
0.3192	22.18832446167239	310.7123544216019
0.3202	22.434934656630375	311.7552759621289
0.3212	22.683125904976063	312.79896767689326
0.3222	22.932900875071233	313.843432090429
0.3232	23.184262243652256	314.8886717198813
0.3242	23.437212695813262	315.9346890751006
0.3252	23.69175492498981	316.9814866587365
0.3262	23.947891632942707	318.02906696632937
0.3272	24.205625529742278	319.0774324864013
0.3282	24.464959333752923	320.126585700546
0.3292	24.72589577161797	321.1765290835174
0.3302	24.988437578244888	322.22726510331694
0.3312	25.25258749679076	323.27879622128023
0.3322	25.51834827864809	324.33112489216205
0.3332	25.78572268343091	325.3842535642208
0.3342	26.054713478961162	326.4381846793014
0.3352	26.325323441255374	327.4929206729177
0.3362	26.59755535451171	328.54846397433363
0.3372	26.87141201109709	329.60481700664286
0.3382	27.146896211534862	330.66198218684843
0.3392	27.424010764492547	331.7199619259406
0.3402	27.70275848676991	332.77875862897406
0.3412	27.983142203287354	333.83837469514435
0.3422	28.265164747074532	334.898812517863
0.3432	28.548828959259193	335.9600744848321
0.3442	28.83413768905633	337.0221629781175
0.3452	29.121093793757574	338.0850803742217
0.3462	29.409700138720844	339.1488290441558
0.3472	29.699959597360174	340.2134113535096
0.3482	29.99187505113593	341.27882966252275
0.3492	30.2854493895451	342.3450863261529
0.3502	30.580685510111934	343.4121836941448
0.3512	30.877586318378757	344.4801241110975
0.35219999999999996	31.176154727897057	345.5489099165313
0.35319999999999996	31.476393660218825	346.6185434449539
0.35419999999999996	31.77830604488798	347.68902702592527
0.35519999999999996	32.08189481943217	348.7603629841223
0.35619999999999996	32.38716292935474	349.83255363940265
0.35719999999999996	32.69411332812685	350.9056013068674
0.35819999999999996	33.00274897717996	351.97950829692377
0.35919999999999996	33.31307284589834	353.0542769153461
0.36019999999999996	33.62508791161196	354.1299094633373
0.36119999999999997	33.938797159589406	355.20640823758833
0.36219999999999997	34.254203583031185	356.28377553033823
0.36319999999999997	34.57131018306307	357.3620136294325
0.36419999999999997	34.890119968729785	358.44112481838147
0.36519999999999997	35.21063595698875	359.52111137641754
0.36619999999999997	35.53286117270412	360.6019755785522
0.36719999999999997	35.856798648640954	361.683719695632
0.36819999999999997	36.18245142545956	362.7663459943942
0.3692	36.509822551710165	363.84985673752175
0.3702	36.83891508382753	364.93425418369736
0.3712	37.169732086125975	366.01954058765756
0.3722	37.50227663079444	367.10571820024563
0.3732	37.83655179789175	368.1927892684641
0.3742	38.17256067534214	369.2807560355268
0.3752	38.5103063589308	370.3696207409102
0.3762	38.8497919522997	371.45938562040425
0.3772	39.19102056694361	372.55005290616276
0.3782	39.53399532220618	373.64162482675306
0.3792	39.87871934527622	374.73410360720504
0.3802	40.22519577118419	375.82749146906013
0.3812	40.57342774279883	376.92179063041925
0.3822	40.92341841082394	378.01700330599067
0.3832	41.27517093379524	379.1131317071367
0.3842	41.628688478077564	380.21017804192076
0.3852	41.98397421786201	381.30814451515334
0.3862	42.34103133516341	382.4070333284377
0.3872	42.69986301981781	383.5068466802149
0.3882	43.06047246948021	384.6075867658087
0.3892	43.422862889622365	385.70925577746976
0.3902	43.78703749353078	386.81185590441925
0.3912	44.15299950230483	387.9153893328923
0.3922	44.52075214485504	389.01985824618083
0.3932	44.89029865790143	390.125264824676
0.3942	45.261642285972165	391.23161124591024
0.3952	45.634786281402135	392.33889968459874
0.3962	46.00973390433181	393.44713231268065
0.3972	46.386488422706215	394.5563112993598
0.3982	46.765053112273904	395.66643881114476
0.3992	47.14543125658637	396.77751701188936
0.4002	47.52762614699712	397.8895480628314
0.4012	47.91164108266138	399.0025341226324
0.4022	48.29747937053556	400.116477347416
0.4032	48.68514432537704	401.23137989080624
0.4042	49.07463926974394	402.34724390396576
0.4052	49.46596753399514	403.46407153563314
0.4062	49.85913245629039	404.5818649321602
0.4072	50.25413738259041	405.70062623754876
0.4082	50.65098566665737	406.82035759348724
0.4092	51.0496806700552	407.94106113938665
0.4102	51.45022576215022	409.0627390124164
0.4112	51.85262432011182	410.18539334753973
0.4122	52.2568797289132	411.3090262775487
0.4132	52.66299538133229	412.433639933099
0.4142	53.07097467795284	413.5592364427446
0.4152	53.48082102716542	414.6858179329711
0.4162	53.892537845168754	415.8133865282303
0.41719999999999996	54.30612855597094	416.94194435097296
0.41819999999999996	54.72159659139111	418.0714935216825
0.41919999999999996	55.138945391060794	419.2020361589074
0.42019999999999996	55.55817840242563	420.3335743792937
0.42119999999999996	55.97929908074716	421.4661102976172
0.42219999999999996	56.4023108891047	422.5996460268156
0.42319999999999997	56.827217298397265	423.73418367801963
0.42419999999999997	57.25402178734572	424.8697253605848
0.42519999999999997	57.682727842494835	426.006273182122
0.42619999999999997	58.113338958215685	427.1438292485285
0.42719999999999997	58.54585863670796	428.2823956640182
0.42819999999999997	58.98029038800239	429.4219745311519
0.42919999999999997	59.41663772996337	430.56256795086694
0.43019999999999997	59.85490418829161	431.7041780225071
0.43119999999999997	60.29509329652689	432.8468068438518
0.4322	60.73720859605088	433.9904565111451
0.4332	61.18125363609009	435.13512911912454
0.4342	61.627231973718935	436.28082676104975
0.4352	62.07514717386283	437.42755152873065
0.4362	62.52500280930141	438.57530551255553
0.4372	62.976802460671834	439.7240908015188
0.4382	63.4305497164722	440.8739094832486
0.4392	63.88624817306495	442.02476364403395
0.4402	64.34390143468057	443.17665536885204
0.4412	64.80351311342116	444.3295867413948
0.4422	65.26508682926415	445.48355984409557
0.4432	65.72862621006617	446.63857675815547
0.4442	66.19413489156699	447.7946395635695
0.4452	66.66161651739343	448.9517503391524
0.4462	67.13107473906354	450.1099111625645
0.4472	67.60251321599068	451.269124110337
0.4482	68.07593561548775	452.42939125789695
0.4492	68.55134561277157	453.59071467959285
0.4502	69.02874689096734	454.75309644871913
0.4512	69.5081431411129	455.9165386375405
0.4522	69.9895380621635	457.0810433173168
0.4532	70.4729353609964	458.246612558327
0.4542	70.9583387524155	459.41324842989286
0.4552	71.44575195915618	460.5809530004032
0.4562	71.93517871189023	461.7497283373373
0.4572	72.42662274923069	462.91957650728796
0.4582	72.92008781773691	464.09049957598523
0.4592	73.41557767191969	465.262499608319
0.4602	73.91309607424637	466.4355786683618
0.4612	74.41264679514619	467.6097388193919
0.4622	74.91423361301538	468.78498212391503
0.4632	75.4178603142228	469.9613106436871
0.4642	75.92353069311527	471.1387264397363
0.4652	76.43124855202308	472.31723157238457
0.4662	76.94101770126565	473.4968281012699
0.4672	77.45284195915717	474.67751808536735
0.4682	77.9667251520123	475.85930358301067
0.4692	78.48267111415208	477.0421866519135
0.4702	79.0006836879097	478.2261693491903
0.4712	79.52076672363651	479.4112537313773
0.4722	80.04292407970796	480.59744185445317
0.4732	80.56715962252977	481.78473577385955
0.4742	81.09347722654404	482.9731375445215
0.4752	81.6218807742354	484.16264922086737
0.4762	82.15237415613738	485.3532728568495
0.4772	82.68496127083867	486.5450105059635
0.4782	83.21964602498959	487.73786422126835
0.4792	83.75643233330851	488.9318360554059
0.48019999999999996	84.29532411858835	490.12692806062006
0.48119999999999996	84.8363253117034	491.323142288777
0.48219999999999996	85.37943985161561	492.52048079138297
0.48319999999999996	85.92467168538165	493.7189456196044
0.48419999999999996	86.47202476815946	494.91853882428626
0.48519999999999996	87.02150306321522	496.11926245597084
0.48619999999999997	87.57311054193026	497.32111856491645
0.48719999999999997	88.12685118380799	498.52410920111583
0.48819999999999997	88.6827289764808	499.7282364143142
0.48919999999999997	89.24074791571746	500.933502254028
0.49019999999999997	89.80091200542995	502.13990876956217
0.49119999999999997	90.36322525768084	503.3474580100288
0.49219999999999997	90.92769169269054	504.5561520243644
0.49319999999999997	91.49431533884456	505.76599286134774
0.4942	92.06310023270088	506.97698256961735
0.4952	92.63405041899755	508.1891231976889
0.4962	93.20716995065993	509.40241679397235
0.4972	93.7824628888085	510.6168654067894
0.4982	94.35993330276627	511.8324710843901
0.4992	94.93958527006657	513.04923587497
0.5002	95.52142287646075	514.267161826687
0.5012	96.10545021592579	515.4862509876776
0.5022	96.69167139067247	516.706505406074
0.5032	97.2800905111529	517.9279271300201
0.5042	97.87071169606871	519.1505182076877
0.5052	98.46353907237904	520.3742806872935
0.5062	99.05857677530828	521.5992166171143
0.5072	99.65582894835462	522.8253280455032
0.5082	100.25529974329788	524.0526170209057
0.5092	100.8569933202078	525.2810855918751
0.5102	101.46091384745246	526.5107358070887
0.5112	102.06706550170634	527.7415697153627
0.5122	102.6754524679589	528.9735893656681
0.5132	103.28607893952281	530.2067968071455
0.5142	103.89894911804267	531.441194089121
0.5152	104.5140672135032	532.676783261121
0.5162	105.13143744423817	533.9135663728871
0.5172	105.75106403693871	535.151545474391
0.5182	106.37295122666225	536.3907226158499
0.5192	106.99710325684097	537.6310998477402
0.5202	107.62352437929083	538.8726792208131
0.5212	108.25221885422026	540.1154627861088
0.5222	108.88319095023907	541.3594525949705
0.5232	109.51644494436731	542.6046506990597
0.5242	110.1519851220443	543.8510591503692
0.5252	110.78981577713769	545.0986800012387
0.5262	111.42994121195244	546.3475153043674
0.5272	112.07236573723993	547.5975671128292
0.5282	112.71709367220731	548.848837480086
0.5292	113.36412934452642	550.1013284600015
0.5302	114.01347709034326	551.355042106855
0.5312	114.66514125428719	552.6099804753549
0.5322	115.31912618948046	553.8661456206528
0.5332	115.97543625754733	555.1235395983563
0.5342	116.63407582862371	556.3821644645425
0.5352	117.29504928136669	557.6420222757718
0.5362	117.95836100296388	558.9031150891003
0.5372	118.62401538914327	560.1654449620938
0.5382	119.29201684418248	561.42901395284
0.5392	119.96236978091896	562.6938241199624
0.5402	120.63507862075909	563.9598775226322
0.5412	121.31014779368863	565.227176220582
0.5422	121.98758173828183	566.4957222741178
0.5432	122.66738490171183	567.7655177441324
0.5442	123.34956173976038	569.0365646921174
0.5452	124.0341167168277	570.308865180176
0.5462	124.72105430594249	571.5824212710352
0.5472	125.41037898877221	572.8572350280587
0.5482	126.10209525563279	574.1333085152585
0.5492	126.79620760549898	575.4106437973077
0.5502	127.49272054601447	576.6892429395523
0.5512	128.19163859350206	577.9691080080235
0.5522	128.89296627297406	579.2502410694495
0.5532	129.59670811814223	580.5326441912678
0.5542	130.30286867142866	581.8163194416367
0.5552	131.01145248397555	583.1012688894472
0.5562	131.72246411565612	584.387494604335
0.5572	132.4359081350848	585.6749986566919
0.5582	133.15178911962784	586.9637831176775
0.5592	133.87011165541384	588.2538500592309
0.5602	134.59088033734432	589.5452015540819
0.5612	135.31409976910447	590.8378396757629
0.5622	136.03977456317352	592.1317664986194
0.5632	136.7679093408359	593.4269840978224
0.5642	137.49850873219154	594.7234945493785
0.5652	138.2315773761671	596.0212999301425
0.5662	138.9671199205263	597.3204023178267
0.5672	139.70514102188145	598.6208037910138
0.5682	140.44564534570372	599.9225064291666
0.5692	141.18863756633462	601.2255123126395
0.5702	141.9341223669965	602.5298235226891
0.5712	142.68210443980408	603.8354421414854
0.5722	143.4325884857753	605.1423702521224
0.5732	144.1855792148424	606.4506099386286
0.5742	144.94108134586318	607.7601632859783
0.5752	145.69909960663207	609.071032380101
0.5762	146.45963873389158	610.3832193078932
0.5771999999999999	147.22270347334336	611.6967261572285
0.5781999999999999	147.98829857965978	613.0115550169676
0.5791999999999999	148.75642881649492	614.3277079769692
0.5801999999999999	149.5270989564963	615.6451871281004
0.5811999999999999	150.30031378131625	616.9639945622463
0.5821999999999999	151.0760780816231	618.284132372321
0.5831999999999999	151.85439665711314	619.6056026522774
0.5841999999999999	152.63527431652187	620.9284074971174
0.5851999999999999	153.41871587763575	622.2525490029022
0.5861999999999999	154.20472616730373	623.578029266762
0.5871999999999999	154.99331002144882	624.9048503869059
0.5882	155.78447228508008	626.2330144626325
0.5892	156.57821781230413	627.5625235943389
0.5902	157.37455146633712	628.8933798835317
0.5912	158.17347811951632	630.2255854328353
0.5922	158.97500265331217	631.559142346003
0.5932	159.77912995834004	632.894052727926
0.5942	160.58586493437224	634.2303186846431
0.5952	161.3952124903502	635.5679423233507
0.5962	162.20717754439593	636.906925752412
0.5972	163.02176502382466	638.2472710813665
0.5982	163.83897986515646	639.5889804209398
0.5992	164.65882701412872	640.9320558830528
0.6002	165.48131142570816	642.2764995808313
0.6012	166.3064380641029	643.6223136286151
0.6022	167.13421190277484	644.9695001419672
0.6032	167.9646379244521	646.3180612376838
0.6042	168.79772112114074	647.6679990338025
0.6052	169.63346649413785	649.0193156496125
0.6062	170.4718790540434	650.372013205663
0.6072	171.31296382077278	651.7260938237727
0.6082	172.1567258235694	653.0815596270385
0.6092	173.00317010101708	654.4384127398453
0.6102	173.85230170105243	655.7966552878738
0.6112	174.70412568097763	657.1562893981107
0.6122	175.55864710747306	658.517317198857
0.6132	176.41587105660957	659.8797408197364
0.6142	177.27580261386157	661.2435623917052
0.6152	178.13844687411955	662.6087840470603
0.6162	179.00380894170277	663.9754079194486
0.6172	179.87189393037212	665.3434361438748
0.6182	180.74270696334287	666.712870856711
0.6192	181.61625317329765	668.083714195705
0.6202	182.49253770239918	669.455968299989
0.6212	183.37156570230317	670.8296353100878
0.6222	184.2533423341715	672.2047173679282
0.6232	185.137872768685	673.5812166168466
0.6242	186.02516218605646	674.9591352015981
0.6252	186.9152157760439	676.3384752683646
0.6262	187.8080387379634	677.7192389647635
0.6272	188.70363628070254	679.101428439856
0.6282	189.6020136227331	680.4850458441553
0.6292	190.50317599212477	681.8700933296348
0.6302	191.4071286265582	683.2565730497372
0.6312	192.31387677333802	684.6444871593817
0.6322	193.22342568940653	686.0338378149729
0.6332	194.13578064135675	687.4246271744089
0.6342	195.050946905446	688.816857397089
0.6352	195.96892976760924	690.2105306439228
0.6362	196.8897345234724	691.605649077337
0.6372	197.81336647836605	693.0022148612849
0.6382	198.73983094733873	694.4002301612531
0.6392	199.66913325517058	695.7996971442706
0.6402	200.60127873638703	697.2006179789162
0.6412	201.5362727352722	698.6029948353265
0.6422	202.47412060588272	700.0068298852041
0.6432	203.41482771206137	701.4121253018252
0.6442	204.35839942745076	702.8188832600476
0.6452	205.30484113550713	704.2271059363188
0.6462	206.25415822951405	705.6367955086831
0.6472	207.20635611259644	707.0479541567904
0.6482	208.16144019773412	708.460584061903
0.6492	209.11941590777613	709.8746874069041
0.6502	210.08028867545414	711.2902663763049
0.6512	211.0440639433968	712.7073231562528
0.6522	212.0107471641436	714.1258599345385
0.6532	212.98034380015886	715.5458789006045
0.6542	213.95285932384584	716.9673822455517
0.6552	214.92829921756083	718.3903721621476
0.6562	215.9066689736274	719.814850844834
0.6572	216.8879740943501	721.2408204897338
0.6582	217.8722200920292	722.6682832946591
0.6592	218.8594124889748	724.097241459119
0.6602	219.84955681752078	725.5276971843259
0.6612	220.8426586200395	726.9596526732043
0.6622	221.8387234489558	728.3931101303973
0.6632	222.83775686676148	729.828071762274
0.6642	223.83976444602985	731.2645397769377
0.6652	224.84475176943008	732.7025163842324
0.6662	225.8527244297414	734.1420037957503
0.6672	226.86368802986783	735.5830042248393
0.6682	227.877648182853	737.0255198866106
0.6692	228.89461051189406	738.4695529979449
0.6702	229.91458065035684	739.9151057775008
0.6712	230.9375642417901	741.3621804457212
0.6722	231.9635669399405	742.8107792248409
0.6732	232.99259440876705	744.2609043388937
0.6742	234.024652322456	745.7125580137197
0.6752	235.05974636543567	747.165742476972
0.6762	236.09788223239082	748.6204599581242
0.6772	237.13906562827808	750.0767126884774
0.6782	238.18330226834038	751.5345029011672
0.6792	239.23059787812215	752.993832831171
0.6802	240.28095819348385	754.4547047153143
0.6812	241.3343889606173	755.9171207922786
0.6822	242.39089593606062	757.3810833026083
0.6832	243.45048488671307	758.846594488717
0.6842	244.51316158985023	760.3136565948948
0.6852	245.5789318331392	761.7822718673158
0.6862	246.6478014146536	763.2524425540441
0.6872	247.7197761428887	764.7241709050412
0.6882	248.7948618367767	766.1974591721729
0.6892	249.87306432570193	767.672309609216
0.6902	250.95438944951613	769.1487244718652
0.6912	252.0388430585537	770.6267060177402
0.6922	253.1264310136472	772.1062565063919
0.6932	254.21715918614223	773.5873781993097
0.6942	255.3110334579135	775.0700733599282
0.6952	256.4080597213797	776.5543442536338
0.6962	257.5082438795192	778.0401931477714
0.6972	258.6115918458856	779.5276223116517
0.6982	259.71810954462313	781.0166340165571
0.6992	260.82780291048226	782.5072305357489
0.7002	261.9406778888352	783.9994141444738
0.7012	263.0567404356916	785.4931871199707
0.7022	264.1759965177143	786.9885517414772
0.7032	265.2984521122349	788.4855102902363
0.7041999999999999	266.42411320726933	789.9840650495029
0.7051999999999999	267.55298580153413	791.4842183045508
0.7061999999999999	268.6850759044616	792.9859723426788
0.7071999999999999	269.82038953621594	794.4893294532174
0.7081999999999999	270.9589327277091	795.9942919275354
0.7091999999999999	272.10071152061676	797.5008620590468
0.7101999999999999	273.24556700759604	799.0090421432164
0.7111999999999999	274.392564327709	800.5188342455568
0.7121999999999999	275.5405837858017	802.0302391114697
0.7132	276.6896243186613	803.5432559116576
0.7142	277.8396848640429	805.0578838176579
0.7152	278.9907643606678	806.5741220018402
0.7162	280.1428617482213	808.0919696374051
0.7172	281.2959759673507	809.6114258983814
0.7182	282.4501059596632	811.1324899596241
0.7192	283.6052506677236	812.6551609968122
0.7202	284.7614090350528	814.1794381864472
0.7212	285.9185800061253	815.7053207058501
0.7222	287.07676252636736	817.2328077331599
0.7232	288.23595554215507	818.7618984473314
0.7242	289.3961580008122	820.2925920281331
0.7252	290.5573688506082	821.824887656145
0.7262	291.7195870407562	823.3587845127569
0.7272	292.88281152141116	824.8942817801658
0.7282	294.0470412436678	826.4313786413746
0.7292	295.21227515955866	827.9700742801896
0.7302	296.37851222205205	829.5103678812181
0.7312	297.54575138505027	831.0522586298677
0.7322	298.7139916033874	832.5957457123425
0.7332	299.8832318328276	834.1408283156426
0.7342	301.0534710300633	835.6875056275616
0.7352	302.2247081527127	837.2357768366842
0.7362	303.39694215931854	838.785641132385
0.7372	304.57017200934575	840.3370977048259
0.7382	305.74439666317966	841.8901457449545
0.7392	306.9196150821242	843.444784444502
0.7402	308.09582622839997	845.0010129959815
0.7412	309.2730290651422	846.5588305926855
0.7422	310.45122255639933	848.1182364286848
0.7432	311.6304056671304	849.6792296988257
0.7442	312.81057736320395	851.241809598729
0.7452	313.99173661139565	852.8059753247871
0.7462	315.1738823793868	854.3717260741633
0.7472	316.35701363576226	855.9390610447889
0.7482	317.54112935000876	857.5079794353614
0.7492	318.726228492513	859.0784804453436
0.7502	319.9123100345599	860.6505632749606
0.7512	321.0993729483306	862.2242271251985
0.7522	322.28741620690107	863.7994711978024
0.7532	323.47643878423975	865.3762946952747
0.7542	324.66643965520643	866.9546968208734
0.7552	325.8574177955499	868.5346767786098
0.7562	327.0493721819064	870.1162337732469
0.7572	328.24230179179784	871.699367010298
0.7582	329.43620560363007	873.2840756960242
0.7592	330.63108259669104	874.870359037433
0.7602	331.8269317511492	876.4582162422766
0.7612	333.0237520480516	878.0476465190501
0.7622	334.2215424693224	879.6386490769893
0.7632	335.42030199776065	881.2312231260693
0.7642	336.6200296170391	882.8253678770028
0.7652	337.82072431170235	884.4210825412384
0.7662	339.0223850671647	886.0183663309582
0.7672	340.22501086970937	887.6172184590771
0.7682	341.4286007064856	889.2176381392401
0.7692	342.63315356550817	890.8196245858211
0.7702	343.8386684356549	892.4231770139213
0.7712	345.0451443066651	894.028294639367
0.7722	346.2525801691383	895.6349766787082
0.7732	347.46097501453215	897.243222349217
0.7742	348.67032783516106	898.8530308688859
0.7752	349.88063762419404	900.4644014564253
0.7762	351.091903375654	902.0773333312635
0.7772	352.304124084415	903.6918257135432
0.7782	353.51729874620145	905.307877824121
0.7792	354.73142635758614	906.9254888845654
0.7802	355.94650591598855	908.5446581171553
0.7812	357.16253641967353	910.1653847448782
0.7822	358.37951686774926	911.7876679914282
0.7832	359.597446260166	913.4115070812051
0.7842	360.8163235977144	915.0369012393122
0.7852	362.03614788202395	916.6638496915552
0.7862	363.25691811556123	918.2923516644402
0.7872	364.4786333016284	919.9224063851718
0.7882	365.70129244436157	921.5540130816522
0.7892	366.9248945487297	923.1871709824794
0.7902	368.1494386205321	924.8218793169452
0.7912	369.3749236663979	926.458137315034
0.7922	370.60134869378356	928.0959442074212
0.7932	371.82871271097224	929.7352992254714
0.7942	373.0570147270715	931.3762016012372
0.7952	374.28625375201193	933.0186505674573
0.7962	375.51642879654617	934.662645357555
0.7972	376.74753887224665	936.3081852056368
0.7982	377.97958299150434	937.955269346491
0.7992	379.21256016752744	939.6038970155855
0.8002	380.4464694143396	941.2540674490672
0.8012	381.68130974677854	942.9057798837595
0.8022	382.91708018049457	944.5590335571617
0.8032	384.153779731949	946.213827707447
0.8042	385.3914074184126	947.8701615734607
0.8052	386.62996225796445	949.5280343947194
0.8062	387.86944326949015	951.1874454114092
0.8072	389.10984947268025	952.8483938643839
0.8082	390.35117988802926	954.5108789951639
0.8092	391.5934335368337	956.1749000459347
0.8102	392.83660944119083	957.8404562595451
0.8112	394.08070662399723	959.5075468795062
0.8122	395.3257241089474	961.1761711499896
0.8132	396.57166092053205	962.846328315826
0.8142	397.81851608403707	964.5180176225037
0.8152	399.06628862554174	966.1912383161675
0.8162	400.31497757191744	967.8659896436168
0.8172	401.56458195082627	969.5422708523043
0.8182	402.8151007907197	971.220081190335
0.8192	404.06653312083677	972.8994199064639
0.8202	405.31887797120316	974.5802862500954
0.8212	406.57213437262965	976.2626794712814
0.8222	407.8263013567104	977.9465988207204
0.8232	409.081377955822	979.6320435497552
0.8242	410.33736320312204	981.3190129103725
0.8252	411.59425613254723	983.007506155201
0.8262	412.85205577881266	984.6975225375098
0.8272	414.11076117740987	986.3890613112077
0.8282	415.37037136460606	988.0821217308409
0.8292	416.6308853774422	989.7767030515926
0.8302	417.892302253732	991.4728045292809
0.8312	419.1546210320602	993.1704254203577
0.8322	420.41784075178174	994.8695649819074
0.8331999999999999	421.68196045302	996.5702224716455
0.8341999999999999	422.94697917666565	998.2723971479172
0.8351999999999999	424.2128959643753	999.9760882696963
0.8361999999999999	425.47970985856983	1001.6812950965833
0.8371999999999999	426.7474199024335	1003.3880168888044
0.8382	428.0160251399127	1005.0962529072106
0.8392	429.28552461571405	1006.8060024132755
0.8402	430.55591737530364	1008.5172646690945
0.8412	431.82720246490544	1010.2300389373838
0.8422	433.0993789315001	1011.9443244814785
0.8432	434.3724458228235	1013.6601205653311
0.8442	435.6464021873659	1015.3774264535112
0.8452	436.92124707436994	1017.0962414112034
0.8462	438.1969795338298	1018.816564704206
0.8472	439.47359861649	1020.5383955989303
0.8482	440.75110337384376	1022.2617333623983
0.8492	442.0294928581322	1023.9865772622429
0.8502	443.3087661223424	1025.712926566705
0.8512	444.58892222020694	1027.4407805446335
0.8522	445.8699602062018	1029.1701384654834
0.8532	447.1518791355458	1030.9009995993147
0.8542	448.43467806419903	1032.633363216791
0.8552	449.7183560488615	1034.3672285891785
0.8562	451.00291214697216	1036.1025949883447
0.8572	452.28834541670733	1037.8394616867567
0.8582	453.57465491697985	1039.577827957481
0.8592	454.8618397074377	1041.317693074181
0.8602	456.1498988484624	1043.0590563111168
0.8612	457.4388314011683	1044.8019169431432
0.8622	458.72863642740106	1046.5462742457091
0.8632	460.01931298973665	1048.292127494856
0.8642	461.3108601514798	1050.0394759672163
0.8652	462.6032769766633	1051.7883189400131
0.8662	463.89656253004625	1053.5386556910587
0.8672	465.1907158771129	1055.2904854987523
0.8682	466.48573608407224	1057.0438076420808
0.8692	467.7816222178557	1058.7986214006157
0.8702	469.07837334611645	1060.5549260545126
0.8712	470.3759885372286	1062.3127208845108
0.8722	471.67446686028524	1064.0720051719309
0.8732	472.97380738509804	1065.8327781986745
0.8742	474.2740091821954	1067.5950392472225
0.8752	475.57507132282154	1069.358787600634
0.8762	476.8769928789355	1071.1240225425454
0.8772	478.17977292320995	1072.8907433571694
0.8782	479.4834105290297	1074.658949329293
0.8792	480.78790477049057	1076.4286397442768
0.8802	482.09325472239914	1078.199813888055
0.8812	483.3994594602699	1079.9724710471314
0.8822	484.70651806032595	1081.746610508582
0.8832	486.01442959949634	1083.5222315600506
0.8842	487.32319315541605	1085.2993334897496
0.8852	488.63280780642407	1087.077915586458
0.8862	489.9432726315626	1088.8579771395202
0.8872	491.2545867105759	1090.639517438846
0.8882	492.5667491239095	1092.4225357749083
0.8892	493.87975895270824	1094.207031438742
0.8902	495.19361527881574	1095.9930037219435
0.8912	496.50831718477366	1097.78045191667
0.8922	497.8238637538196	1099.569375315637
0.8932	499.14025406988645	1101.3597732121177
0.8942	500.4574872176019	1103.1516448999432
0.8952	501.7755622822863	1104.9449896734995
0.8962	503.0944783499521	1106.7398068277278
0.8972	504.4142345073029	1108.5360956581223
0.8982	505.73482984173205	1110.3338554607303
0.8992	507.0562634413217	1112.1330855321503
0.9002	508.3785343948415	1113.9337851695311
0.9012	509.70164179174805	1115.735953670571
0.9022	511.0255847221831	1117.5395903335161
0.9032	512.3503622769731	1119.3446944571604
0.9042	513.6759735476278	1121.1512653408429
0.9052	515.0024176263394	1122.9593022844488
0.9062	516.329693605981	1124.7688045884065
0.9072	517.6578005801061	1126.5797715536878
0.9082	518.9867376429476	1128.3922024818064
0.9092	520.3165038894158	1130.2060966748163
0.9102	521.6470984150985	1132.021453435312
0.9112	522.9785203162596	1133.8382720664263
0.9122	524.3107686898376	1135.65655187183
0.9132	525.6438426334446	1137.4762921557306
0.9142	526.9777412453664	1139.2974922228711
0.9152	528.3124636245599	1141.1201513785297
0.9162	529.6480088706528	1142.9442689285174
0.9172	530.9843760839432	1144.7698441791788
0.9182	532.3215643653969	1146.596876437389
0.9192	533.6595728166484	1148.425365010555
0.9202	534.9984005399981	1150.2553092066125
0.9212	536.3380466384125	1152.086708334026
0.9222	537.6785102155226	1153.9195617017883
0.9232	539.0197903756227	1155.7538686194175
0.9242	540.3618862236705	1157.5896283969585
0.9252	541.7047968652843	1159.42684034498
0.9262	543.0485214067439	1161.265503774575
0.9272	544.3930589549884	1163.105617997359
0.9282	545.7384086176152	1164.947182325469
0.9292	547.0845695028797	1166.7901960715626
0.9302	548.4315407196939	1168.6346585488177
0.9312	549.7793213776253	1170.4805690709302
0.9322	551.127910586896	1172.3279269521145
0.9332	552.477307458382	1174.1767315071015
0.9342	553.8275111036116	1176.0269820511378
0.9352	555.1785206347655	1177.8786778999854
0.9362	556.5303351646746	1179.7318183699201
0.9372	557.8829538068194	1181.5864027777302
0.9382	559.23637567533	1183.4424304407169
0.9392	560.5905998849835	1185.2999006766918
0.9402	561.9456255512044	1187.158812803977
0.9412	563.3014517900627	1189.0191661414037
0.9422	564.6580777182738	1190.8809600083116
0.9432	566.015502453197	1192.7441937245478
0.9442	567.3737251128344	1194.6088666104654
0.9452	568.7327448158306	1196.4749779869235
0.9462	570.0925606814711	1198.3425271752853
0.9472	571.4531718296814	1200.211513497418
0.9482	572.814577381027	1202.0819362756918
0.9492	574.1767764567109	1203.9537948329778
0.9502	575.5397681785741	1205.827088492649
0.9512	576.9035516690941	1207.7018165785776
0.9522	578.2681260513835	1209.5779784151357
0.9532	579.6334904491899	1211.4555733271927
0.9542	580.9996439868946	1213.3346006401162
0.9552	582.3665857895113	1215.2150596797692
0.9562	583.734314982686	1217.0969497725112
0.9572	585.1028306926952	1218.9802702451952
0.9582	586.4721320464462	1220.865020425169
0.9592	587.8422181714742	1222.751199640272
0.9601999999999999	589.2130881959439	1224.6388072188367
0.9611999999999999	590.584741248647	1226.5278424896865
0.9621999999999999	591.9571764590008	1228.418304782134
0.9632	593.3303929570488	1230.310193425982
0.9642	594.7043898734591	1232.2035077515218
0.9652	596.0791663395232	1234.098247089531
0.9662	597.4547214871558	1235.9944107712754
0.9672	598.8310544488934	1237.8919981285057
0.9682	600.2081643578931	1239.7910084934576
0.9692	601.5860503479329	1241.6914411988514
0.9702	602.9647115534095	1243.59329557789
0.9712	604.3441471093386	1245.4965709642595
0.9722	605.7243561513525	1247.4012666921262
0.9732	607.1053378157008	1249.307382096138
0.9742	608.4870912392489	1251.2149165114229
0.9752	609.8696155594769	1253.123869273587
0.9762	611.2529099144789	1255.0342397187146
0.9772	612.6369734429624	1256.9460271833684
0.9782	614.0218052842469	1258.8592310045863
0.9792	615.4074045782637	1260.7738505198824
0.9802	616.793770465554	1262.689885067245
0.9812	618.1809020872698	1264.6073339851375
0.9822	619.568798585171	1266.5261966124954
0.9832	620.957459101626	1268.4464722887267
0.9842	622.3468827796104	1270.368160353711
0.9852	623.7370687627058	1272.2912601477985
0.9862	625.1280161950997	1274.2157710118095
0.9872	626.5197242215837	1276.1416922870328
0.9882	627.912191987554	1278.069023315226
0.9892	629.3054186390093	1279.997763438614
0.9902	630.6994033225501	1281.9279119998873
0.9912	632.0941451853787	1283.8594683422034
0.9922	633.489643375298	1285.7924318091846
0.9932	634.8858970407097	1287.7268017449167
0.9942	636.2829053306154	1289.6625774939496
0.9952	637.6806673946138	1291.599758401295
0.9962	639.0791823829015	1293.5383438124277
0.9972	640.4784494462709	1295.4783330732819
0.9982	641.8784677361105	1297.4197255302533
0.9992	643.2792364044025	1299.3625205301962
1.0002	644.6807546037242	1301.306717420424
1.0012	646.0830214872456	1303.2523155487083
1.0022	647.4860362087281	1305.1993142632762
1.0032	648.8897979225264	1307.1477129128134
1.0042	650.294305783584	1309.097510846459
1.0052	651.6995589474357	1311.0487074138084
1.0062	653.1055565702042	1313.0013019649098
1.0072	654.5122978086017	1314.9552938502657
1.0082	655.9197818199267	1316.91068242083
1.0092	657.3280077620657	1318.8674670280093
1.0102	658.7369747934897	1320.8256470236602
1.0112	660.146682073256	1322.7852217600905
1.0122	661.5571287610053	1324.7461905900561
1.0132	662.968314016963	1326.708552866763
1.0142	664.3802370019356	1328.6723079438636
1.0152	665.7928968773135	1330.6374551754593
1.0162	667.2062928050666	1332.6039939160955
1.0172	668.6204239477466	1334.5719235207657
1.0182	670.0352894684838	1336.5412433449064
1.0192	671.4508885309881	1338.5119527443997
1.0202	672.8672202995471	1340.4840510755698
1.0212	674.2842839390262	1342.4575376951855
1.0222	675.7020786148664	1344.4324119604548
1.0232	677.1206034930863	1346.40867322903
1.0242	678.5398577402773	1348.386320859001
1.0252	679.9598405236068	1350.3653542088996
1.0262	681.3805510108157	1352.3457726376962
1.0272	682.8019883702161	1354.3275755047982
1.0282	684.2241517706944	1356.310762170053
1.0292	685.6470403817062	1358.2953319937424
1.0302	687.0706533732791	1360.281284336586
1.0312	688.4949899160096	1362.2686185597374
1.0322	689.9200491810637	1364.257334024787
1.0332	691.3458303401754	1366.2474300937572
1.0342	692.7723325656467	1368.2389061291049
1.0352	694.1995550303458	1370.2317614937187
1.0362	695.6274969077077	1372.2259955509205
1.0372	697.0561573717316	1374.2216076644613
1.0382	698.4855355969828	1376.218597198525
1.0392	699.915630758589	1378.216963517723
1.0402	701.3464420322424	1380.2167059870974
1.0412	702.7779685941962	1382.2178239721175
1.0422	704.2102096212668	1384.2203168386818
1.0432	705.6431642908302	1386.2241839531143
1.0442	707.0768317808238	1388.2294246821664
1.0452	708.511211269743	1390.2360383930136
1.0462	709.9459328570208	1392.2440244532588
1.0472	711.3794035803137	1394.253381878415
1.0482	712.8111583378154	1396.2641081645286
1.0492	714.2411913718861	1398.2762003686232
1.0502	715.6694969367969	1400.2896555478471
1.0512	717.0960692987342	1402.3044707594795
1.0522	718.5209027358081	1404.3206430609453
1.0532	719.9439915380597	1406.3381695098235
1.0542	721.365330007467	1408.357047163861
1.0552	722.7849124579516	1410.377273080979
1.0562	724.2027332153863	1412.3988443192889
1.0572	725.6187866176003	1414.4217579370984
1.0582	727.0330670143876	1416.4460109929266
1.0592	728.4455687675106	1418.4716005455105
1.0602	729.85628625071	1420.4985236538198
1.0612	731.2652138497065	1422.5267773770631
1.0622	732.6723459622109	1424.5563587747033
1.0632	734.0776769979275	1426.5872649064634
1.0642	735.4812013785619	1428.619492832342
1.0652	736.8829135378242	1430.6530396126188
1.0662	738.2828079214378	1432.6879023078693
1.0672	739.680878987142	1434.7240779789718
1.0682	741.0771212047006	1436.761563687121
1.0692	742.4715290559039	1438.8003564938354
1.0702	743.8640970345771	1440.8404534609701
1.0712	745.2548196465833	1442.8818516507254
1.0722	746.64369140983	1444.9245481256582
1.0732	748.0307068542733	1446.968539948691
1.0742	749.4158605219237	1449.013824183124
1.0752	750.7991469668495	1451.0603978926424
1.0762	752.1805607551839	1453.1082581413305
1.0772	753.5600964651267	1455.1574019936772
1.0782	754.937748686952	1457.2078265145906
1.0792	756.3135120230099	1459.259528769404
1.0802	757.6873810877332	1461.312505823889
1.0812	759.0593505076397	1463.3667547442635
1.0822	760.4294149213388	1465.4222725972036
1.0832	761.7975689795323	1467.4790564498498
1.0842	763.1638073450226	1469.5371033698227
1.0852	764.5281246927127	1471.5964104252262
1.0862	765.890515709613	1473.656974684663
1.0872	767.2509750948433	1475.7187932172405
1.0882	768.6094975596378	1477.7818630925833
1.0892	769.966077827347	1479.84618138084
1.0902	771.3207106334438	1481.9117451526968
1.0912	772.673390725524	1483.978551479382
1.0922	774.0241128633121	1486.046597432681
1.0932	775.3728718186629	1488.1158800849414
1.0942	776.7196623755664	1490.1863965090865
1.0952	778.0644793301483	1492.2581437786203
1.0962	779.4073174906762	1494.331118967642
1.0972	780.7481716775596	1496.4053191508508
1.0982	782.0870367233556	1498.4807414035597
1.0992	783.4239074727683	1500.5573828017002
1.1002	784.7587787826552	1502.6352404218364
1.1012	786.0916455220263	1504.7143113411698
1.1022	787.4225025720498	1506.7945926375533
1.1032	788.7513448260513	1508.8760813894953
1.1042	790.0781671895198	1510.9587746761745
1.1052	791.4029645801061	1513.0426695774433
1.1062	792.7257319276287	1515.1277631738428
1.1072	794.0464641740724	1517.2140525466061
1.1082	795.3651562735939	1519.301534777673
1.1092	796.6818031925202	1521.3902069496942
1.1102	797.9963999093536	1523.480066146045
1.1112	799.3089414147709	1525.5711094508288
1.1122	800.6194227116273	1527.6633339488924
1.1132	801.9278388149562	1529.7567367258291
1.1142	803.2341847519723	1531.851314867992
1.1152	804.5384555620712	1533.9470654624995
1.1162	805.8406462968338	1536.043985597248
1.1172	807.1407520200238	1538.1420723609156
1.1182	808.4387678075925	1540.241322842977
1.1192	809.7346887476768	1542.3417341337063
1.1202	811.0285099406035	1544.4433033241908
1.1212	812.320226498887	1546.5460275063353
1.1222	813.6098335472333	1548.649903772875
1.1232	814.8973262225383	1550.7549292173799
1.1242	816.1826996738906	1552.8611009342678
1.1252	817.4659490625708	1554.968416018809
1.1262	818.7470695620528	1557.0768715671375
1.1272	820.0260563580038	1559.1864646762574
1.1282	821.302904648286	1561.2971924440544
1.1292	822.577609642955	1563.4090519693002
1.1302	823.8501665642628	1565.5220403516655
1.1312	825.1205706466546	1567.6361546917237
1.1322	826.3888171367728	1569.7513920909637
1.1332	827.6549012934538	1571.8677496517946
1.1342	828.9188183877303	1573.985224477557
1.1352	830.1805637028298	1576.1038136725285
1.1362	831.4401325341759	1578.2235143419352
1.1372	832.6975201893861	1580.344323591956
1.1382	833.9527219882738	1582.4662385297347
1.1392	835.2057332628463	1584.589256263385
1.1402	836.4565493573053	1586.7133739020016
1.1412	837.7051656280457	1588.8385885556647
1.1422	838.9515774436562	1590.9648973354524
1.1432	840.1957801849173	1593.0922973534448
1.1442	841.4377692448014	1595.2207857227345
1.1452	842.6775400284719	1597.3503595574332
1.1462	843.9150879532829	1599.481015972682
1.1472	845.1504084487763	1601.6127520846549
1.1482	846.3834969566842	1603.7455650105724
1.1492	847.6143489309246	1605.879451868704
1.1502000000000001	848.8429598376025	1608.014409778381
1.1512	850.0693251550067	1610.1504358599989
1.1522000000000001	851.2934403736112	1612.287527235031
1.1532	852.5153009960711	1614.4256810260308
1.1542	853.7349025372237	1616.5648943566448
1.1552	854.9522405240848	1618.705164351616
1.1562	856.1673104958489	1620.8464881367936
1.1572	857.3801080038872	1622.9888628391411
1.1582	858.5906286117445	1625.1322855867415
1.1592	859.7988678951405	1627.2767535088092
1.1602	861.0048214419643	1629.4222637356918
1.1612	862.2084848522763	1631.568813398884
1.1622	863.4098537383029	1633.7163996310294
1.1632	864.6089237244371	1635.8650195659322
1.1642	865.8056904472348	1638.0146703385622
1.1652	867.0001495554138	1640.1653490850636
1.1662	868.1922967098506	1642.317052942761
1.1672	869.3821275835792	1644.4697790501693
1.1682	870.5696378617876	1646.6235245469973
1.1692	871.7548232418168	1648.7782865741588
1.1702	872.9376794331573	1650.9340622737775
1.1712	874.1182021574472	1653.0908487891957
1.1722	875.2963871484687	1655.2486432649798
1.1732	876.4722301521472	1657.4074428469303
1.1742	877.6457269265464	1659.567244682085
1.1752	878.8168732418683	1661.7280459187311
1.1762	879.985664880447	1663.8898437064074
1.1772	881.152097636749	1666.0526351959156
1.1782	882.3161673173679	1668.216417539324
1.1792	883.4778697410236	1670.381187889978
1.1802	884.6372007385565	1672.5469434025028
1.1812	885.7941561529275	1674.7136812328151
1.1822	886.9487318392116	1676.8813985381262
1.1832	888.1009236645979	1679.0500924769522
1.1842	889.2507275083833	1681.2197602091176
1.1852	890.3981392619714	1683.3903988957657
1.1862	891.5431548288674	1685.5620056993616
1.1872	892.6857701246762	1687.7345777837038
1.1882	893.8259810770974	1689.908112313926
1.1892	894.9637836259229	1692.0826064565083
1.1902	896.0991737230318	1694.2580573792798
1.1912	897.2321473323886	1696.43446225143
1.1922	898.3627004300376	1698.611818243511
1.1932	899.4908290041003	1700.7901225274475
1.1942	900.6165290547706	1702.9693722765414
1.1952	901.7397965943117	1705.1495646654805
1.1962	902.8606276470509	1707.330696870342
1.1972	903.9790182493776	1709.5127660686035
1.1982	905.0949644497363	1711.695769439144
1.1992	906.2084623086255	1713.879704162257
1.2002	907.3195078985904	1716.0645674196503
1.2012	908.4280973042216	1718.2503563944583
1.2022	909.5342266221479	1720.4370682712438
1.2032	910.6378919610346	1722.6247002360083
1.2042	911.7390894415764	1724.813249476195
1.2052	912.8378151964955	1727.0027131806992
1.2062	913.9340653705343	1729.1930885398692
1.2072	915.0278361204536	1731.384372745519
1.2082	916.119123615025	1733.5765629909288
1.2092	917.2079240350292	1735.769656470856
1.2102	918.2942335732481	1737.9636503815373
1.2112	919.3780484344628	1740.1585419206988
1.2122	920.4593648354463	1742.3543282875592
1.2132	921.5381790049607	1744.551006682838
1.2142	922.6144871837499	1746.7485743087602
1.2152	923.688285624537	1748.9470283690644
1.2162	924.759570592017	1751.1463660690058
1.2172	925.8283383628532	1753.3465846153663
1.2182	926.8945852256704	1755.547681216456
1.2192	927.9583074810522	1757.7496530821247
1.2202	929.019501441532	1759.9524974237615
1.2212	930.0781634315915	1762.1562114543076
1.2222	931.1342897876522	1764.360792388256
1.2232	932.1878768580716	1766.5662374416625
1.2242	933.2389210031372	1768.7725438321481
1.2252	934.287418595061	1770.9797087789073
1.2262	935.3333660179734	1773.1877295027118
1.2272	936.3767596679185	1775.396603225919
1.2282	937.417595952847	1777.6063271724747
1.2292	938.4558712926122	1779.8168985679226
1.2302	939.4915821189618	1782.0283146394058
1.2312	940.5247248755347	1784.2405726156771
1.2322	941.5552960178527	1786.4536697271
1.2332	942.5832920133163	1788.6676032056596
1.2342	943.608709341197	1790.882370284963
1.2352	944.6315444926332	1793.0979682002496
1.2362	945.6517939706218	1795.314394188393
1.2372	946.6694542900142	1797.53164548791
1.2382	947.6845219775084	1799.749719338963
1.2392	948.6969935716439	1801.9686129833685
1.2402	949.7068656227942	1804.1883236646
1.2412	950.714134693162	1806.4088486277958
1.2422	951.7187973567708	1808.630185119762
1.2432	952.7208501994604	1810.8523303889817
1.2442	953.7202898188788	1813.0752816856161
1.2452	954.7171128244769	1815.2990362615137
1.2462	955.7113158375009	1817.523591370213
1.2472	956.7028954909866	1819.7489442669496
1.2482	957.6918484297512	1821.9750922086603
1.2492	958.6781713103886	1824.2020324539906
1.2502	959.6618608012607	1826.4297622632962
1.2512	960.6429135824917	1828.658278898653
1.2522	961.621326345961	1830.8875796238583
1.2532	962.5970957952961	1833.1176617044391
1.2542	963.5702186458656	1835.3485224076546
1.2552	964.5406916247725	1837.5801590025046
1.2562	965.5085114708464	1839.812568759731
1.2572	966.4736749346379	1842.0457489518267
1.2582	967.436178778409	1844.279696853037
1.2592	968.3960197761292	1846.514409739369
1.2602	969.3531947134643	1848.749884888592
1.2612	970.3077003877733	1850.986119580247
1.2622	971.2595336080974	1853.2231110956484
1.2632	972.2086911951556	1855.4608567178911
1.2642	973.1551699813347	1857.699353731854
1.2652	974.0989668106841	1859.9385994242068
1.2662	975.0400785389065	1862.1785910834126
1.2672	975.9785020333519	1864.419325999736
1.2682	976.9142341730081	1866.6608014652438
1.2692	977.847271848496	1868.9030147738154
1.2702	978.7776119620582	1871.145963221141
1.2712	979.7052514275551	1873.389644104734
1.2722	980.6301871704537	1875.6340547239286
1.2732	981.5524161278229	1877.8791923798904
1.2742	982.4719352483229	1880.1250543756162
1.2752000000000001	983.3887414921998	1882.3716380159444
1.2762	984.3028318312754	1884.618940607554
1.2772000000000001	985.2142032489412	1886.8669594589737
1.2782	986.1228527401491	1889.115691880584
1.2792000000000001	987.0287773114044	1891.365135184624
1.2802	987.9319739807563	1893.6152866851933
1.2812	988.8324397777914	1895.8661436982595
1.2822	989.7301717436249	1898.1177035416617
1.2832	990.6251669308912	1900.3699635351136
1.2842	991.5174224037382	1902.6229210002116
1.2852	992.4069352378167	1904.8765732604352
1.2862	993.2937025202734	1907.1309176411555
1.2872	994.1777213497419	1909.3859514696362
1.2882	995.0589888363348	1911.641672075041
1.2892	995.9375021016349	1913.8980767884361
1.2902	996.813258278687	1916.1551629427963
1.2912	997.6862545119893	1918.4129278730074
1.2922	998.5564879574849	1920.6713689158732
1.2932	999.4239557825528	1922.930483410117
1.2942	1000.2886551660002	1925.1902686963888
1.2952	1001.150583298053	1927.450722117267
1.2962	1002.0097373803477	1929.7118410172664
1.2972	1002.8661146259219	1931.9736227428373
1.2982	1003.7197122592071	1934.2360646423754
1.2992	1004.5705275160174	1936.4991640662213
1.3002	1005.4185576435433	1938.7629183666686
1.3012	1006.2637999003413	1941.0273248979652
1.3022	1007.1062515563254	1943.29238101632
1.3032	1007.9459098927581	1945.5580840799041
1.3042	1008.7827722022414	1947.824431448859
1.3052	1009.6168357887078	1950.0914204852968
1.3062	1010.4480979674115	1952.3590485533068
1.3072	1011.276556064919	1954.6273130189584
1.3082	1012.1022074191003	1956.896211250307
1.3092	1012.925049379119	1959.1657406173945
1.3102	1013.7450793054244	1961.4358984922585
1.3112	1014.5622945697411	1963.7066822489312
1.3122	1015.3766925550606	1965.9780892634474
1.3132	1016.188270655631	1968.2501169138454
1.3142	1016.997026276949	1970.522762580174
1.3152	1017.8029568357492	1972.7960236444933
1.3162	1018.6060597599962	1975.0698974908819
1.3172	1019.4063324888734	1977.3443815054377
1.3182	1020.2037724727753	1979.619473076285
1.3192	1020.9983771732966	1981.8951695935748
1.3202	1021.7901440632239	1984.1714684494927
1.3212	1022.579070626525	1986.4483670382588
1.3222	1023.3651543583402	1988.7258627561348
1.3232	1024.148392764972	1991.003953001425
1.3242	1024.9287833638764	1993.2826351744836
1.3252	1025.706323683652	1995.5619066777142
1.3262	1026.4810112640314	1997.8417649155774
1.3272	1027.2528436558705	2000.1222072945918
1.3282	1028.0218184211399	2002.40323122334
1.3292	1028.7879331329136	2004.6848341124698
1.3302	1029.5511853753605	2006.9670133747006
1.3312	1030.311572743734	2009.2497664248244
1.3322	1031.0690928443616	2011.5330906797124
1.3332	1031.823743294636	2013.8169835583149
1.3342	1032.5755217230046	2016.1014424816694
1.3352	1033.324425768959	2018.3864648728998
1.3362	1034.070453083026	2020.6720481572233
1.3372	1034.813601326757	2022.9581897619516
1.3382	1035.55418007947	2025.2448871164972
1.3392	1036.2938425143495	2027.5321378853127
1.3402	1037.0342182951315	2029.8199409707474
1.3412	1037.7753077189166	2032.1082964929537
1.3422	1038.5171110829042	2034.3972045721277
1.3432	1039.2596286843911	2036.6866653285063
1.3442	1040.0028608207729	2038.9766788823706
1.3452	1040.7468077895423	2041.2672453540422
1.3462	1041.491469888291	2043.558364863887
1.3472	1042.236847414708	2045.8500375323101
1.3482	1042.9829406665817	2048.1422634797627
1.3492	1043.729749941797	2050.435042826734
1.3502	1044.4772755383387	2052.7283756937595
1.3512	1045.2255177542886	2055.0222622014135
1.3522	1045.9744768878274	2057.3167024703143
1.3532	1046.7241532372343	2059.6116966211216
1.3542	1047.4745471008869	2061.9072447745384
1.3552	1048.22565877726	2064.203347051307
1.3562	1048.9774885649288	2066.500003572215
1.3572	1049.730036762565	2068.79721445809
1.3582	1050.4833036689404	2071.094979829802
1.3592	1051.2372895829242	2073.3932998082632
1.3602	1051.991994803485	2075.6921745144286
1.3612	1052.7474196296894	2077.9916040692933
1.3622	1053.5035643607027	2080.291588593896
1.3632	1054.260429295789	2082.5921282093154
1.3642	1055.0180147343115	2084.893223036675
1.3652	1055.7763209757313	2087.194873197137
1.3662	1056.5353483196088	2089.497078811908
1.3672	1057.2950970656032	2091.7998400022348
1.3682	1058.055567513472	2094.1031568894064
1.3692	1058.8167599630722	2096.407029594754
1.3702	1059.5786747143593	2098.7114582396507
1.3712	1060.341312067388	2101.0164429455103
1.3722	1061.104672322312	2103.32198383379
1.3732	1061.868755779383	2105.6280810259864
1.3742	1062.6335627389533	2107.9347346436402
1.3752	1063.3990935014729	2110.241944808332
1.3762	1064.165348367492	2112.549711641686
1.3772	1064.9323276376588	2114.858035265365
1.3782	1065.700031612722	2117.166915801077
1.3792	1066.4684605935277	2119.4763533705677
1.3802	1067.2376148810229	2121.786348095629
1.3812	1068.0074947762523	2124.0969000980895
1.3822	1068.778100580362	2126.408009499824
1.3832	1069.5494325945954	2128.719676422745
1.3842	1070.321491120296	2131.031900988809
1.3852	1071.0942764589067	2133.344683320012
1.3862	1071.8677889119701	2135.6580235383935
1.3872	1072.6420287811275	2137.9719217660327
1.3882	1073.4169963681202	2140.2863781250517
1.3892	1074.1926919747889	2142.6013927376125
1.3902	1074.9691159030742	2144.9169657259204
1.3912	1075.7462684550155	2147.23309721222
1.3922	1076.5241499327526	2149.549787318799
1.3932	1077.3027606385242	2151.867036167985
1.3942	1078.0821008746693	2154.184843882149
1.3952	1078.8621709436266	2156.503210583701
1.3962	1079.6429711479338	2158.8221363950934
1.3972	1080.4245017902292	2161.1416214388196
1.3982	1081.2067631732505	2163.461665837415
1.3992	1081.989755599835	2165.782269713454
1.4002000000000001	1082.7734793729205	2168.103433189556
1.4012	1083.5579347955445	2170.4251563883786
1.4022000000000001	1084.3431221708445	2172.747439432622
1.4032	1085.1290418020571	2175.070282445026
1.4042000000000001	1085.9156939925203	2177.393685548374
1.4052	1086.7030790456708	2179.7176488654873
1.4062000000000001	1087.4911972650466	2182.0421725192323
1.4072	1088.280048954285	2184.3672566325126
1.4082	1089.069634417123	2186.6929013282756
1.4092	1089.8599539573993	2189.0191067295095
1.4102	1090.6510078790513	2191.3458729592417
1.4112	1091.4427964861177	2193.6732001405426
1.4122	1092.2353200827367	2196.001088396523
1.4132	1093.0285789731474	2198.3295378503344
1.4142	1093.822573461688	2200.658548625169
1.4152	1094.6173038527993	2202.988120844261
1.4162	1095.4127704510202	2205.3182546308853
1.4172	1096.2089735609911	2207.648950108358
1.4182	1097.005913487453	2209.9802074000336
1.4192	1097.8035905352476	2212.312026629312
1.4202	1098.602005009316	2214.64440791963
1.4212	1099.4011572147006	2216.9773513944674
1.4222	1100.2010474565445	2219.310857177344
1.4232	1101.0016760400915	2221.6449253918213
1.4242	1101.8030432706853	2223.9795561615006
1.4252	1102.6051494537712	2226.3147496100246
1.4262	1103.407994894895	2228.650505861077
1.4272	1104.2115798997027	2230.986825038382
1.4282	1105.0159047739414	2233.3237072657043
1.4292	1105.8209698234598	2235.6611526668503
1.4302	1106.626775354206	2237.9991613656653
1.4312	1107.4333216722305	2240.3377334860384
1.4322	1108.2406090836832	2242.6768691518955
1.4332	1109.0486378948162	2245.016568487207
1.4342	1109.857408411982	2247.3568316159817
1.4352	1110.6669209416345	2249.6976586622695
1.4362	1111.4771757903277	2252.0390497501608
1.4372	1112.2881732647184	2254.381005003788
1.4382	1113.0999136715625	2256.723524547321
1.4392	1113.9123973177186	2259.0666085049747
1.4402	1114.7256245101457	2261.4102570010004
1.4412	1115.539595555905	2263.754470159694
1.4422	1116.354310762157	2266.0992481053877
1.4432	1117.1697704361657	2268.4445909624574
1.4442	1117.9859748852948	2270.7904988553187
1.4452	1118.8029244170107	2273.1369719084273
1.4462	1119.6206193388794	2275.4840102462795
1.4472	1120.4390599585704	2277.831613993413
1.4482	1121.258246583853	2280.179783274404
1.4492	1122.078179522599	2282.5285182138723
1.4502	1122.8988590827807	2284.877818936475
1.4512	1123.7202855724731	2287.227685566911
1.4522	1124.542459299852	2289.5781182299197
1.4532	1125.3653805731956	2291.9291170502815
1.4542	1126.1890497008824	2294.2806821528156
1.4552	1127.013466991394	2296.632813662383
1.4562	1127.8386327533126	2298.985511703884
1.4572	1128.6645472953232	2301.3387764022614
1.4582	1129.4912109262116	2303.692607882495
1.4592	1130.3186239548663	2306.047006269608
1.4602	1131.146786690277	2308.401971688662
1.4612	1131.9756994415352	2310.75750426476
1.4622	1132.8053625178347	2313.1136041230443
1.4632	1133.6357762284715	2315.470271388699
1.4642	1134.466940882843	2317.8275061869467
1.4652	1135.2988567904486	2320.1853086430515
1.4662	1136.13152426089	2322.543678882317
1.4672	1136.9649436038715	2324.9026170300885
1.4682	1137.7991151291983	2327.2621232117494
1.4692	1138.6340391467786	2329.6221975527246
1.4702	1139.469715966623	2331.982840178479
1.4712	1140.3061458988434	2334.3440512145175
1.4722	1141.1433292536544	2336.7058307863854
1.4732	1141.9812663413734	2339.068179019668
1.4742	1142.8199574724192	2341.4310960399907
1.4752	1143.6594029573137	2343.7945819730194
1.4762	1144.4996031066803	2346.158636944459
1.4772	1145.340558231246	2348.5232610800567
1.4782	1146.182268641839	2350.8884545055976
1.4792	1147.0247346493913	2353.2542173469087
1.4802	1147.8679565649363	2355.6205497298547
1.4812	1148.71193469961	2357.987451780343
1.4822	1149.5566693646517	2360.3549236243184
1.4832	1150.402160871403	2362.722965387769
1.4842	1151.2484095313077	2365.0915771967198
1.4852	1152.095415655913	2367.460759177238
1.4862	1152.943179556868	2369.8305114554287
1.4872	1153.791701545926	2372.20083415744
1.4882	1154.6409819349406	2374.571727409457
1.4892	1155.4910210358707	2376.9431913377066
1.4902	1156.3418191607766	2379.315226068454
1.4912	1157.1933766218222	2381.6878317280066
1.4922	1158.0456937312733	2384.0610084427094
1.4932	1158.8987708015002	2386.4347563389497
1.4942	1159.7526081449746	2388.809075543152
1.4952	1160.6072060742727	2391.1839661817835
1.4962	1161.462564902072	2393.559428381349
1.4972	1162.3186849411547	2395.9354622683945
1.4982	1163.1755665044052	2398.3120679695053
1.4992	1164.0332099048117	2400.6892456113073
1.5002	1164.8916154554645	2403.066995320465
1.5012	1165.7507834695582	2405.4453172236845
1.5022	1166.6107142603898	2407.824211447709
1.5032	1167.4714081413606	2410.203678119324
1.5042	1168.3328654259742	2412.5837173653545
1.5052	1169.195086427838	2414.964329312664
1.5062	1170.0580714606626	2417.345514088157
1.5072	1170.9218208382624	2419.727271818778
1.5082	1171.7863348745545	2422.109602631508
1.5092	1172.6516138835605	2424.4925066533733
1.5102	1173.5176581794044	2426.8759840114353
1.5112	1174.3844680763145	2429.2600348327974
1.5122	1175.2520438886222	2431.6446592446014
1.5132	1176.1203859307636	2434.029857374031
1.5142	1176.9894945172764	2436.415629348306
1.5152	1177.8593699628043	2438.8019752946902
1.5162	1178.7300125820927	2441.188895340483
1.5172	1179.6014226899922	2443.576389613027
1.5182	1180.4736006014562	2445.964458239701
1.5192	1181.3465466315427	2448.353101347927
1.5202	1182.2202610954128	2450.7423190651634
1.5212	1183.0947443083323	2453.132111518911
1.5222	1183.9699965856698	2455.5224788367077
1.5232	1184.846018242899	2457.9134211461337
1.5242	1185.7228095955968	2460.3049385748063
1.5252000000000001	1186.6003709594447	2462.6970312503836
1.5262	1187.4787026502272	2465.089699300563
1.5272000000000001	1188.3578049838345	2467.4829428530825
1.5282	1189.2376782762592	2469.876762035717
1.5292000000000001	1190.1183228435991	2472.2711569762846
1.5302	1190.999739002056	2474.666127802639
1.5312000000000001	1191.881927067936	2477.0616746426776
1.5322	1192.7648873576488	2479.457797624333
1.5332000000000001	1193.6486201877094	2481.854496875582
1.5342	1194.533125874736	2484.2517725244365
1.5352000000000001	1195.418404735452	2486.6496246989504
1.5362	1196.3044570866848	2489.048053527216
1.5372	1197.191283245366	2491.4470591373656
1.5382	1198.078883528533	2493.8466416575725
1.5392	1198.9672582533253	2496.2468012160457
1.5402	1199.856407736989	2498.6475379410376
1.5412	1200.7463322968736	2501.0488519608366
1.5422	1201.6370322504335	2503.4507434037732
1.5432	1202.5285079152281	2505.853212398216
1.5442	1203.4207596089211	2508.256259072574
1.5452	1204.3137876492804	2510.6598835552936
1.5462	1205.2075923541797	2513.0640859748632
1.5472	1206.1021740415963	2515.468866459809
1.5482	1206.9975330296136	2517.874225138696
1.5492	1207.8936696364178	2520.28016214013
1.5502	1208.7905841803024	2522.6866775927565
1.5512	1209.6882769796637	2525.093771625258
1.5522	1210.5867483530046	2527.5014443663586
1.5532	1211.4859986189315	2529.909695944821
1.5542	1212.3860280961567	2532.3185264894473
1.5552	1213.2868371034967	2534.7279361290775
1.5562	1214.1884259598744	2537.1379249925944
1.5572	1215.0907949843163	2539.5484932089157
1.5582	1215.993944495955	2541.9596409070023
1.5592	1216.8978748140278	2544.3713682158514
1.5602	1217.8025862578775	2546.7836752645017
1.5612	1218.7080791469514	2549.1965621820295
1.5622	1219.6143538008034	2551.610029097552
1.5632	1220.521410539091	2554.0240761402233
1.5642	1221.4292496815788	2556.43870343924
1.5652	1222.337871548135	2558.853911123834
1.5662	1223.2472764587344	2561.2696993232807
1.5672	1224.1574647334567	2563.686068166891
1.5682	1225.0684366924877	2566.103017784018
1.5692	1225.9801926561172	2568.5205483040504
1.5702	1226.8927329447426	2570.9386598564206
1.5712	1227.806057878865	2573.3573525705965
1.5722	1228.720167779092	2575.776626576087
1.5732	1229.6350629661367	2578.1964820024396
1.5742	1230.5507437608182	2580.6169189792413
1.5752	1231.4672104840606	2583.037937636118
1.5762	1232.384463456894	2585.4595381027348
1.5772	1233.3025030004542	2587.8817205087953
1.5782	1234.2213294359829	2590.304484984044
1.5792	1235.140943084828	2592.727831658263
1.5802	1236.0613442684426	2595.1517606612733
1.5812	1236.9825333083857	2597.576272122936
1.5822	1237.904510526323	2600.0013661731523
1.5832	1238.8272762440251	2602.427042941859
1.5842	1239.7508307833698	2604.853302559036
1.5852	1240.6751744663397	2607.280145154699
1.5862	1241.6003076150243	2609.707570858905
1.5872	1242.5262305516187	2612.135579801749
1.5882	1243.452943598425	2614.564172113366
1.5892	1244.3804470778498	2616.9933479239285
1.5902	1245.3087413124078	2619.4231073636497
1.5912	1246.2378266247185	2621.853450562781
1.5922	1247.1677033375086	2624.2843776516124
1.5932	1248.0983717736103	2626.7158887604737
1.5942	1249.0298322559634	2629.1479840197344
1.5952	1249.9620851076122	2631.580663559801
1.5962	1250.8951306517088	2634.013927511121
1.5972	1251.8289692115115	2636.447776004179
1.5982	1252.763601110385	2638.882209169501
1.5992	1253.6990266717999	2641.3172271376493
1.6002	1254.6352462193342	2643.752830039228
1.6012	1255.5722600766721	2646.1890180048767
1.6022	1256.5100685676045	2648.625791165278
1.6032	1257.448672016029	2651.06314965115
1.6042	1258.3880707459493	2653.5010935932523
1.6052	1259.3282650814763	2655.939623122381
1.6062	1260.2692553468282	2658.378738369374
1.6072	1261.2110418663287	2660.8184394651053
1.6082	1262.1536249644093	2663.25872654049
1.6092	1263.0970049656078	2665.6995997264808
1.6102	1264.0411821945693	2668.1410591540707
1.6112	1264.9861569760453	2670.5831049542894
1.6122	1265.931929634895	2673.025737258208
1.6132	1266.8785004960835	2675.4689561969344
1.6142	1267.8258698846842	2677.9127619016176
1.6152	1268.7740381258761	2680.3571545034424
1.6162	1269.723005544947	2682.802134133636
1.6172	1270.67277246729	2685.2477009234613
1.6182	1271.623339218407	2687.693855004223
1.6192	1272.5747061239056	2690.1405965072627
1.6202	1273.5268735095017	2692.5879255639616
1.6212	1274.479841701018	2695.0358423057382
1.6222	1275.4336110243844	2697.484346864053
1.6232	1276.3881818056384	2699.933439370402
1.6242	1277.343554370925	2702.3831199563233
1.6252	1278.2997290464957	2704.833388753391
1.6262	1279.2567061587106	2707.284245893219
1.6272	1280.2144860340363	2709.73569150746
1.6282	1281.1730689990477	2712.187725727807
1.6292	1282.1324553804266	2714.640348685989
1.6302	1283.0926455049625	2717.0935605137765
1.6312	1284.0536396995521	2719.5473613429763
1.6322	1285.0154382912012	2722.0017513054368
1.6332	1285.9780416070214	2724.456730533042
1.6342	1286.941449974233	2726.9122991577174
1.6352	1287.905663720164	2729.368457311426
1.6362	1288.8706831722502	2731.82520512617
1.6372	1289.8365086580345	2734.28254273399
1.6382	1290.8031405051686	2736.7404702669655
1.6392	1291.7705790414116	2739.198987857215
1.6402	1292.7388245946302	2741.6580956368953
1.6412	1293.7078774927995	2744.117793738202
1.6422	1294.6777380640026	2746.5780822933702
1.6432	1295.6484066364303	2749.0389614346727
1.6442	1296.6198835383811	2751.500431294422
1.6452	1297.5921690982627	2753.962492004968
1.6462	1298.5652636445898	2756.425143698701
1.6472	1299.539167505986	2758.888386508049
1.6482	1300.5138810111823	2761.3522205654785
1.6492	1301.4894044890186	2763.816646003495
1.6502000000000001	1302.4657382684434	2766.2816629546437
1.6512	1303.4428826785118	2768.7472715515064
1.6522000000000001	1304.4208380483888	2771.2134719267056
1.6532	1305.3996047073472	2773.6802642129014
1.6542000000000001	1306.3791829847682	2776.147648542793
1.6552	1307.3595732101414	2778.6156250491176
1.6562000000000001	1308.3407757130649	2781.0841938646527
1.6572	1309.322790823245	2783.553355122212
1.6582000000000001	1310.3056188704973	2786.023108954651
1.6592	1311.2892601847448	2788.49345549486
1.6602000000000001	1312.2737150960202	2790.964394875772
1.6612	1313.258983934464	2793.435927230355
1.6622000000000001	1314.2450670303258	2795.908052691619
1.6632	1315.2319647139636	2798.38077139261
1.6642000000000001	1316.2196773158446	2800.854083466414
1.6652	1317.2082051665438	2803.3279890461545
1.6662	1318.1975485967464	2805.802488264995
1.6672	1319.1877079372455	2808.2775812561376
1.6682	1320.1786835189428	2810.7532681528214
1.6692	1321.17047567285	2813.2295490883266
1.6702	1322.1630847300862	2815.7064241959692
1.6712	1323.156511021881	2818.183893609106
1.6722	1324.1507548795717	2820.6619574611304
1.6732	1325.1458166346058	2823.1406158854775
1.6742	1326.1416966185388	2825.6198690156175
1.6752	1327.1383951630366	2828.099716985062
1.6762	1328.1359125998724	2830.5801599273586
1.6772	1329.1342492609306	2833.061197976096
1.6782	1330.133405478203	2835.5428312649
1.6792	1331.133381583792	2838.0250599274354
1.6802	1332.1341779099084	2840.507884097405
1.6812	1333.135794788873	2842.9913039085523
1.6822	1334.138232553115	2845.4753194946547
1.6832	1335.1414915351743	2847.9599309895343
1.6842	1336.1455720676986	2850.4451385270468
1.6852	1337.150474483447	2852.9309422410893
1.6862	1338.1561991152857	2855.417342265595
1.6872	1339.162746296193	2857.904338734539
1.6882	1340.1701163592545	2860.391931781932
1.6892	1341.178309637667	2862.8801215418243
1.6902	1342.1873264647359	2865.368908148305
1.6912	1343.197167173877	2867.858291735502
1.6922	1344.207832098615	2870.3482724375795
1.6932	1345.219321572585	2872.8388503887436
1.6942	1346.231635929531	2875.3300257232363
1.6952	1347.2447755033083	2877.82179857534
1.6962	1348.2587406278803	2880.314169079373
1.6972	1349.2735316373219	2882.8071373696957
1.6982	1350.2891488658163	2885.300703580704
1.6992	1351.305592647658	2887.7948678468338
1.7002	1352.3228633172503	2890.289630302558
1.7012	1353.3409612091075	2892.784991082391
1.7022	1354.3598866578534	2895.2809503208823
1.7032	1355.379639998222	2897.777508152622
1.7042	1356.400221565057	2900.2746647122376
1.7052	1357.4216316933134	2902.7724201343963
1.7062	1358.4438707180545	2905.270774553802
1.7072	1359.4669389744563	2907.7697281051996
1.7082	1360.4908367978026	2910.2692809233695
1.7092	1361.5155645234886	2912.769433143133
1.7102	1362.54112248702	2915.2701848993484
1.7112	1363.567511024013	2917.771536326914
1.7122	1364.5947304701926	2920.2734875607644
1.7132	1365.622781161397	2922.776038735875
1.7142	1366.6516634335712	2925.2791899872564
1.7152	1367.6813776227748	2927.7829414499624
1.7162	1368.7119240651743	2930.287293259081
1.7172	1369.7433030970492	2932.792245549741
1.7182	1370.7755150547882	2935.297798457108
1.7192	1371.8085602748913	2937.803952116388
1.7202	1372.842439093969	2940.3107066628236
1.7212	1373.8771518487426	2942.8180622316977
1.7222	1374.9126988760434	2945.326018958329
1.7232	1375.9490805128148	2947.8345769780776
1.7242	1376.9862970961096	2950.3437364263395
1.7252	1378.0243489630927	2952.8534974385516
1.7262	1379.063236451039	2955.3638601501866
1.7272	1380.1029598973346	2957.8748246967575
1.7282	1381.1435196394764	2960.386391213815
1.7292	1382.1849160150728	2962.8985598369486
1.7302	1383.227149361842	2965.4113307017856
1.7312	1384.270220017615	2967.9247039439924
1.7322	1385.3141283203322	2970.438679699273
1.7332	1386.3588746080463	2972.9532581033714
1.7342	1387.4044592189202	2975.4684392920676
1.7352	1388.4508824912293	2977.984223401183
1.7362	1389.4981447633584	2980.500610566574
1.7372	1390.546246373805	2983.0176009241377
1.7382	1391.5951876611775	2985.535194609809
1.7392	1392.6449689641954	2988.0533917595617
1.7402	1393.6955906216897	2990.5721925094067
1.7412	1394.7470529726031	2993.091596995395
1.7422	1395.799356355989	2995.611605353614
1.7432	1396.852501111013	2998.132217720192
1.7442	1397.9064875769516	3000.6534342312925
1.7452	1398.9613160931935	3003.175255023121
1.7462	1400.0169869992383	3005.6976802319177
1.7472	1401.0735006346977	3008.220709993964
1.7482	1402.1308573392946	3010.744344445579
1.7492	1403.1890574528643	3013.2685837231193
1.7502	1404.2481013153526	3015.7934279629803
1.7512	1405.3079892668184	3018.3188773015963
1.7522	1406.3687216474314	3020.844931875439
1.7532	1407.4302987974734	3023.37159182102
1.7542	1408.4927210573383	3025.898857274887
1.7552	1409.555988767532	3028.426728373629
1.7562	1410.6201022686712	3030.9552052538697
1.7572	1411.685061901486	3033.4842880522747
1.7582	1412.7508680068174	3036.0139769055454
1.7592	1413.8175209256192	3038.5442719504235
1.7602	1414.8850209989569	3041.0751733236875
1.7612	1415.9533685680085	3043.606681162156
1.7622	1417.022563974063	3046.138795602683
1.7632	1418.0926075585228	3048.671516782164
1.7642	1419.1634996629018	3051.2048448375313
1.7652	1420.2352406288267	3053.7387799057556
1.7662	1421.3078307980356	3056.273322123846
1.7672	1422.38127051238	3058.808471628851
1.7682	1423.4555601138227	3061.344228557855
1.7692	1424.5306999444397	3063.880593047983
1.7702	1425.6066903464189	3066.417565236398
1.7712	1426.683531662061	3068.9551452603005
1.7722	1427.7612242337784	3071.493333256929
1.7732	1428.8397684040976	3074.032129363563
1.7742	1429.919164515656	3076.5715337175166
1.7752000000000001	1430.9994129112044	3079.1115464561453
1.7762	1432.080513933606	3081.6521677168407
1.7772000000000001	1433.1624679258368	3084.1933976370346
1.7782	1434.2452752309853	3086.735236354195
1.7792000000000001	1435.3289361922532	3089.277684005831
1.7802	1436.413451152954	3091.820740729487
1.7812000000000001	1437.4988204565152	3094.364406662749
1.7822	1438.585044446476	3096.9086819432373
1.7832000000000001	1439.67212346649	3099.4535667086147
1.7842	1440.7600578603217	3101.999061096579
1.7852000000000001	1441.84884797185	3104.5451652448687
1.7862	1442.9384941450662	3107.091879291259
1.7872000000000001	1444.0289967240751	3109.639203373564
1.7882	1445.1203560530937	3112.1871376296363
1.7892000000000001	1446.212572476453	3114.735682197367
1.7902	1447.3056463385963	3117.2848372146846
1.7912000000000001	1448.3995779840811	3119.8346028195574
1.7922	1449.4943677575768	3122.3849791499892
1.7932	1450.5900160038668	3124.9359663440255
1.7942	1451.6865230678482	3127.4875645397487
1.7952	1452.78388929453	3130.039773875279
1.7962	1453.8821150290355	3132.5925944887754
1.7972	1454.9812006166014	3135.146026518434
1.7982	1456.0811464025778	3137.700070102492
1.7992	1457.1819527324276	3140.2547253792227
1.8002	1458.2836199517283	3142.8099924869384
1.8012	1459.3861484061692	3145.365871563989
1.8022	1460.4895384415554	3147.9223627487636
1.8032	1461.5937904038033	3150.479466179689
1.8042	1462.6989046389444	3153.0371819952306
1.8052	1463.8048814931235	3155.595510333892
1.8062	1464.911721312599	3158.154451334216
1.8072	1466.0194244437425	3160.714005134781
1.8082	1467.1279912330408	3163.2741718742077
1.8092	1468.2374220270926	3165.834951691151
1.8102	1469.3477171726122	3168.396344724308
1.8112	1470.4588770164262	3170.95835111241
1.8122	1471.5709019054764	3173.5209709942305
1.8132	1472.6837921868175	3176.0842045085783
1.8142	1473.7975482076192	3178.648051794303
1.8152	1474.912170315164	3181.2125129902893
1.8162	1476.02765885685	3183.777588235464
1.8172	1477.1440141801875	3186.3432776687887
1.8182	1478.2612366328026	3188.9095814292664
1.8192	1479.3793265624342	3191.476499655935
1.8202	1480.4982843169369	3194.044032487875
1.8212	1481.6181102442774	3196.6121800642004
1.8222	1482.7388046925391	3199.1809425240676
1.8232	1483.8603680099177	3201.7503200066685
1.8242	1484.9828005447246	3204.3203126512353
1.8252	1486.106102645384	3206.8909205970363
1.8262	1487.2302746604362	3209.46214398338
1.8272	1488.355316938535	3212.0339829496124
1.8282	1489.481229828449	3214.606437635118
1.8292	1490.6080136790606	3217.179508179319
1.8302	1491.7356688393681	3219.753194721677
1.8312	1492.8641956584831	3222.327497401691
1.8322	1493.9935944856322	3224.9024163588983
1.8332	1495.123865670157	3227.477951732875
1.8342	1496.2550095615136	3230.0541036632358
1.8352	1497.3870265092723	3232.630872289632
1.8362	1498.519916863119	3235.208257751755
1.8372	1499.6536809728534	3237.7862601893326
1.8382	1500.7883191883914	3240.3648797421342
1.8392	1501.9238318597622	3242.9441165499634
1.8402	1503.0602193371112	3245.5239707526657
1.8412	1504.1974819706975	3248.104442490121
1.8422	1505.3356201108968	3250.6855319022525
1.8432	1506.4746341081977	3253.267239129016
1.8442	1507.6145243132062	3255.8495643104116
1.8452	1508.7545931468453	3258.432507586472
1.8462	1509.8918876446214	3261.0160687191956
1.8472	1511.0257611590841	3263.600245871227
1.8482	1512.1562109741424	3266.185036857096
1.8492	1513.2832343834627	3268.7704394922257
1.8502	1514.406828690466	3271.35645159294
1.8512	1515.5269912083231	3273.9430709764647
1.8522	1516.6437192599544	3276.5302954609338
1.8532	1517.7570101780218	3279.1181228653895
1.8542	1518.866861304929	3281.7065510097914
1.8552	1519.9732699928152	3284.295577715014
1.8562	1521.0762336035536	3286.885200802857
1.8572	1522.1757495087459	3289.475418096043
1.8582	1523.2718150897203	3292.0662274182273
1.8592	1524.3644277375254	3294.657626593994
1.8602	1525.4535848529297	3297.2496134488683
1.8612	1526.539283846414	3299.842185809313
1.8622	1527.6215221381715	3302.435341502737
1.8632	1528.700297158101	3305.029078357497
1.8642	1529.775606345804	3307.6233942029003
1.8652	1530.8474471505808	3310.2182868692107
1.8662	1531.9158170314267	3312.8137541876504
1.8672	1532.9807134570276	3315.409793990404
1.8682	1534.0421339057568	3318.0064041106243
1.8692	1535.1000758656696	3320.603582382431
1.8702	1536.154536834501	3323.2013266409203
1.8712	1537.2055143196596	3325.799634722164
1.8722	1538.2530058382254	3328.398504463214
1.8732	1539.2970089169437	3330.9979337021086
1.8742	1540.3375210922231	3333.597920277874
1.8752	1541.374539910129	3336.1984620305248
1.8762	1542.4080629263815	3338.7995568010747
1.8772	1543.438087706349	3341.401202431533
1.8782	1544.4646118250462	3344.0033967649138
1.8792	1545.4876328671276	3346.6061376452344
1.8802	1546.5071484268844	3349.209422917524
1.8812	1547.5231561082394	3351.813250427822
1.8822	1548.5356535247438	3354.4176180231857
1.8832	1549.544638299571	3357.022523551692
1.8842	1550.5501080655135	3359.6279648624404
1.8852	1551.5520604649778	3362.2339398055583
1.8862	1552.5504931499802	3364.840446232202
1.8872	1553.5454037821412	3367.4474819945617
1.8882	1554.5367900326828	3370.0550449458665
1.8892	1555.5246495824215	3372.663132940383
1.8902	1556.5089801217662	3375.271743833425
1.8912	1557.4897793507112	3377.8808754813504
1.8922	1558.4670449788334	3380.4905257415708
1.8932	1559.4407747252858	3383.1006924725502
1.8942	1560.4109663187944	3385.7113735338116
1.8952	1561.377617497652	3388.322566785937
1.8962	1562.3407260097144	3390.934270090575
1.8972	1563.3002896123949	3393.5464813104395
1.8982	1564.25630607266	3396.159198309318
1.8992	1565.2087731670238	3398.77241895207
1.9002000000000001	1566.157688681544	3401.3861411046355
1.9012	1567.1030504118153	3404.0003626340317
1.9022000000000001	1568.0448561629669	3406.6150814083644
1.9032	1568.9831037496551	3409.230295296823
1.9042000000000001	1569.9177909960595	3411.846002169691
1.9052	1570.8489157358779	3414.4621998983444
1.9062000000000001	1571.7764758123208	3417.0788863552575
1.9072	1572.7004690781062	3419.696059414004
1.9082000000000001	1573.6208933954551	3422.3137169492647
1.9092	1574.5377466360858	3424.9318568368235
1.9102000000000001	1575.4510266812092	3427.5504769535787
1.9112	1576.3607314215228	3430.169575177539
1.9122000000000001	1577.266858757206	3432.789149387833
1.9132	1578.169406597914	3435.4091974647067
1.9142000000000001	1579.068372862775	3438.0297172895316
1.9152	1579.963755480381	3440.6507067448038
1.9162000000000001	1580.8555523887858	3443.2721637141517
1.9172	1581.743761535498	3445.8940860823336
1.9182000000000001	1582.6283808774756	3448.516471735246
1.9192	1583.509408381121	3451.1393185599227
1.9202	1584.3868420222757	3453.7626244445423
1.9212	1585.2614296335712	3456.3863872784273
1.9222	1586.1361689881576	3459.010605342187
1.9232	1587.011060033408	3461.635278477938
1.9242	1587.8861027167388	3464.26040652793
1.9252	1588.7612969856134	3466.885989334554
1.9262	1589.6366427875396	3469.512026740332
1.9272	1590.5121400700714	3472.1385185879276
1.9282	1591.3877887808076	3474.7654647201366
1.9292	1592.263588867393	3477.3928649798927
1.9302	1593.1395402775167	3480.020719210264
1.9312	1594.015642958914	3482.6490272544556
1.9322	1594.8918968593644	3485.277788955806
1.9332	1595.7683019266926	3487.9070041577916
1.9342	1596.6448581087689	3490.5366727040205
1.9352	1597.521565353508	3493.1667944382384
1.9362	1598.3984236088697	3495.797369204323
1.9372	1599.2754328228584	3498.4283968462887
1.9382	1600.152592943523	3501.059877208282
1.9392	1601.0299039189574	3503.6918101345864
1.9402	1601.9073656973003	3506.3241954696155
1.9412	1602.784978226735	3508.9570330579195
1.9422	1603.6627414554882	3511.59032274418
1.9432	1604.540655331833	3514.224064373214
1.9442	1605.418719804085	3516.8582577899697
1.9452	1606.2969348206047	3519.492902839529
1.9462	1607.175300329797	3522.127999367106
1.9472	1608.0538162801117	3524.7635472180496
1.9482	1608.9324826200411	3527.3995462378375
1.9492	1609.8112992981225	3530.0359962720822
1.9502	1610.690266262938	3532.6728971665275
1.9512	1611.5693834631115	3535.310248767049
1.9522	1612.448650847313	3537.9480509196533
1.9532	1613.3280683642554	3540.5863034704803
1.9542	1614.2076359626947	3543.225006265798
1.9552	1615.087353591432	3545.86415915201
1.9562	1615.9672211993104	3548.503761975646
1.9572	1616.8472387352185	3551.14381458337
1.9582	1617.7274061480866	3553.7843168219747
1.9592	1618.60772338689	3556.425268538385
1.9602	1619.488190400646	3559.0666695796535
1.9612	1620.3688071384165	3561.708519792965
1.9622	1621.2495735493055	3564.3508190256325
1.9632	1622.130489582462	3566.9935671251014
1.9642	1623.0115551870756	3569.6367639389423
1.9652	1623.8927703123813	3572.2804093148598
1.9662	1624.7741349076562	3574.924503100684
1.9672	1625.65564892222	3577.569045144376
1.9682	1626.5373123054364	3580.214035294025
1.9692	1627.4191250067113	3582.85947339785
1.9702	1628.3010869754933	3585.505359304195
1.9712	1629.183198161274	3588.1516928615374
1.9722	1630.0654585135878	3590.7984739184785
1.9732	1630.947867982012	3593.4457023237505
1.9742	1631.830426516165	3596.09337792621
1.9752	1632.71313406571	3598.7415005748453
1.9762	1633.5959905803509	3601.390070118768
1.9772	1634.478996009835	3604.0390864072206
1.9782	1635.3621503039517	3606.68854928957
1.9792	1636.2454534125325	3609.338458615312
1.9802	1637.1289052854509	3611.9888142340674
1.9812	1638.0125058726233	3614.639615995585
1.9822	1638.8962551240077	3617.290863749738
1.9832	1639.7801529896046	3619.942557346529
1.9842	1640.6641994194563	3622.5946966360834
1.9852	1641.5483943636468	3625.2472814686553
1.9862	1642.4327377723023	3627.900311694622
1.9872	1643.317229595591	3630.553787164488
1.9882	1644.2018697837223	3633.207707728882
1.9892	1645.0866582869482	3635.86207323856
1.9902	1645.9715950555617	3638.5168835443997
1.9912	1646.8566800398978	3641.172138497408
1.9922	1647.7419131903323	3643.827837948712
1.9932	1648.627294457284	3646.4839817495667
1.9942	1649.5128237912118	3649.1405697513496
1.9952	1650.3985011426166	3651.797601805564
1.9962	1651.2843264620406	3654.4550777638356
1.9972	1652.170299700067	3657.1129974779146
1.9982	1653.0564208073204	3659.771360799675
1.9992	1653.9426897344672	3662.4301675811153
2.0002	1654.8291064322136	3665.0894176743545
2.0012	1655.715670851308	3667.749110931638
2.0022	1656.6023829425403	3670.4092472053344
2.0032	1657.4892426567394	3673.069826347931
2.0042	1658.3762499447764	3675.7308482120425
2.0052	1659.2634047575634	3678.3923126504037
2.0062	1660.1507070460536	3681.054219515874
2.0072	1661.0381567612392	3683.7165686614308
2.0082	1661.9257538541547	3686.3793599401774
2.0092	1662.813498275875	3689.042593205338
2.0102	1663.7013899775154	3691.7062683102595
2.0112	1664.589428910231	3694.3703851084065
2.0122	1665.4776150252187	3697.0349434533696
2.0132	1666.3659482737153	3699.6999431988584
2.0142	1667.2544286069976	3702.365384198706
2.0152	1668.143055976383	3705.0312663068617
2.0162	1669.031830333229	3707.6975893773993
2.0172	1669.9207516289337	3710.3643532645133
2.0182	1670.8098198149353	3713.0315578225177
2.0192	1671.6990348427112	3715.6992029058456
2.0202	1672.58839666378	3718.367288369052
2.0212	1673.4779052297	3721.0358140668113
2.0222	1674.3675604920693	3723.7047798539197
2.0232	1675.2573624025254	3726.374185585288
2.0242	1676.1473109127467	3729.044031115952
2.0252	1677.0374059744504	3731.7143163010633
2.0262000000000002	1677.9276475393945	3734.385040995896
2.0272	1678.8180355593752	3737.0562050558383
2.0282	1679.7085699862298	3739.727808336402
2.0292	1680.5992507718342	3742.3998506932153
2.0302000000000002	1681.490077868105	3745.072331982027
2.0312	1682.3810512269959	3747.7452520587003
2.0322	1683.2721708005029	3750.418610779221
2.0332	1684.1634365406594	3753.0924079996907
2.0342000000000002	1685.0548483995392	3755.7666435763304
2.0352	1685.9464063292546	3758.441317365476
2.0362	1686.8381102819574	3761.1164292235844
2.0372	1687.7299602098385	3763.7919790072283
2.0382000000000002	1688.6219560651289	3766.467966573099
2.0392	1689.5140978000966	3769.1443917780025
2.0402	1690.4063853670505	3771.821254478864
2.0412	1691.2988187183375	3774.498554532725
2.0422000000000002	1692.1913978063444	3777.1762917967453
2.0432	1693.084122583495	3779.854466128197
2.0442	1693.9769930022533	3782.5330773844726
2.0452	1694.8700090151224	3785.2121254230797
2.0462000000000002	1695.7631705746433	3787.8916101016425
2.0472	1696.656477633395	3790.5715312778984
2.0482	1697.549930143997	3793.251888809704
2.0492	1698.443528059106	3795.9326825550306