4.00000001e-15	6.302945748716805e-26	4.351707029680875e-12
4.73000011e-15	6.302945614818121e-25	4.385181901361303e-12
4.7599999e-15	6.302945614818122e-24	4.407498337424682e-12
4.91000012e-15	6.302945960723054e-23	4.546975920553448e-12
6.99000006e-15	7.551104552555234e-22	6.471769917429146e-12
9.89999996e-15	8.736777248382057e-21	9.149743617496096e-12
2.71999999e-14	1.0609016168266013e-19	2.5161794911850037e-11
1.27e-13	3.632001829948672e-18	1.1827716915866996e-10
6.93000019e-13	1.185672907833073e-16	6.415978632001786e-10
6.29500011e-12	6.08078550546753e-15	5.824592948002679e-9
1.58099991e-11	3.1003124302611025e-14	1.4628431042178087e-8
3.97200016e-11	1.517072015175184e-13	3.6749608457933496e-8
9.97599989e-11	7.182883240348137e-13	9.22785101539835e-8
2.50600013e-10	3.286319950903816e-12	2.318678910957376e-7
6.29399977e-10	1.4465520754295918e-11	5.824592479357286e-7
1.581e-9	6.08770373800491e-11	1.4628431488507032e-6
3.97200006e-9	2.44063831733988e-10	3.6755189243472444e-6
4.99999997e-9	3.281968243695604e-10	4.626757397902255e-6
9.97599958e-9	8.955255713010489e-10	9.233429602767239e-6
1.98999999e-8	2.3919883842892214e-9	0.000018422227181432718
3.97199997e-8	6.278062742691364e-9	0.00003676076869002455
7.9240003e-8	1.6250836532024102e-8	0.00007336532325373801
1.58099994e-7	4.16625735326936e-8	0.00014639588819459942
1.98999999e-7	5.453023833965633e-8	0.00018433386074536936
3.15499989e-7	1.0165922706985048e-7	0.00029217806962731534
4.99999999e-7	1.8903147176969427e-7	0.00046312206427136807
6.29400006e-7	2.5767685114929705e-7	0.0005830171702744923
7.92399987e-7	3.1427137022985945e-7	0.0007342111002008481
9.97599955e-7	4.2810757754965417e-7	0.000924458816112475
1.58099999e-6	7.937960432939077e-7	0.0014650748047310871
2.5060001e-6	1.4703190805623745e-6	0.002323142055344789
3.97199983e-6	2.7221601762999334e-6	0.003682771814327159
4.99999987e-6	3.533363099754519e-6	0.0046373577214907395
6.29399983e-6	4.806516235215354e-6	0.005835750937290783
7.92399987e-6	6.540169783530463e-6	0.007353269471100201
9.976e-6	8.892769939745593e-6	0.00925574675295693
0.00001256	0.000012094398348582906	0.011660343673287213
0.0000158099992	0.000015620397121178308	0.014678642936844455
0.0000199000006	0.00002124302644498996	0.018483597411292123
0.0000250600006	0.000028880830841330063	0.02327605434054899
0.0000315500001	0.00003712564126311091	0.02931265286766347
0.0000397199983	0.00005047980272260657	0.03691698437848694
0.0000499999987	0.0000686465036822138	0.046485161459495654
0.000062940002	0.00009329613847355502	0.058524884735550106
0.0000792400024	0.00012686900357063158	0.07375585817897791
0.00009976	0.00016207320464182103	0.09283642021870118
0.000110499997	0.00018047310421780854	0.10287881834411962
0.000125599996	0.00020531130997545192	0.1169381856728409
0.000158099996	0.0002791452756081232	0.14728854831510826
0.000199000002	0.0003629546942646731	0.18550547199285877
0.0002	0.0003652221626504233	0.1864462707257967
0.0012000000000000001	0.0013087123297136729	1.1277314456735463
0.0022	0.0024464107909377046	2.0689460723115425
0.0032	0.003834138158553995	3.01074051735494
0.0042	0.005432998611980342	3.9530085763711003
0.0052	0.007204748479297192	4.895677131653118
0.0062	0.00913021907107402	5.838700193432477
0.0072	0.011195606306660897	6.782043954492657
0.0082	0.013390742314792314	7.7256823818861875
0.009200000000000002	0.015707963923905676	8.669594740035306
0.0102	0.018145900397075216	9.613761412477249
0.0112	0.0206697152950499	10.558062484384472
0.0122	0.02330648665652231	11.5025890322918
0.013200000000000002	0.02605290606290099	12.447331817656716
0.0142	0.02890638138257428	13.392282753513639
0.0152	0.031864832934799456	14.337434711194605
0.0162	0.03492682086806828	15.282781364543357
0.0172	0.038092615801296484	16.22831707989652
0.0182	0.04136406632569127	17.1740368940488
0.0192	0.044740806722866434	18.11993649303884
0.0202	0.04822259972635543	19.066011993737668
0.0212	0.051809407672242444	20.012259886090042
0.022199999999999998	0.05550131661858626	20.95867698970042
0.0232	0.059298480171373416	21.90526041483503
0.0242	0.06320115251500703	22.852007527686563
0.0252	0.06720966215229032	23.798915922802014
0.0262	0.07132485299724971	24.74598339875114
0.0272	0.07554841231480332	25.69320795418273
0.0282	0.0798809904483121	26.640587797347212
0.0292	0.0843232155245271	27.588121286727247
0.030199999999999998	0.08887575385354514	28.53580691482291
0.0312	0.09353938628108761	29.48364329606763
0.0322	0.0983148298895113	30.431629158807887
0.0332	0.10320279428780951	31.37976333269579
0.0342	0.10820406875077249	32.32804473928759
0.0352	0.11331943840538425	33.27647238631204
0.0362	0.11854954215191156	34.225045360243875
0.0372	0.12389524748351718	35.17376281567112
0.0382	0.12935742876441045	36.12262397596621
0.0392	0.13493672368897186	37.071628128111726
0.0402	0.1406340048155839	38.02077461172687
0.0412	0.14645018347272853	38.97006282098987
0.0422	0.15238586168595905	39.91949220166972
0.0432	0.15844203975084017	40.86906224003506
0.044199999999999996	0.1646196543223321	41.81877246930393
0.0452	0.17091940482106527	42.768622465048914
0.0462	0.1773423020334215	43.71861183707624
0.0472	0.18388925737713605	44.66874023396286
0.0482	0.19056081196660077	45.61900733855953
0.0492	0.19735862807000665	46.569412857982215
0.0502	0.20428321149807044	47.51995654516222
0.0512	0.21133587412467977	48.47063817287963
0.0522	0.2185174028807417	49.42145754845968
0.0532	0.22582883834393805	50.37241450168662
0.0542	0.23327172333698046	51.323508888245634
0.0552	0.24084635210519648	52.274740597721895
0.0562	0.24855405422988958	53.226109528959114
0.0572	0.25639594159482393	54.17761560808736
0.0582	0.2643738846858025	55.129258783220315
0.0592	0.27248956411722036	56.0810390363783
0.0602	0.2807429299119418	57.03295637870274
0.0612	0.2891350155617183	57.985010820047464
0.0622	0.2976660764301286	58.93720238693996
0.0632	0.3063407148088812	59.88953110890883
0.06420000000000001	0.315160162824636	60.84199708748571
0.06520000000000001	0.32412153121125836	61.79460044046736
0.06620000000000001	0.3332270651311658	62.74734123758275
0.06720000000000001	0.34248339579061904	63.700219579962265
0.06820000000000001	0.3518833889507244	64.65323566523311
0.06920000000000001	0.3614362389727032	65.60638957979266
0.07020000000000001	0.3711401537525296	66.55968154086845
0.07120000000000001	0.3809953239897705	67.51311173400592
0.07220000000000001	0.3910079812146172	68.46668034175576
0.0732	0.40116872258074526	69.42038762879679
0.0742	0.41149456759632613	70.3742337230595
0.0752	0.42198741145505636	71.32821897867883
0.0762	0.43262892014286136	72.28234376669771
0.0772	0.4434427275802648	73.23660820620047
0.0782	0.454435024764031	74.19101271994796
0.0792	0.4656108999841012	75.14555779900633
0.08020000000000001	0.4761796466696152	76.1002439866517
0.08120000000000001	0.48377492600956296	77.05506205002632
0.08220000000000001	0.49202512096689927	78.00997365038536
0.08320000000000001	0.5029864475528364	78.96498555591752
0.08420000000000001	0.5160583316228048	79.9201291520405
0.08520000000000001	0.5293751318087317	80.87542799421364
0.08620000000000001	0.5429435634635534	81.83088313480091
0.08720000000000001	0.5565454387025296	82.78649567965928
0.0882	0.5695772561041782	83.74226423056999
0.0892	0.5831895241704886	84.69818052543728
0.0902	0.5974907717912131	85.65424941658192
0.0912	0.6128976681472839	86.61047683569525
0.0922	0.6286030115551139	87.5668731876141
0.0932	0.6446100049588143	88.52343987703424
0.0942	0.6609198398817798	89.48017831290727
0.0952	0.6775326092438893	90.43708988697037
0.09620000000000001	0.6944536485594142	91.39417596259167
0.09720000000000001	0.7119491538888454	92.35143793021969
0.09820000000000001	0.730930893867106	93.30887986858247
0.09920000000000001	0.7506864389870177	94.26651509094734
0.10020000000000001	0.7702536711649678	95.22434946507434
0.10120000000000001	0.7889006048842195	96.18237913934846
0.10220000000000001	0.8070154262977178	97.14059308620675
0.10320000000000001	0.8254279756649817	98.09898427998036
0.10420000000000001	0.8441409857728454	99.05755388811527
0.1052	0.8631571988146187	100.01630308187603
0.1062	0.8824793482670674	100.97523303632659
0.1072	0.9021101588478935	101.93434493014082
0.1082	0.9220523464785237	102.89363994541982
0.1092	0.9423086182519379	103.85311926751561
0.1102	0.9628816724052854	104.8127840848609
0.11120000000000001	0.9837741982970406	105.77263558880493
0.11220000000000001	1.0049888763884636	106.73267497345486
0.11320000000000001	1.0265283782291668	107.69290343552281
0.11420000000000001	1.0483953664465444	108.65332217417797
0.11520000000000001	1.0705924947388878	109.61393239090404
0.11620000000000001	1.0931224078719761	110.57473528936139
0.11720000000000001	1.1159877416789798	111.53573207525395
0.11820000000000001	1.1391911230634773	112.49692395620073
0.11920000000000001	1.1627351700054023	113.45831214161167
0.1202	1.186622491569844	114.41989784256761
0.1212	1.2108556879184942	115.38168227170456
0.1222	1.2354373503234415	116.3436666431016
0.1232	1.2603700611834887	117.30585217217276
0.1242	1.2856563940425987	118.26824007556253
0.1252	1.3112989136105009	119.23083157104472
0.1262	1.3373001757851182	120.19362787742497
0.1272	1.363662727676983	121.1566302144463
0.1282	1.3903891076353039	122.11983980269797
0.1292	1.4174818452756741	123.08325786352728
0.1302	1.4449434615092904	124.04688561895442
0.1312	1.4727764685735893	125.01072429159008
0.1322	1.50098341450814	125.97477510455582
0.1332	1.5295670587418841	126.9390392817413
0.1342	1.5585301252779804	127.90351804937416
0.13520000000000001	1.5878746064314677	128.86821263571423
0.13620000000000002	1.6176027867288463	129.83312426558533
0.13720000000000002	1.6477171757813631	130.79825416259627
0.13820000000000002	1.6782202255887446	131.7636035508113
0.13920000000000002	1.7091143799348882	132.72917365432264
0.14020000000000002	1.740402074430507	133.6949656971911
0.14120000000000002	1.7720857365562375	134.6609809033882
0.14220000000000002	1.8041677857061895	135.62722049674068
0.14320000000000002	1.8366506332318626	136.59368570087656
0.14420000000000002	1.8695366824863586	137.56037773917322
0.1452	1.9028283288687706	138.52729783470704
0.1462	1.9365279598687666	139.49444721020507
0.1472	1.9706379551114663	140.46182708799776
0.1482	2.0051606864021183	141.4294386899739
0.1492	2.040098517770878	142.3972832375366
0.1502	2.0754538055176086	143.36536195156114
0.1512	2.111228898256543	144.33367605235378
0.1522	2.147425980275897	145.30222675961252
0.1532	2.1840463798846614	146.2710152913645
0.1542	2.221090992806693	147.24004285841374
0.1552	2.2585625778921283	148.209310661653
0.1562	2.2964643653167345	149.17881990427506
0.1572	2.334800519153644	150.1485717947343
0.1582	2.373572962062772	151.11856755261846
0.1592	2.412783987832598	152.08880839424728
0.1602	2.4524358837203737	153.05929553506846
0.1612	2.6697051641834415	154.03003018963295
0.1622	3.5966649523702787	155.00210723968075
0.1632	4.526804505148945	155.9798992235858
0.1642	5.46008254717915	156.96339060728383
0.1652	6.39645785246029	157.95256579454608
0.16620000000000001	7.335889246256601	158.94740912840652
0.16720000000000002	8.27833560698468	159.94790489256695
0.16820000000000002	9.223755868063328	160.95403731277932
0.16920000000000002	10.172109019727225	161.96579055820644
0.17020000000000002	11.12335411080438	162.98314874276105
0.17120000000000002	12.077450250458758	164.00609592642408
0.17220000000000002	13.03435660989815	165.03461611654203
0.17320000000000002	13.994032424048491	166.0686932691044
0.17420000000000002	14.956436993194647	167.10831129000098
0.17520000000000002	15.921529684589023	168.15345403626011
0.1762	16.889269934027876	169.20410531726733
0.1772	17.859617247396585	170.2602488959658
0.1782	18.832531202183823	171.3218684900379
0.1792	19.80797144896586	172.38894777306928
0.1802	20.785897712860983	173.46147037569474
0.1812	21.766269794954916	174.5394198867271
0.1822	22.74904757369768	175.62277985426883
0.1832	23.73419100627236	176.71153378680697
0.1842	24.721660129936318	177.80566515429166
0.1852	25.711415063335398	178.90515738919845
0.1862	26.703416007791628	180.00999388757495
0.1872	27.69762324856469	181.12015801007166
0.1882	28.693997156087796	182.2356330829576
0.1892	29.692498187178572	183.3564023991211
0.1902	30.693086886224975	184.4824492190555
0.1912	31.695723886347057	185.6137567718307
0.1922	32.700369910534775	186.7503082560502
0.1932	33.70698577276247	187.89208684079424
0.1942	34.715532379080265	189.03907566654925
0.1952	35.72597072868259	190.1912578461236
0.1962	36.73826191495485	191.34861646555024
0.19720000000000001	37.75236712649794	192.51113458497628
0.19820000000000002	38.7682476481312	193.67879523953937
0.19920000000000002	39.7858648618746	194.85158144023205
0.20020000000000002	40.80518024790963	196.02947617475303
0.20120000000000002	41.82615538552034	197.2124624083469
0.20220000000000002	42.84875195401364	198.4005230846312
0.20320000000000002	43.872931733620604	199.59364112641217
0.20420000000000002	44.89865660637765	200.7917994364886
0.20520000000000002	45.925888556989094	201.99498089844437
0.20620000000000002	46.954589673670796	203.20316837742973
0.20720000000000002	47.98472214897521	204.4163447209314
0.20820000000000002	49.01624828059856	205.634492759532
0.2092	50.049130472169786	206.85759530765856
0.2102	51.08333123402238	208.08563516432065
0.2112	52.11881318394846	209.31859511383797
0.2122	53.15553904793617	210.55645792655787
0.2132	54.19347166089026	211.79920635956276
0.2142	55.23257396733625	213.04682315736773
0.2152	56.2728090221083	214.29929105260814
0.2162	57.314139991021285	215.556592766718
0.2172	58.35653015152716	216.8187110105987
0.2182	59.399942893355885	218.08562848527836
0.2192	60.44434171914117	219.35732788256232
0.2202	61.48969024503132	220.6337918856743
0.2212	62.53595220128539	221.9150031698889
0.2222	63.5830914328549	223.20094440315532
0.2232	64.63107189995124	224.49159824671233
0.2242	65.67985767859912	225.7869473556949
0.2252	66.72941296117628	227.0869743797326
0.2262	67.77970205693956	228.39166196353932
0.2272	68.83068939253765	229.7009927474955
0.22820000000000001	69.88233951251065	231.01494936822172
0.22920000000000001	70.93461707977676	232.33351445914505
0.23020000000000002	71.98748687610615	233.65667065105714
0.23120000000000002	73.04091380258234	234.98440057266492
0.23220000000000002	74.09486288005118	236.3166868511337
0.23320000000000002	75.14929924955783	237.653512112623
0.23420000000000002	76.20418817277141	238.9948589828147
0.23520000000000002	77.25949503239836	240.34071008743442
0.23620000000000002	78.31518533258372	241.69104805276544
0.23720000000000002	79.37122469930134	243.04585550615585
0.23820000000000002	80.42757888073253	244.40511507651857
0.23920000000000002	81.48421374763397	245.7688093948249
0.2402	82.54109529369438	247.13692109459092
0.2412	83.59818963588074	248.5094328123577
0.2422	84.65546301477357	249.8863271881646
0.2432	85.71288179489221	251.26758686601653
0.2442	86.77041246500943	252.6531944943444
0.2452	87.8280216384563	254.04313272645985
0.2462	88.88567605341679	255.4373842210032
0.2472	89.94334257321276	256.835931642386
0.2482	91.0009881865793	258.23875766122705
0.2492	92.05858000793026	259.64584495478243
0.2502	93.11608527761496	261.0571762073704
0.2512	94.1734713621651	262.4727341107897
0.2522	95.23070575453285	263.89250136473265
0.2532	96.28775607432013	265.3164606771926
0.2542	97.34459006799878	266.74459476486567
0.2552	98.40117560912212	268.1768863535472
0.2562	99.45748069852806	269.6133181785227
0.2572	100.51347346453369	271.0538729849536
0.2582	101.56912216312163	272.4985335282577
0.2592	102.62439517811804	273.9472825744844
0.2602	103.67926102136275	275.40010290068494
0.2612	104.73368833287141	276.85697729527755
0.2622	105.78764588098963	278.31788855840745
0.2632	106.8411025625397	279.78281950230235
0.2642	107.89402740295955	281.2517529516227
0.2652	108.94638955643424	282.7246717438074
0.2662	109.99815830601997	284.20155872941467
0.2672	111.04930306376119	285.6823967724584
0.2682	112.09979337080016	287.1671687507398
0.2692	113.14959889747952	288.6558575561744
0.2702	114.19868944343824	290.1484460951149
0.2712	115.24703493770032	291.6449172886692
0.2722	116.29460543875699	293.1452540730145
0.2732	117.34137113464217	294.6494393997066
0.2742	118.38730234300142	296.15745623598536
0.2752	119.43236951115452	297.6692875650759
0.2762	120.47654321615143	299.18491638648516
0.2772	121.51979416482234	300.70432571629516
0.2782	122.56209319382125	302.22749858745146
0.2792	123.60341126966378	303.75441805004834
0.2802	124.64371948875859	305.2850671716093
0.2812	125.68298907743342	306.81942903736433
0.2822	126.72119139195466	308.3574867505227
0.2832	127.75829791854191	309.8992234325426
0.2842	128.7942802733764	311.44462222339655
0.2852	129.82911020260389	312.9936662818332
0.2862	130.8627595823324	314.54633878563567
0.2872	131.8952004186242	316.1026229318759
0.2882	132.9264048474827	317.6625019371659
0.28919999999999996	133.956345134834	319.22595903790517
0.29019999999999996	134.98499367650342	320.7929774905246
0.29119999999999996	136.01232299818662	322.363540571727
0.29219999999999996	137.03830575541602	323.93763157872434
0.29319999999999996	138.06291473352223	325.51523382947136
0.29419999999999996	139.08612284759062	327.0963306628964
0.29519999999999996	140.10790314241282	328.680905439128
0.29619999999999996	141.12822879243407	330.2689415397195
0.29719999999999996	142.14707310169524	331.86042236786903
0.29819999999999997	143.16440950377088	333.45533134863786
0.29919999999999997	144.1802115617023	335.0536519291641
0.30019999999999997	145.1944529679266	336.6553675788747
0.30119999999999997	146.20710754420085	338.26046178969324
0.30219999999999997	147.21814924152253	339.8689180762456
0.30319999999999997	148.2275521400451	341.48071997606195
0.30419999999999997	149.2352904489899	343.0958510497761
0.30519999999999997	150.24133850655363	344.71429488132236
0.30619999999999997	151.24567077981195	346.3360350781286
0.3072	152.24826186461888	347.96105527130726
0.3082	153.24908648550235	349.5893391158431
0.3092	154.24811949555607	351.22087029077846
0.3102	155.24533587632718	352.85563249939565
0.3112	156.2407107377004	354.4936094693964
0.3122	157.2342193177785	356.1347849530792
0.3132	158.22583698275895	357.77914272751326
0.3142	159.21553922680704	359.4266665947106
0.3152	160.20330167192563	361.07734038179484
0.3162	161.18910006782096	362.73114794116805
0.3172	162.17291029176562	364.38807315067464
0.3182	163.1547083484576	366.0480999137629
0.3192	164.1344703698764	367.71121215964405
0.3202	165.1121726151356	369.37739384344894
0.3212	166.0877914703324	371.04662894638227
0.3222	167.06130344839374	372.71890147587425
0.3232	168.03268518891954	374.39419546573015
0.3242	169.00191345802267	376.0724949762774
0.3252	169.9689651481661	377.75378409451065
0.3262	170.93381727799664	379.4380469342336
0.3272	171.89644699217635	381.12526763620014
0.3282	172.85683156121053	382.8154303682518
0.3292	173.81494838127298	384.50851932545373
0.3302	174.77077497402874	386.2045187302284
0.3312	175.72428898645376	387.90341283248716
0.3322	176.6754681906518	389.6051859097594
0.3332	177.62429048366909	391.3098222673201
0.3342	178.57073388730578	393.0173062383145
0.3352	179.5147765479253	394.7276221838818
0.3362	180.45639673626079	396.4407544932758
0.3372	181.3955728472194	398.1566875839843
0.3382	182.3322833996836	399.87540590184574
0.3392	183.26650703631077	401.5968939211647
0.3402	184.19822252332963	403.32113614482466
0.3412	185.1274087503349	405.04811710439964
0.3422	186.0540447300794	406.7778213602632
0.3432	186.97810959826387	408.51023350169584
0.3442	187.8995826133247	410.2453381469908
0.3452	188.81844315621927	411.9831199435575
0.3462	189.73467073020922	413.7235635680236
0.3472	190.6482449606416	415.46665372633515
0.3482	191.559145594728	417.2123751538546
0.3492	192.4673525013214	418.9607126154577
0.3502	193.37284567069122	420.711650905628
0.3512	194.27560521429623	422.46517484855013
0.35219999999999996	195.17561136455566	424.2212692982009
0.35319999999999996	196.07284447461834	425.97991913843964
0.35419999999999996	196.96728501812967	427.74110928309506
0.35519999999999996	197.85891358899727	429.5048246760527
0.35619999999999996	198.74771090115428	431.27105029133907
0.35719999999999996	199.6336577883212	433.03977113320485
0.35819999999999996	200.5167352037659	434.81097223620657
0.35919999999999996	201.39692422006183	436.5846386652863
0.36019999999999996	202.27420602884462	438.36075551585026
0.36119999999999997	203.14856194056676	440.1393079138454
0.36219999999999997	204.0199733842511	441.9202810158349
0.36319999999999997	204.88842190724228	443.7036600090717
0.36419999999999997	205.75388917495695	445.4894301115711
0.36519999999999997	206.61635697063207	447.27757657218126
0.36619999999999997	207.475807195072	449.0680846706527
0.36719999999999997	208.33222186639404	450.86093971770623
0.36819999999999997	209.1855831197722	452.6561270550992
0.3692	210.03587320717997	454.4536320556909
0.3702	210.88307449713136	456.25344012350564
0.3712	211.72716947442072	458.05553669379555
0.3722	212.5681407398611	459.8599072331012
0.3732	213.4059710100213	461.6665372393111
0.3742	214.24064311696168	463.4754122417199
0.3752	215.0721400079685	465.2865178010854
0.3762	215.90044474528722	467.0998395096838
0.3772	216.72554050585455	468.9153629913643
0.3782	217.54741058102897	470.7330739016016
0.3792	218.36603837632055	472.552957927548
0.3802	219.18140741111912	474.3750007880835
0.3812	219.9935013184218	476.1991882338653
0.3822	220.8023038445589	478.0255060473753
0.3832	221.60779884891923	479.8539400429674
0.3842	222.40997030367382	481.68447606691245
0.3852	223.20880229349908	483.51709999744304
0.3862	224.00427901529855	485.3517977447962
0.3872	224.796384777924	487.18855525125593
0.3882	225.5851040018952	489.02735849119347
0.3892	226.37042121911887	490.86819347110736
0.3902	227.15232107260684	492.7110462296618
0.3912	227.93078831619312	494.55590283772426
0.3922	228.70580781425	496.4027493984017
0.3932	229.47736454140343	498.2515720470757
0.3942	230.24544358224767	500.1023569514368
0.3952	231.01003013105864	501.9550903115176
0.3962	231.7711094915069	503.8097583597246
0.3972	232.52866707636966	505.66634736086934
0.3982	233.28268840724198	507.52484361219825
0.3992	234.0331591142472	509.38523344342155
0.4002	234.78006493574682	511.24750321674134
0.4012	235.52339171804934	513.1116393268782
0.4022	236.26312541511862	514.9776282010971
0.4032	236.9992520882816	516.8454562992329
0.4042	237.73175790593504	518.7151101137133
0.4052	238.460629143252	520.5865761695828
0.4062	239.18585218188736	522.4598410245243
0.4072	239.90741350968293	524.3348912688798
0.4082	240.62529972037186	526.2117135256713
0.4092	241.33949751328248	528.0902944506195
0.4102	242.04999369304164	529.9706207321624
0.4112	242.75677516927743	531.8526790914727
0.4122	243.4598289563212	533.7364562824743
0.4132	244.15914217290953	535.6219390918575
0.4142	244.8547020418852	537.5091143390948
0.4152	245.546495889898	539.3979688764539
0.4162	246.2345111471048	541.2884895890109
0.41719999999999996	246.91873534686937	543.1806633946628
0.41819999999999996	247.59915612546186	545.074477244139
0.41919999999999996	248.27576122175736	546.9699181210112
0.42019999999999996	248.9485384769346	548.8669730417037
0.42119999999999996	249.61747583417403	550.765629055502
0.42219999999999996	250.2825613383554	552.6658732445612
0.42319999999999997	250.94378313575515	554.5676927239132
0.42419999999999997	251.60112947374333	556.4710746414728
0.42519999999999997	252.25458870048033	558.3760061780445
0.42619999999999997	252.90414926461293	560.282474547326
0.42719999999999997	253.5497997149707	562.1904669959143
0.42819999999999997	254.19152870026122	564.0999708033074
0.42919999999999997	254.82932496876572	566.0109732819082
0.43019999999999997	255.4631773680342	567.9234617770258
0.43119999999999997	256.0930748445802	569.8374236668773
0.4322	256.7190064435754	571.7528463625881
0.4332	257.340961308544	573.6697173081919
0.4342	257.95892868105705	575.5880239806297
0.4352	258.57289790042586	577.507753889748
0.4362	259.18285840339644	579.4288945782972
0.4372	259.78879972384243	581.3514336219282
0.4382	260.3907114924587	583.2753586291888
0.4392	260.98858343645463	585.2006572415196
0.4402	261.582405379247	587.1273171332491
0.4412	262.17216724015293	589.0553260115879
0.4422	262.75785903408274	590.9846716166228
0.4432	263.3394708712324	592.9153417213095
0.4442	263.91699295677626	594.8473241314655
0.4452	264.49041559055945	596.7806066857619
0.4462	265.0597291667901	598.7151772557145
0.4472	265.6249241737317	600.6510237456745
0.4482	266.18599119339547	602.5881340928188
0.4492	266.74292090123225	604.5264962671391
0.4502	267.29570406582474	606.4660982714308
0.4512	267.8443315485795	608.4069281412818
0.4522	268.3887943034191	610.3489739450591
0.4532	268.9290833764741	612.2922237838973
0.4542	269.46518990577505	614.2366657916838
0.4552	269.99710512094447	616.1822881350458
0.4562	270.524820342889	618.1290790133357
0.4572	271.0483269834913	620.0770266586151
0.4582	271.5676165453023	622.02611933564
0.4592	272.0826806212334	623.9763453418444
0.4602	272.5935108942483	625.9276930073236
0.4612	273.1000991370556	627.8801506948166
0.4622	273.60243721180086	629.8337067996889
0.4632	274.1005170697591	631.7883497499141
0.4642	274.5943307510273	633.7440680060549
0.4652	275.0838703842168	635.7008500612441
0.4662	275.5691281861462	637.6586844411643
0.4672	276.0500964615339	639.6175597040284
0.4682	276.5267676026909	641.5774644405585
0.4692	276.99913408921424	643.5383872739644
0.4702	277.4671884876797	645.5003168599226
0.4712	277.9309234513354	647.4632418865532
0.4722	278.39033171979486	649.4271510743981
0.4732	278.8454061187311	651.3920331763978
0.4742	279.29613955956984	653.3578769778674
0.4752	279.74252503918393	655.3246712964728
0.4762	280.18455563958713	657.2924049822069
0.4772	280.62222452762836	659.2610669173636
0.4782	281.0555249546866	661.2306460165136
0.4792	281.484450256365	663.201131226478
0.48019999999999996	281.90899385218626	665.1725115263023
0.48119999999999996	282.3291492452875	667.1447759272302
0.48219999999999996	282.7449100221155	669.1179134726759
0.48319999999999996	283.15626985212265	671.0919132381978
0.48419999999999996	283.5632224874621	673.0667643314694
0.48519999999999996	283.9657617626845	675.042455892252
0.48619999999999997	284.3638815944338	677.0189770923661
0.48719999999999997	284.7575759811439	678.996317135662
0.48819999999999997	285.1468390027355	680.974465257991
0.48919999999999997	285.53166482031315	682.9534107271751
0.49019999999999997	285.91204767586254	684.9331428429773
0.49119999999999997	286.2879818919482	686.9136509370708
0.49219999999999997	286.6594618714112	688.8949243730083
0.49319999999999997	287.0264820970676	690.8769525461911
0.4942	287.38903713140684	692.8597248838371
0.4952	287.7471216162903	694.8432308449491
0.4962	288.10073027265076	696.827459920282
0.4972	288.4498579001916	698.8124016323113
0.4982	288.79449937708654	700.7980455351991
0.4992	289.1346496596798	702.7843812147611
0.5002	289.47030378218625	704.7713982884334
0.5012	289.80145685639235	706.7590864052374
0.5022	290.1281040713572	708.7474352457472
0.5032	290.45024069311387	710.7364345220534
0.5042	290.7678620643712	712.7260739777292
0.5052	291.08096360421575	714.7163433877946
0.5062	291.38954080781457	716.7072325586811
0.5072	291.6935892461178	718.6987313281957
0.5082	291.9931045655619	720.6908295654847
0.5092	292.2880824877734	722.6835171709976
0.5102	292.5785188092727	724.67678407645
0.5112	292.8644094011784	726.6706202447863
0.5122	293.1457502089124	728.6650156701431
0.5132	293.4225372519043	730.6599603778109
0.5142	293.69476662329794	732.6554444241966
0.5152	293.96243448965623	734.651457896785
0.5162	294.22553709066835	736.6479909141005
0.5172	294.4840707388562	738.6450336256685
0.5182	294.73803181928133	740.6425762119761
0.5192	294.9874167892531	742.6406088844332
0.5202	295.232222178036	744.6391218853327
0.5212	295.47244458655877	746.6381054878105
0.5222	295.7080806871226	748.6375499958064
0.5232	295.9391272231111	750.6374457440226
0.5242	296.16558100869946	752.637783097884
0.5252	296.3874389285651	754.6385524534973
0.5262	296.6046979375981	756.6397442376094
0.5272	296.81735506061216	758.6413489075671
0.5282	297.02540739205637	760.643356951275
0.5292	297.22885209572723	762.6457588871536
0.5302	297.4276864044809	764.648545264098
0.5312	297.62190761994617	766.651706661435
0.5322	297.81151311223806	768.6552336888813
0.5332	297.99650031967144	770.6591169865003
0.5342	298.1768667484756	772.66334722466
0.5352	298.3526099725089	774.6679151039895
0.5362	298.5237276329741	776.6728113553354
0.5372	298.69021743813425	778.6780267397191
0.5382	298.8520771630288	780.6835520482924
0.5392	299.00930464919054	782.6893781022944
0.5402	299.16189780436275	784.6954957530065
0.5412	299.3098546022169	786.7018958817089
0.5422	299.4531730820712	788.7085693996356
0.5432	299.59185134860905	790.7155072479302
0.5442	299.7258875715984	792.7227003976006
0.5452	299.8552799856115	794.7301398494744
0.5462	299.98002688974543	796.7378166341532
0.5472	300.1022311571521	798.7457218119677
0.5482	300.23141640180205	800.7538503132779
0.5492	300.37201082506215	802.7622144621389
0.5502	300.52401864032856	804.770834603674
0.5512	300.68744440187555	806.7797310167085
0.5522	300.8622930034359	808.7889239147496
0.5532	301.04856967680877	810.7984334469555
0.5542	301.24627999049335	812.8082796990958
0.5552	301.4554298483499	814.8184826945018
0.5562	301.6760254882858	816.8290623950081
0.5572	301.90807348096746	818.8400387018852
0.5582	302.15158072855803	820.8514314567622
0.5592	302.4065544634795	822.8632604425417
0.5602	302.67300224720015	824.8755453843052
0.5612	302.95093196904617	826.88830595021
0.5622	303.24035184503754	828.9015617523781
0.5632	303.5412704167481	830.9153323477761
0.5642	303.8536965501889	832.9296372390871
0.5652	304.17763943471545	834.9444958755741
0.5662	304.51310858195757	836.959927653936
0.5672	304.86011382477284	838.9759519191551
0.5682	305.2186653162217	840.9925879653372
0.5692	305.5887735285663	843.0098550365434
0.5702	305.97044925229034	845.027772327615
0.5712	306.36370359514126	847.0463589849904
0.5722	306.76854798119433	849.0656341075147
0.5732	307.184994149938	851.0856167472422
0.5742	307.6130541553805	853.1063259102311
0.5752	308.05274036517727	855.1277805573327
0.5762	308.5040654597797	857.1499996049712
0.5771999999999999	308.9670424316038	859.173001925918
0.5781999999999999	309.4416845842198	861.1968063500606
0.5791999999999999	309.9280055315616	863.2214316651612
0.5801999999999999	310.42601919715617	865.2468966176117
0.5811999999999999	310.93573981337266	867.2732199131816
0.5821999999999999	311.4571819206915	869.3004202177582
0.5831999999999999	311.99036036699204	871.3285161580818
0.5841999999999999	312.53529030686036	873.3575263224745
0.5851999999999999	313.0919872009149	875.3874692615616
0.5861999999999999	313.6604668151522	877.4183634889888
0.5871999999999999	314.24074522030963	879.4502274821314
0.5882	314.8328387912484	881.4830796827993
0.5892	315.43676420635325	883.5169384979355
0.5902	316.05253844695085	885.5518223003083
0.5912	316.6801787967462	887.5877494291984
0.5922	317.3197028412766	889.6247381910806
0.5932	317.9711284673833	891.6628068602993
0.5942	318.6344738627002	893.7019736797391
0.5952	319.30975751516013	895.7422568614901
0.5962	319.99699821251835	897.783674587507
0.5972	320.6962150418924	899.8262450102645
0.5982	321.40742738931937	901.8699862534057
0.5992	322.13065493932913	903.9149164123874
0.6002	322.86591767453484	905.9610535551184
0.6012	323.6110025453498	908.0084157225945
0.6022	324.3568645301494	910.0570172196774
0.6032	325.1029909997217	912.1068572791039
0.6042	325.8493811410982	914.1579342860229
0.6052	326.5960341432063	916.210246629583
0.6062	327.3429491968615	918.2637927029162
0.6072	328.0901254947606	920.3185709031212
0.6082	328.8375622314735	922.3745796312464
0.6092	329.58525860343616	924.4318172922744
0.6102	330.33321380894324	926.4902822951049
0.6112	331.08142704814077	928.5499730525387
0.6122	331.8298975230187	930.6108879812617
0.6132	332.5786244374041	932.6730255018291
0.6142	333.32760699695336	934.7363840386489
0.6152	334.0768444091457	936.8009620199665
0.6162	334.82633588327536	938.8667578778487
0.6172	335.5760806304452	940.9337700481683
0.6182	336.32607786355925	943.0019969705883
0.6192	337.0763267973158	945.0714370885464
0.6202	337.8268266482006	947.1420888492398
0.6212	338.57757663447967	949.21395070361
0.6222	339.3285759761927	951.287021106327
0.6232	340.0798238951461	953.3612985157747
0.6242	340.831319614906	955.4367813940358
0.6252	341.5830623607921	957.513468206877
0.6262	342.33505135987014	959.5913574237333
0.6272	343.08728584094575	961.6704475176941
0.6282	343.83976503455784	963.7507369654885
0.6292	344.5924881729715	965.83222424747
0.6302	345.3454544901719	967.9149078476022
0.6312	346.0986632218577	969.998786253445
0.6322	346.8521136054341	972.0838579561391
0.6332	347.6058048800072	974.1701214503929
0.6342	348.35973628637663	976.2575752344673
0.6352	349.11390706702974	978.3462178101619
0.6362	349.8683164661353	980.4360476828015
0.6372	350.6229637295367	982.527063361221
0.6382	351.37784810474596	984.6192633577526
0.6392	352.1329688409376	986.7126461882112
0.6402	352.8883251889422	988.8072103718811
0.6412	353.6439164012402	990.9029544315022
0.6422	354.3997417319557	992.9998768932562
0.6432	355.15580043685077	995.0979762867535
0.6442	355.9120917733188	997.1972511450194
0.6452	356.6686150003787	999.297700004481
0.6462	357.4253693786688	1001.3993214049535
0.6472	358.18235417044093	1003.5021138896274
0.6482	358.93956863955464	1005.6060760050552
0.6492	359.6970120514708	1007.7112063011382
0.6502	360.454683673246	1009.8175033311136
0.6512	361.2125827735267	1011.9249656515416
0.6522	361.9707086225435	1014.0335918222926
0.6532	362.72906049210485	1016.143380406534
0.6542	363.48763765559187	1018.254329970718
0.6552	364.24643938795225	1020.3664390845687
0.6562	365.00546496569456	1022.4797063210693
0.6572	365.7647136668828	1024.59413025645
0.6582	366.52418477113054	1026.7097094701753
0.6592	367.2838775595952	1028.8264425449318
0.6602	368.04379131497274	1030.944328066615
0.6612	368.80392532149193	1033.0633646243189
0.6622	369.56427886490883	1035.1835508103218
0.6632	370.32485123250126	1037.3048852200754
0.6642	371.0856417130634	1039.4273664521925
0.6652	371.84664959690036	1041.5509931084346
0.6662	372.60787417582264	1043.6757637937005
0.6672	373.36931474314065	1045.8016771160142
0.6682	374.13097059365975	1047.9287316865132
0.6692	374.89284102367463	1050.0569261194364
0.6702	375.65492533096386	1052.186259032113
0.6712	376.4172228147848	1054.3167290449499
0.6722	377.17973277586844	1056.4483347814216
0.6732	377.9424545164142	1058.5810748680578
0.6742	378.70538734008414	1060.7149479344316
0.6752	379.4685305519987	1062.849952613149
0.6762	380.2318834587307	1064.986087539837
0.6772	380.995445368301	1067.1233513531329
0.6782	381.75921559017263	1069.2617426946724
0.6792	382.52319343524647	1071.4012602090788
0.6802	383.2873782158555	1073.541902543952
0.6812	384.05176924576034	1075.6836683498573
0.6822	384.8163658401441	1077.826556280315
0.6832	385.5811673156072	1079.9705649917885
0.6842	386.34617299016264	1082.115693143674
0.6852	387.111382183231	1084.26193939829
0.6862	387.8767942156357	1086.4093024208662
0.6872	388.64240840959786	1088.5577808795326
0.6882	389.40822408873174	1090.7073734453093
0.6892	390.17424057803987	1092.858078792096
0.6902	390.9404572039079	1095.0098955966605
0.6912	391.70687329410043	1097.16282253863
0.6922	392.47348817775566	1099.3168583004788
0.6932	393.24030118538127	1101.4720015675193
0.6942	394.007311648849	1103.6282510278909
0.6952	394.7745189013908	1105.7856053725502
0.6962	395.54192227759364	1107.9440632952608
0.6972	396.30952111339485	1110.1036234925828
0.6982	397.0773147460777	1112.2642846638626
0.6992	397.8453025142671	1114.426045511224
0.7002	398.61348375792426	1116.5889047395565
0.7012	399.38185781834295	1118.7528610565066
0.7022	400.1504240381445	1120.9179131724675
0.7032	400.91918176127336	1123.084059800569
0.7041999999999999	401.6881303329931	1125.2512996566688
0.7051999999999999	402.45726909988144	1127.4196314593414
0.7061999999999999	403.22659740982556	1129.5890539298684
0.7071999999999999	403.99611461201874	1131.7595657922304
0.7081999999999999	404.765820056955	1133.931165773096
0.7091999999999999	405.53571309642507	1136.1038526018122
0.7101999999999999	406.3057930835121	1138.2776250103957
0.7111999999999999	407.0760593725875	1140.4524817335234
0.7121999999999999	407.84651131930593	1142.6284215085223
0.7132	408.6171482806021	1144.8054430753605
0.7142	409.38796961468574	1146.983545176638
0.7152	410.15897468103736	1149.1627265575773
0.7162	410.9301628404046	1151.3429859660146
0.7172	411.7015334547974	1153.5243221523895
0.7182	412.47308588748416	1155.7067338697368
0.7192	413.24481950298764	1157.8902198736778
0.7202	414.01673366708053	1160.07477892241
0.7212	414.78882774678164	1162.260409776699
0.7222	415.56110111035156	1164.4471111998691
0.7232	416.3335531272888	1166.6348819577954
0.7242	417.10618316832563	1168.8237208188934
0.7252	417.878990605424	1171.0136265541107
0.7262	418.6519748117716	1173.204597936919
0.7272	419.4251351617777	1175.3966337433048
0.7282	420.19847103106935	1177.5897327517603
0.7292	420.97198179648746	1179.7838937432755
0.7302	421.7456668360827	1181.979115501329
0.7312	422.5195255291115	1184.1753968118796
0.7322	423.2935572560325	1186.3727364633585
0.7332	424.06776139850234	1188.5711332466594
0.7342	424.84213733937173	1190.7705859551309
0.7352	425.61668446268203	1192.9710933845686
0.7362	426.39140215366086	1195.1726543332052
0.7372	427.1662897987188	1197.375267601704
0.7382	427.9413467854453	1199.5789319931498
0.7392	428.716572502605	1201.7836463130398
0.7402	429.4919663401336	1203.9894093692762
0.7412	430.2675276891351	1206.1962199721593
0.7422	431.0432559418767	1208.4040769343767
0.7432	431.8191504917862	1210.612979070997
0.7442	432.595210733448	1212.8229251994621
0.7452	433.37143606259895	1215.0339141395773
0.7462	434.1478258761255	1217.2459447135054
0.7472	434.9243795720594	1219.4590157457576
0.7482	435.70109654957446	1221.6731260631855
0.7492	436.47797620898257	1223.8882744949738
0.7502	437.2550179517305	1226.1044598726326
0.7512	438.03222118039616	1228.321681029989
0.7522	438.8095852986851	1230.5399368031794
0.7532	439.58710971142654	1232.7592260306421
0.7542	440.3647938245708	1234.9795475531105
0.7552	441.1426370451848	1237.200900213603
0.7562	441.920638781449	1239.423282857418
0.7572	442.69879844265415	1241.6466943321248
0.7582	443.4771154391971	1243.8711334875563
0.7592	444.2555891825783	1246.0965991758023
0.7602	445.03421908539775	1248.3230902512012
0.7612	445.81300456135153	1250.5506055703327
0.7622	446.5919450252288	1252.7791439920104
0.7632	447.37103989290813	1255.0087043772749
0.7642	448.15028858135423	1257.2392855893859
0.7652	448.92969050861467	1259.4708864938154
0.7662	449.7092450938162	1261.7035059582397
0.7672	450.488951757162	1263.9371428525333
0.7682	451.2688099199279	1266.1717960487606
0.7692	452.0488190044591	1268.4074644211694
0.7702	452.8289784341672	1270.6441468461835
0.7712	453.6092876335267	1272.8818422023958
0.7722	454.38974602807184	1275.120549370561
0.7732	455.1703530443933	1277.360267233589
0.7742	455.9511081101352	1279.6009946765375
0.7752	456.7320106539912	1281.8427305866048
0.7762	457.5130601057024	1284.0854738531239
0.7772	458.29425589605324	1286.3292233675543
0.7782	459.0755974568687	1288.5739780234762
0.7792	459.8570842210112	1290.8197367165826
0.7802	460.6387156223774	1293.066498344674
0.7812	461.4204910958949	1295.3142618076502
0.7822	462.2024100775195	1297.5630260075043
0.7832	462.98447200423186	1299.8127898483156
0.7842	463.7666763140341	1302.063552236243
0.7852	464.5490224459477	1304.315312079519
0.7862	465.3315098400094	1306.5680682884417
0.7872	466.11413793726854	1308.8218197753697
0.7882	466.89690617978454	1311.0765654547151
0.7892	467.6798140106228	1313.3323042429356
0.7902	468.46286087385295	1315.5890350585305
0.7912	469.2460462145447	1317.8467568220317
0.7922	470.02936947876583	1320.105468455999
0.7932	470.81283011357846	1322.3651688850132
0.7942	471.5964275670366	1324.6258570356692
0.7952	472.3801612881831	1326.8875318365704
0.7962	473.16403072704657	1329.1501922183215
0.7972	473.9480353346386	1331.4138371135232
0.7982	474.7321745629509	1333.6784654567655
0.7992	475.5164478649523	1335.9440761846208
0.8002	476.30085469458584	1338.2106682356387
0.8012	477.08539450676614	1340.4782405503393
0.8022	477.87006675737626	1342.746792071207
0.8032	478.6548709032652	1345.0163217426846
0.8042	479.43980640224464	1347.286828511167
0.8052	480.22487271308665	1349.558311324995
0.8062	481.01006929552034	1351.8307691344498
0.8072	481.7953956102294	1354.1042008917461
0.8082	482.5808511188492	1356.3786055510266
0.8092	483.3664352839644	1358.6539820683565
0.8102	484.1521475691055	1360.9303294017166
0.8112	484.93798743874675	1363.2076465109978
0.8122	485.7239543583029	1365.4859323579954
0.8132	486.51004779412676	1367.7651859064028
0.8142	487.2962672135067	1370.045406121806
0.8152	488.08261208466365	1372.3265919716782
0.8162	488.86908187674817	1374.6087424253724
0.8172	489.65567605983836	1376.8918564541173
0.8182	490.44239410493685	1379.1759330310108
0.8192	491.2292354839683	1381.4609711310147
0.8202	492.0161996697766	1383.7469697309486
0.8212	492.8032861361222	1386.0339278094839
0.8222	493.5904943576799	1388.321844347139
0.8232	494.37782381003564	1390.6107183262732
0.8242	495.1652739696845	1392.9005487310812
0.8252	495.95284431402763	1395.1913345475875
0.8262	496.74053432137	1397.4830747636408
0.8272	497.5283434709176	1399.775768368908
0.8282	498.3162712427751	1402.06941435487
0.8292	499.10431711794325	1404.3640117148152
0.8302	499.89248057831617	1406.6595594438338
0.8312	500.680761106679	1408.956056538813
0.8322	501.4691581867055	1411.253501998432
0.8331999999999999	502.2576713029551	1413.551894823155
0.8341999999999999	503.046299940871	1415.8512340152274
0.8351999999999999	503.83504358677743	1418.1515185786704
0.8361999999999999	504.62390172787684	1420.452747519274
0.8371999999999999	505.41287385224814	1422.754919844594
0.8382	506.20195944884335	1425.0580345639448
0.8392	506.99115800748615	1427.3620906883953
0.8402	507.78046901886887	1429.6670872307634
0.8412	508.56989197454993	1431.9730232056104
0.8422	509.3594263669519	1434.279897629236
0.8432	510.14907168935883	1436.5877095196743
0.8442	510.9388274359139	1438.8964578966863
0.8452	511.7286931016169	1441.2061417817567
0.8462	512.5186681823221	1443.516760198088
0.8472	513.308752174736	1445.8283121705956
0.8482	514.0989445764144	1448.140796725903
0.8492	514.8892448857606	1450.4542128923365
0.8502	515.6796526020229	1452.7685596999195
0.8512	516.4701672252921	1455.0838361803687
0.8522	517.2607882564996	1457.400041367089
0.8532	518.0515151974145	1459.717174295167
0.8542	518.8423475506422	1462.0352340013687
0.8552	519.6332848196209	1464.3542195241318
0.8562	520.4243265086207	1466.6741299035627
0.8572	521.2154721227398	1468.9949641814312
0.8582	522.0067211679036	1471.3167214011648
0.8592	522.7980731508619	1473.6394006078456
0.8602	523.5895275791866	1475.9630008482031
0.8612	524.3810839612692	1478.2875211706119
0.8622	525.1727418063192	1480.6129606250847
0.8632	525.9645006243619	1482.93931826327
0.8642	526.7563599262353	1485.2665931384447
0.8652	527.5483192235889	1487.5947843055112
0.8662	528.3403780288809	1489.9238908209918
0.8672	529.1325358553762	1492.2539117430251
0.8682	529.9247922171444	1494.5848461313599
0.8692	530.7171466290573	1496.9166930473516
0.8702	531.5095986067873	1499.2494515539574
0.8712	532.3021476668044	1501.5831207157312
0.8722	533.0947933263749	1503.9176995988194
0.8732	533.8875351035587	1506.2531872709567
0.8742	534.6803725172075	1508.5895828014607
0.8752	535.4733050869628	1510.926885261228
0.8762	536.2663323332531	1513.26509372273
0.8772	537.0594537772928	1515.6042072600071
0.8782	537.8526689410793	1517.9442249486658
0.8792	538.6459773473912	1520.2851458658727
0.8802	539.4393785197864	1522.6269690903514
0.8812	540.2328719825998	1524.969693702378
0.8822	541.0264572609415	1527.3133187837752
0.8832	541.8201338806942	1529.6578434179098
0.8842	542.613901368512	1532.0032666896868
0.8852	543.4077592518174	1534.3495876855466
0.8862	544.2017070588006	1536.6968054934591
0.8872	544.9957443184157	1539.0449192029203
0.8882	545.7898705603805	1541.3939279049475
0.8892	546.584085315173	1543.7438306920762
0.8902	547.3783881140305	1546.0946266583542
0.8912	548.1727784889471	1548.4463148993384
0.8922	548.9672559726715	1550.79889451209
0.8932	549.761820098706	1553.1523645951709
0.8942	550.5564704013034	1555.5067242486389
0.8952	551.3512064154654	1557.8619725740439
0.8962	552.1460276769411	1560.218108674424
0.8972	552.9409337222247	1562.5751316543003
0.8982	553.7359240885535	1564.933040619674
0.8992	554.5309983139061	1567.2918346780214
0.9002	555.3261559370004	1569.65151293829
0.9012	556.1213964972919	1572.0120745108948
0.9022	556.9167195349717	1574.3735185077146
0.9032	557.7121245909641	1576.7358440420862
0.9042	558.5076112069257	1579.099050228802
0.9052	559.3031789252427	1581.463136184106
0.9062	560.0988272890295	1583.8281010256883
0.9072	560.8945558421265	1586.193943872683
0.9082	561.6903641290982	1588.5606638456625
0.9092	562.4862516952318	1590.9282600666352
0.9102	563.2822180865352	1593.29673165904
0.9112	564.0782628497344	1595.6660777477437
0.9122	564.8743855322731	1598.036297459036
0.9132	565.6705856823096	1600.4073899206264
0.9142	566.4668628487156	1602.7793542616398
0.9152	567.2632165810741	1605.1521896126133
0.9162	568.059646429678	1607.5258951054914
0.9172	568.8561519455279	1609.9004698736226
0.9182	569.6527326803304	1612.275913051756
0.9192	570.4493881864965	1614.6522237760375
0.9202	571.2461180171397	1617.0294011840047
0.9212	572.0429217260739	1619.4074444145845
0.9222	572.8397988678123	1621.7863526080891
0.9232	573.6367489975652	1624.166124906212
0.9242	574.4337716712382	1626.546760452024
0.9252	575.2308664454308	1628.9282583899703
0.9262	576.0280328774344	1631.3106178658659
0.9272	576.8252705252305	1633.6938380268923
0.9282	577.6225789474892	1636.077918021594
0.9292	578.4199577035672	1638.4628569998752
0.9302	579.2174063535066	1640.8486541129944
0.9312	580.0149244580325	1643.2353085135628
0.9322	580.812511578552	1645.62281935554
0.9332	581.6101672771516	1648.01118579423
0.9342	582.4078911165967	1650.4004069862774
0.9352	583.2056826603289	1652.790482089665
0.9362	584.0035414724648	1655.1814102637093
0.9372	584.801467117794	1657.5731906690569
0.9382	585.5994591617782	1659.9658224676816
0.9392	586.3975171705487	1662.3593048228802
0.9402	587.195640710905	1664.7536368992696
0.9412	587.993829350313	1667.1488178627824
0.9422	588.7920826569041	1669.5448468806646
0.9432	589.5904001994727	1671.9417231214716
0.9442	590.388781547475	1674.3394457550637
0.9452	591.1872262710273	1676.738013952605
0.9462	591.9857339409041	1679.137426886557
0.9472	592.7843041285372	1681.537683730678
0.9482	593.5829364060133	1683.9387836600183
0.9492	594.3816303460729	1686.3407258509164
0.9502	595.1803855221085	1688.7435094809962
0.9512	595.9792015081632	1691.1471337291641
0.9522	596.7780778789286	1693.5515977756047
0.9532	597.5770142097442	1695.9569008017784
0.9542	598.3760100765946	1698.3630419904166
0.9552	599.1750650561092	1700.7700205255203
0.9562	599.9741787255596	1703.1778355923552
0.9572	600.7733506628582	1705.5864863774493
0.9582	601.5725804465576	1707.9959720685893
0.9592	602.371867655848	1710.4062918548173
0.9601999999999999	603.1712118705558	1712.8174449264272
0.9611999999999999	603.9706126711427	1715.229430474963
0.9621999999999999	604.7700696387037	1717.6422476932132
0.9632	605.5695823549654	1720.0558957752094
0.9642	606.3691504022848	1722.4703739162223
0.9652	607.1687733636479	1724.8856813127588
0.9662	607.9684508226677	1727.301817162558
0.9672	608.7681823635834	1729.7187806645902
0.9682	609.5679675712581	1732.1365710190505
0.9692	610.3678060311782	1734.5551874273585
0.9702	611.1676973294509	1736.9746290921537
0.9712	611.9676410528036	1739.3948952172925
0.9722	612.7676367885821	1741.8159850078455
0.9732	613.567684124749	1744.2378976700945
0.9742	614.3677826498824	1746.6606324115285
0.9752	615.1679319531744	1749.0841884408412
0.9762	615.9681316244294	1751.5085649679284
0.9772	616.7683812540633	1753.933761203884
0.9782	617.5686804331015	1756.3597763609973
0.9792	618.3690287531775	1758.7866096527505
0.9802	619.1694258065318	1761.2142602938152
0.9812	619.9698711860096	1763.6427275000487
0.9822	620.7703644850611	1766.0720104884924
0.9832	621.5709052977382	1768.502108477368
0.9842	622.371493218694	1770.9330206860739
0.9852	623.1721278431816	1773.3647463351838
0.9862	623.9728087670519	1775.7972846464422
0.9872	624.7735355867532	1778.2306348427626
0.9882	625.5743078993288	1780.6647961482238
0.9892	626.3751253024166	1783.099767788067
0.9902	627.1759873942468	1785.5355489886933
0.9912	627.9768937736411	1787.972138977661
0.9922	628.7778440400111	1790.4095369836812
0.9932	629.578837793357	1792.8477422366168
0.9942	630.3798746342662	1795.2867539674783
0.9952	631.1809541639122	1797.7265714084222
0.9962	631.9820759840526	1800.1671937927463
0.9972	632.7832396970284	1802.608620354889
0.9982	633.5844449057622	1805.0508503304238
0.9992	634.3856912137574	1807.49388295606
1.0002	635.186978225096	1809.937717469636
1.0012	635.9883055444387	1812.3823531101202
1.0022	636.7896727770213	1814.8277891176042
1.0032	637.5910795286562	1817.2740247333047
1.0042	638.3925254057283	1819.7210591995554
1.0052	639.194010015196	1822.1688917598099
1.0062	639.9955329645883	1824.6175216586334
1.0072	640.7970938620044	1827.066948141705
1.0082	641.5986923161117	1829.5171704558106
1.0092	642.4003279361455	1831.9681878488439
1.0102	643.2020003319062	1834.4199995697995
1.0112	644.0037091137599	1836.8726048687756
1.0122	644.8054538926352	1839.3260029969656
1.0132	645.6072342800236	1841.7801932066602
1.0142	646.4090498879767	1844.2351747512403
1.0152	647.2109003291065	1846.690946885179
1.0162	648.0127852165825	1849.1475088640345
1.0172	648.814704164132	1851.6048599444518
1.0182	649.6166567860372	1854.0629993841549
1.0192	650.4186426971361	1856.5219264419497
1.0202	651.2206615128187	1858.9816403777163
1.0212	652.0227128490276	1861.4421404524107
1.0222	652.8247963222562	1863.9034259280586
1.0232	653.6269115495478	1866.365496067756
1.0242	654.4290581484931	1868.8283501356636
1.0252	655.2312357372309	1871.2919873970063
1.0262	656.0334439344454	1873.7564071180705
1.0272	656.835682359365	1876.2216085661992
1.0282	657.6379506317625	1878.6875910097938
1.0292	658.440248371952	1881.1543537183063
1.0302	659.2425752007894	1883.621895962242
1.0312	660.0449307396693	1886.0902170131517
1.0322	660.8473146105264	1888.5593161436343
1.0332	661.6497264358313	1891.0291926273298
1.0342	662.4521658385918	1893.4998457389208
1.0352	663.2546324423503	1895.9712747541264
1.0362	664.0571258711832	1898.4434789497027
1.0372	664.8596457496991	1900.9164576034373
1.0382	665.662191703039	1903.3902099941506
1.0392	666.4647633568728	1905.8647354016891
1.0402	667.267360337401	1908.3400331069274
1.0412	668.0699822713508	1910.8161023917605
1.0422	668.8726287859772	1913.2929425391071
1.0432	669.67529950906	1915.7705528329022
1.0442	670.4779940689041	1918.2489325580987
1.0452	671.280712094337	1920.728081000661
1.0462	672.0834532147092	1923.2079974475669
1.0472	672.8862170598916	1925.6886811868007
1.0482	673.6890032602754	1928.1701315073558
1.0492	674.4918114467702	1930.6523476992268
1.0502	675.2946412508035	1933.135329053412
1.0512	676.0974923043188	1935.6190748619076
1.0522	676.9003642397757	1938.1035844177084
1.0532	677.7032566901473	1940.588857014801
1.0542	678.5061692889204	1943.0748919481678
1.0552	679.3091016700935	1945.5616885137777
1.0562	680.112053468176	1948.0492460085898
1.0572	680.9150243181867	1950.537563730546
1.0582	681.718013855654	1953.0266409785736
1.0592	682.5210217166131	1955.5164770525782
1.0602	683.3240475376059	1958.0070712534457
1.0612	684.1270909556797	1960.4984228830363
1.0622	684.9301516083862	1962.9905312441851
1.0632	685.7332291337799	1965.483395640698
1.0642	686.5363231704181	1967.977015377351
1.0652	687.3394333573583	1970.4713897598856
1.0662	688.1425593341586	1972.9665180950094
1.0672	688.9457007408757	1975.4623996903913
1.0682	689.7488572180645	1977.9590338546616
1.0692	690.5520284067757	1980.456419897407
1.0702	691.355213948557	1982.9545571291715
1.0712	692.1584134854495	1985.453444861451
1.0722	692.9616266599887	1987.953082406695
1.0732	693.7648531152022	1990.4534690782993
1.0742	694.5680924946095	1992.9546041906094
1.0752	695.3713444422197	1995.4564870589131
1.0762	696.1746086025322	1997.959116999443
1.0772	696.9778846205342	2000.4624933293696
1.0782	697.7811721417003	2002.966615366804
1.0792	698.5844708119911	2005.4714824307914
1.0802	699.3877802778533	2007.977093841313
1.0812	700.1911001862168	2010.4834489192792
1.0822	700.9944301844953	2012.9905469865328
1.0832	701.7977699205843	2015.4983873658414
1.0842	702.6011190428608	2018.0069693809003
1.0852	703.4044772001815	2020.5162923563257
1.0862	704.2078440418828	2023.0263556176578
1.0872	705.0112192177786	2025.5371584913532
1.0882	705.8146023781604	2028.0487003047872
1.0892	706.6179931737953	2030.560980386248
1.0902	707.4213912559261	2033.0739980649396
1.0912	708.2247962762691	2035.5877526709735
1.0922	709.0282078870143	2038.1022435353725
1.0932	709.8316257408234	2040.6174699900632
1.0942	710.6350494908294	2043.13343136788
1.0952	711.4384787906354	2045.650127002556
1.0962	712.2419132943139	2048.1675562287287
1.0972	713.0453526564053	2050.68571838193
1.0982	713.8487965319174	2053.2046127985923
1.0992	714.652244576324	2055.7242388160385
1.1002	715.4557509441125	2058.2445957724863
1.1012	716.259533619731	2060.7656830565406
1.1022	717.0635936429936	2063.287500255908
1.1032	717.8679309088121	2065.810046959982
1.1042	718.6725453122845	2068.3333227588096
1.1052	719.4774367486929	2070.857327243082
1.1062	720.2826051135044	2073.3820600041395
1.1072	721.0880503023689	2075.907520633963
1.1082	721.8937722111204	2078.4337087251797
1.1092	722.6997707357756	2080.9606238710553
1.1102	723.5060457725338	2083.488265665498
1.1112	724.3125972177755	2086.0166337030505
1.1122	725.1194249680641	2088.545727578896
1.1132	725.9265289201425	2091.075546888848
1.1142	726.7339089709357	2093.6060912293583
1.1152	727.5415650175477	2096.137360197507
1.1162	728.3494969572633	2098.669353391007
1.1172	729.1577046875457	2101.2020704081974
1.1182	729.9661881060372	2103.7355108480465
1.1192	730.7749471105589	2106.269674310148
1.1202	731.5839815991094	2108.80456039472
1.1212	732.3932914698651	2111.340168702602
1.1222	733.2028766211793	2113.8764988352564
1.1232	734.012736951582	2116.4135503947637
1.1242	734.8228723597798	2118.9513229838244
1.1252	735.6332827446543	2121.489816205754
1.1262	736.4439680052633	2124.029029664485
1.1272	737.2549280408388	2126.568962964561
1.1282	738.066162750788	2129.109615711141
1.1292	738.8776720346915	2131.6509875099923
1.1302	739.6894557923041	2134.193077967493
1.1312	740.5015139235534	2136.7358866906284
1.1322	741.3138463285404	2139.2794132869913
1.1332	742.1264529075373	2141.8236573647764
1.1342	742.9393335609899	2144.3686185327865
1.1352	743.7524881895139	2146.9142964004213
1.1362	744.5659166938975	2149.4606905776864
1.1372	745.3796189750984	2152.0078006751814
1.1382	746.1935949342459	2154.5556263041085
1.1392	747.0078444726377	2157.104167076262
1.1402	747.8223674917422	2159.6534226040344
1.1412	748.6371638931961	2162.203392500409
1.1422	749.4522335788052	2164.7540763789634
1.1432	750.2675764505434	2167.3054738538644
1.1442	751.0831924105524	2169.857584539869
1.1452	751.8990813611408	2172.4104080523207
1.1462	752.7152432047857	2174.963944007152
1.1472	753.5316778441288	2177.5181920208765
1.1482	754.3483851819801	2180.0731517105964
1.1492	755.1653651213135	2182.6288226939914
1.1502000000000001	755.9826175652698	2185.1852045893265
1.1512	756.800142417154	2187.7422970154425
1.1522000000000001	757.617939580436	2190.300099591761
1.1532	758.4360089587498	2192.858611938278
1.1542	759.2543504558935	2195.417833675568
1.1552	760.0729639758285	2197.977764424779
1.1562	760.8918494226791	2200.538403807628
1.1572	761.7110067007327	2203.099751446409
1.1582	762.5304357144381	2205.661806963981
1.1592	763.3501363684072	2208.2245699837763
1.1602	764.1701085674125	2210.788040129791
1.1612	764.9903522163878	2213.3522170265896
1.1622	765.8108672204278	2215.9171002992994
1.1632	766.6316534847875	2218.4826895736132
1.1642	767.4527109148819	2221.048984475785
1.1652	768.2740394162856	2223.615984632629
1.1662	769.0956388947322	2226.18368967152
1.1672	769.9175092561145	2228.7520992203904
1.1682	770.7396504064835	2231.3212129077297
1.1692	771.5620622520483	2233.891030362583
1.1702	772.3847446991757	2236.4615512145488
1.1712	773.2076976543904	2239.032775093781
1.1722	774.0309210243727	2241.6047016309817
1.1732	774.8544147159612	2244.177330457408
1.1742	775.6781786361494	2246.7506612048624
1.1752	776.5022126920874	2249.3246935056973
1.1762	777.3265167910805	2251.8994269928103
1.1772	778.1510908405893	2254.474861299646
1.1782	778.9759347482287	2257.0509960601917
1.1792	779.8010484217691	2259.6278309089794
1.1802	780.6264317691332	2262.20536548108
1.1812	781.4520846983994	2264.783599412109
1.1822	782.2780071177978	2267.3625323382166
1.1832	783.1041989357122	2269.9421638960935
1.1842	783.930660060679	2272.522493722966
1.1852	784.7573904013866	2275.103521456597
1.1862	785.5843898666753	2277.6852467352815
1.1872	786.4116583655375	2280.2676691978504
1.1882	787.2391958071158	2282.850788483664
1.1892	788.0670021007048	2285.434604232615
1.1902	788.8950771557483	2288.019116085123
1.1912	789.7234208818415	2290.6043236821397
1.1922	790.5520331887284	2293.190226665138
1.1932	791.380913986303	2295.7768246761225
1.1942	792.2100631846081	2298.3641173576184
1.1952	793.0394806938356	2300.952104352676
1.1962	793.8691664243252	2303.5407853048673
1.1972	794.6991202865656	2306.130159858286
1.1982	795.5293421911921	2308.7202276575435
1.1992	796.3598320489882	2311.3109883477723
1.2002	797.1905897708842	2313.9024415746208
1.2012	798.021615267957	2316.4945869842545
1.2022	798.8529084514299	2319.0874242233526
1.2032	799.6844692326725	2321.6809529391107
1.2042	800.5162975231995	2324.2751727792347
1.2052	801.3483932346714	2326.870083391944
1.2062	802.1807562788937	2329.4656844259666
1.2072	803.0133865678167	2332.0619755305424
1.2082	803.8462840135345	2334.6589563554166
1.2092	804.679448528286	2337.256626550844
1.2102	805.5128800244529	2339.8549857675825
1.2112	806.3465784145613	2342.454033656898
1.2122	807.1805436112793	2345.053769870557
1.2132	808.0147755274187	2347.6541940608317
1.2142	808.8492740759327	2350.255305880492
1.2152	809.6840391699177	2352.8571049828115
1.2162	810.5190707226106	2355.4595910215603
1.2172	811.3543686473909	2358.062763651008
1.2182	812.1899328577782	2360.6666225259205
1.2192	813.0257632674336	2363.27116730156
1.2202	813.8618597901584	2365.876397633683
1.2212	814.6982223398938	2368.48231317854
1.2222	815.534850830721	2371.088913592873
1.2232	816.3717451768613	2373.696198533917
1.2242	817.2089052926739	2376.3041676593953
1.2252	818.0463310926582	2378.9128206275227
1.2262	818.8840224914512	2381.5221570969998
1.2272	819.7219794038291	2384.132176727017
1.2282	820.5602017447047	2386.7428791772477
1.2292	821.3986894291298	2389.354264107853
1.2302	822.2374423722925	2391.9663311794748
1.2312	823.0764604895189	2394.5790800532413
1.2322	823.9157436962706	2397.1925103907593
1.2332	824.7552919081467	2399.806621854118
1.2342	825.5951050408815	2402.421414105885
1.2352	826.435183010346	2405.0368868091086
1.2362	827.2755257325459	2407.6530396273115
1.2372	828.1161331236225	2410.2698722244954
1.2382	828.9570050998515	2412.8873842651356
1.2392	829.7981415776441	2415.5055754141836
1.2402	830.6395424735445	2418.124445337062
1.2412	831.481207704232	2420.7439936996675
1.2422	832.323137186519	2423.364220168367
1.2432	833.1653308373516	2425.985124409998
1.2442	834.0077885738083	2428.606706091867
1.2452	834.8505103131015	2431.2289648817496
1.2462	835.693495972575	2433.8519004478862
1.2472	836.5367454697055	2436.475512458986
1.2482	837.3802587221012	2439.0998005842207
1.2492	838.2240356475022	2441.7247644932286
1.2502	839.0680761637797	2444.350403856109
1.2512	839.912380188936	2446.976718343425
1.2522	840.7569476411041	2449.6037076261996
1.2532	841.6017784385477	2452.2313713759163
1.2542	842.4468724996603	2454.859709264517
1.2552	843.2922297429656	2457.4887209644025
1.2562	844.1378500871162	2460.1184061484305
1.2572	844.9837334508953	2462.748764489915
1.2582	845.8298797532136	2465.3797956626236
1.2592	846.676288913112	2468.011499340781
1.2602	847.5229608497584	2470.6438751990613
1.2612	848.3698954824501	2473.2769229125943
1.2622	849.2170927306114	2475.9106421569577
1.2632	850.0645525137948	2478.5450326081827
1.2642	850.9122747516798	2481.1800939427476
1.2652	851.7602593640731	2483.8158258375797
1.2662	852.6085062709082	2486.4522279700527
1.2672	853.4570153922448	2489.0893000179885
1.2682	854.3057866482692	2491.7270416596525
1.2692	855.1548199592934	2494.365452573756
1.2702	856.004115245755	2497.0045324394523
1.2712	856.8536724282174	2499.6442809363393
1.2722	857.7034914273687	2502.2846977444547
1.2732	858.5535721640218	2504.9257825442774
1.2742	859.4039145591146	2507.5675350167257
1.2752000000000001	860.2545185337092	2510.209954843159
1.2762	861.1053840089912	2512.8530417053703
1.2772000000000001	861.9565109062709	2515.4967952855936
1.2782	862.8078991469807	2518.1412152664957
1.2792000000000001	863.6595486526782	2520.786301331181
1.2802	864.511459345042	2523.432053163187
1.2812	865.3636311458746	2526.0784704464836
1.2822	866.2160639771007	2528.725552865475
1.2832	867.0687577607667	2531.3733001049945
1.2842	867.9217124190417	2534.0217118503074
1.2852	868.7749278742156	2536.6707877871077
1.2862	869.6284040487003	2539.320527601519
1.2872	870.4821408650284	2541.970930980092
1.2882	871.336138245854	2544.621997609804
1.2892	872.1903961139507	2547.2737271780584
1.2902	873.0449143922136	2549.9261193726848
1.2912	873.899693003657	2552.579173881935
1.2922	874.7547318714159	2555.232890394486
1.2932	875.6100309187437	2557.8872685994343
1.2942	876.4655900690143	2560.542308186302
1.2952	877.3214092457198	2563.198008845028
1.2962	878.1774883724718	2565.8543702659745
1.2972	879.0338273729997	2568.511392139918
1.2982	879.8904261711517	2571.1690741580574
1.2992	880.7472846908936	2573.827416012005
1.3002	881.6044028563099	2576.4864173937926
1.3012	882.4617805916014	2579.1460779958647
1.3022	883.3194178210874	2581.8063975110827
1.3032	884.1773144692032	2584.467375632719
1.3042	885.0354704605015	2587.1290120544604
1.3052	885.8938857196513	2589.791306470405
1.3062	886.7525601714383	2592.454258575063
1.3072	887.6114937407633	2595.1178680633525
1.3082	888.4706863526442	2597.782134630604
1.3092	889.3301379322133	2600.4470579725535
1.3102	890.1898484047193	2603.112637785347
1.3112	891.0498176955246	2605.7788737655346
1.3122	891.9100457301078	2608.445765610076
1.3132	892.7705324340609	2611.1133130163316
1.3142	893.6312777330915	2613.7815156820707
1.3152	894.4922815530199	2616.4503733054617
1.3162	895.3535438197815	2619.119885585079
1.3172	896.2150644594245	2621.7900522198966
1.3182	897.0768433981111	2624.4608729092906
1.3192	897.9388805621157	2627.132347353036
1.3202	898.801175877827	2629.8044752513088
1.3212	899.663729271745	2632.4772563046818
1.3222	900.526540670483	2635.1506902141264
1.3232	901.3896100007661	2637.82477668101
1.3242	902.2529371894318	2640.499515407098
1.3252	903.1165221634283	2643.1749060945476
1.3262	903.9803648498167	2645.850948445914
1.3272	904.8444651757683	2648.527642164143
1.3282	905.708823068566	2651.204986952575
1.3292	906.5734384556031	2653.882982514942
1.3302	907.4383112643837	2656.5616285553665
1.3312	908.3034414225222	2659.2409247783617
1.3322	909.1688288577434	2661.920870888832
1.3332	910.0344734978809	2664.601466592066
1.3342	910.9003752708795	2667.2827115937466
1.3352	911.7665341047922	2669.9646055999387
1.3362	912.632949927782	2672.647148317097
1.3372	913.49962266812	2675.3303394520585
1.3382	914.366552254187	2678.0141787120483
1.3392	915.2337386144715	2680.698665804673
1.3402	916.1011816775708	2683.3838004379245
1.3412	916.9688813721901	2686.069582320176
1.3422	917.8368376271428	2688.756011160183
1.3432	918.7050503713489	2691.44308666708
1.3442	919.573519533837	2694.1308085503856
1.3452	920.4422450437421	2696.819176519994
1.3462	921.3112268303067	2699.5081902861807
1.3472	922.1804648228792	2702.1978495595963
1.3482	923.0499589509158	2704.8881540512716
1.3492	923.9197091439777	2707.579103472611
1.3502	924.7897153317331	2710.2706975353976
1.3512	925.6599774439554	2712.962935951786
1.3522	926.5304954105243	2715.6558184343075
1.3532	927.4012691614241	2718.349344695864
1.3542	928.2722986267454	2721.0435144497337
1.3552	929.1435837366827	2723.7383274095623
1.3562	930.015124421536	2726.4337832893707
1.3572	930.8869206117096	2729.129881803547
1.3582	931.7589722377123	2731.8266226668516
1.3592	932.6312792301568	2734.5240055944105
1.3602	933.50384151976	2737.2220303017216
1.3612	934.3766590373422	2739.9206965046465
1.3622	935.2497317138275	2742.6200039194164
1.3632	936.1230594802432	2745.319952262627
1.3642	936.9966422677197	2748.0205412512396
1.3652	937.8704800074901	2750.721770602579
1.3662	938.7445726308904	2753.423640034335
1.3672	939.618920069359	2756.1261492645604
1.3682	940.4935222544366	2758.82929801167
1.3692	941.3683791177658	2761.533085994439
1.3702	942.243490591091	2764.2375129320053
1.3712	943.1188566062585	2766.942578543866
1.3722	943.9944770952159	2769.648282549878
1.3732	944.8703519900116	2772.354624670256
1.3742	945.7464812227961	2775.0616046255745
1.3752	946.6228647258192	2777.769222136763
1.3762	947.4995024314328	2780.47747692511
1.3772	948.3763942720881	2783.1863687122577
1.3782	949.2535401803372	2785.8958972202054
1.3792	950.1309400888316	2788.606062171305
1.3802	951.0085939303232	2791.316863288264
1.3812	951.8865016376632	2794.0283002941414
1.3822	952.7646631438023	2796.7403729123503
1.3832	953.6430783817901	2799.4530808666536
1.3842	954.5217472847756	2802.166423881167
1.3852	955.4006697860065	2804.8804016803547
1.3862	956.2798458188289	2807.595013989033
1.3872	957.1592753166874	2810.310260532364
1.3882	958.0389582131253	2813.026141035861
1.3892	958.9188944417831	2815.7426552253833
1.3902	959.7990839363997	2818.4598028271375
1.3912	960.6795266308112	2821.177583567676
1.3922	961.5602224589516	2823.8959971738973
1.3932	962.4411713548516	2826.6150433730445
1.3942	963.3223732526397	2829.334721892706
1.3952	964.2038280865403	2832.055032460811
1.3962	965.0855357908754	2834.7759748056355
1.3972	965.9674963000625	2837.4975486557933
1.3982	966.8497095486167	2840.219753740244
1.3992	967.7321754711476	2842.942589788284
1.4002000000000001	968.6148940023617	2845.666056529553
1.4012	969.497865077061	2848.390153694029
1.4022000000000001	970.381088630143	2851.114881012029
1.4032	971.2645645966005	2853.8402382142076
1.4042000000000001	972.1482929115216	2856.566225031559
1.4052	973.0322735100888	2859.292841195412
1.4062000000000001	973.91650632758	2862.0200864374333
1.4072	974.8009912993673	2864.7479604896234
1.4082	975.6857283609173	2867.4764630843197
1.4092	976.5707174477911	2870.205593954194
1.4102	977.4559584956432	2872.9353528322486
1.4112	978.3414514402224	2875.665739451823
1.4122	979.227196217371	2878.3967535465863
1.4132	980.1131927630247	2881.128394850541
1.4142	980.9994410132124	2883.86066309802
1.4152	981.8859409040566	2886.5935580236865
1.4162	982.772692371772	2889.327079362533
1.4172	983.6596953526665	2892.061226849883
1.4182	984.5469497831402	2894.7960002213863
1.4192	985.4344555996863	2897.5313992130236
1.4202	986.3222127388892	2900.2674235611
1.4212	987.2102211374263	2903.004073002249
1.4222	988.0984807320657	2905.7413472734283
1.4232	988.9869914596684	2908.4792461119246
1.4242	989.8757532571855	2911.217769255345
1.4252	990.7647660616608	2913.9569164416253
1.4262	991.654029810228	2916.696687409021
1.4272	992.5435444401127	2919.4370818961124
1.4282	993.4333098886306	2922.1780996418024
1.4292	994.3233260931883	2924.919740385315
1.4302	995.2135929912826	2927.6620038661954
1.4312	996.1041105205009	2930.4048898243095
1.4322	996.9948786185201	2933.1483979998434
1.4332	997.8858972231077	2935.8925281333018
1.4342	998.7771662721201	2938.637279965508
1.4352	999.6686857035039	2941.3826532376042
1.4362	1000.5604554552945	2944.12864769105
1.4372	1001.4524754656173	2946.875263067622
1.4382	1002.3447456726857	2949.622499109412
1.4392	1003.2372660148027	2952.370355558828
1.4402	1004.1300364303596	2955.1188321585937
1.4412	1005.0230568578365	2957.867928651747
1.4422	1005.9163272358015	2960.6176447816392
1.4432	1006.8098475029112	2963.367980291936
1.4442	1007.7036175979098	2966.118934926614
1.4452	1008.5976374596298	2968.870508429965
1.4462	1009.4919070269907	2971.6227005465885
1.4472	1010.3864262390005	2974.3755110213983
1.4482	1011.281195034753	2977.1289395996155
1.4492	1012.1762133534309	2979.8829860267747
1.4502	1013.0714811343024	2982.6376500487163
1.4512	1013.9669983167238	2985.3929314115917
1.4522	1014.8627648401366	2988.148829861858
1.4532	1015.7587806440703	2990.905345146283
1.4542	1016.6550456681395	2993.6624770119374
1.4552	1017.5515598520459	2996.4202252062028
1.4562	1018.4483231355764	2999.1785894767627
1.4572	1019.3453354586043	3001.9375695716076
1.4582	1020.2425967610883	3004.697165239032
1.4592	1021.1401069830727	3007.4573762276355
1.4602	1022.0378660646868	3010.2182022863194
1.4612	1022.9358739461456	3012.97964316429
1.4622	1023.834130567749	3015.741698611054
1.4632	1024.7326358698815	3018.5043683764216
1.4642	1025.6313897930124	3021.267652210503
1.4652	1026.5303922776957	3024.0315498637096
1.4662	1027.429643264569	3026.796061086752
1.4672	1028.3291426943556	3029.561185630643
1.4682	1029.2288905078613	3032.326923246691
1.4692	1030.1288866459772	3035.093273686505
1.4702	1031.0291310496766	3037.8602367019917
1.4712	1031.929623660018	3040.6278120453544
1.4722	1032.830364418142	3043.395999469093
1.4732	1033.731353265273	3046.1647987260053
1.4742	1034.632590142718	3048.9342095691827
1.4752	1035.5340749918687	3051.7042317520145
1.4762	1036.435807754197	3054.4748650281804
1.4772	1037.3377883712596	3057.246109151659
1.4782	1038.2400167846945	3060.0179638767186
1.4792	1039.1424929362224	3062.7904289579233
1.4802	1040.045216767646	3065.563504150127
1.4812	1040.9481882208506	3068.3371892084783
1.4822	1041.8514072378023	3071.111483888414
1.4832	1042.7548737605498	3073.8863879456653
1.4842	1043.658587731223	3076.661901136251
1.4852	1044.5625490920334	3079.438023216481
1.4862	1045.4667577852733	3082.214753942953
1.4872	1046.3712137533169	3084.9920930725557
1.4882	1047.2759169386181	3087.770040362464
1.4892	1048.1808672837135	3090.548595570142
1.4902	1049.0860647312181	3093.3277584533384
1.4912	1049.9915092238296	3096.107528770093
1.4922	1050.8972007043237	3098.8879062787264
1.4932	1051.8031391155587	3101.668890737849
1.4942	1052.709324400471	3104.450481906353
1.4952	1053.615756502078	3107.2326795434187
1.4962	1054.5224353634767	3110.015483408507
1.4972	1055.4293609278434	3112.7988932613644
1.4982	1056.3365331384337	3115.582908862019
1.4992	1057.2439519385835	3118.3675299707834
1.5002	1058.1516172717065	3121.1527563482496
1.5012	1059.0595290812964	3123.938587755293
1.5022	1059.9676873109254	3126.7250239530686
1.5032	1060.8760919042445	3129.5120647030135
1.5042	1061.7847428049831	3132.299709766842
1.5052	1062.6936399569495	3135.0879589065516
1.5062	1063.6027833040296	3137.876811884415
1.5072	1064.5121727901878	3140.666268462986
1.5082	1065.4218083594667	3143.456328405094
1.5092	1066.3316899559868	3146.2469914738485
1.5102	1067.2418175239452	3149.038257432633
1.5112	1068.1521910076183	3151.830126045111
1.5122	1069.0628103513586	3154.622597075217
1.5132	1069.9736754995965	3157.4156702871655
1.5142	1070.8847863968392	3160.209345445443
1.5152	1071.7961429876716	3163.0036223148127
1.5162	1072.7077452167541	3165.7985006603094
1.5172	1073.6195930288256	3168.593980247244
1.5182	1074.5316863686994	3171.3900608411964
1.5192	1075.4440251812678	3174.1867422080236
1.5202	1076.3566094114972	3176.984024113851
1.5212	1077.2694390044312	3179.7819063250777
1.5222	1078.1825139051894	3182.5803886083722
1.5232	1079.0958340589668	3185.3794707306756
1.5242	1080.0093994110348	3188.179152459196
1.5252000000000001	1080.9232099067399	3190.979433561414
1.5262	1081.837265491504	3193.7803138050776
1.5272000000000001	1082.751566110825	3196.5817929582045
1.5282	1083.666111710275	3199.383870789078
1.5292000000000001	1084.580902235502	3202.1865470662524
1.5302	1085.4959376322286	3204.989821558547
1.5312000000000001	1086.411217846252	3207.793694035049
1.5322	1087.3267428234444	3210.598164265111
1.5332000000000001	1088.2425125097525	3213.4032320183514
1.5342	1089.158526851197	3216.2088970646537
1.5352000000000001	1090.074785793873	3219.0151591741674
1.5362	1090.9912892839495	3221.822018117304
1.5372	1091.9080372676701	3224.629473664742
1.5382	1092.8250296913523	3227.437525587421
1.5392	1093.742266501386	3230.2461736565438
1.5402	1094.6597476442362	3233.0554176435767
1.5412	1095.5774730664402	3235.8652573202467
1.5422	1096.4954427146092	3238.675692458543
1.5432	1097.4136565354277	3241.4867228307157
1.5442	1098.3321144756528	3244.298348209277
1.5452	1099.2508164821145	3247.1105683669953
1.5462	1100.1697625017164	3249.923383076904
1.5472	1101.0889524814334	3252.7367921122914
1.5482	1102.0083863683142	3255.550795246707
1.5492	1102.928064109479	3258.3653922539565
1.5502	1103.847985652121	3261.180582908107
1.5512	1104.7681509435045	3263.996366983479
1.5522	1105.6885599309671	3266.8127442546534
1.5532	1106.6092125619173	3269.6297144964647
1.5542	1107.5301087838357	3272.447277484006
1.5552	1108.451248544274	3275.2654329926236
1.5562	1109.3726317908565	3278.0841807979214
1.5572	1110.2942584712775	3280.9035206757558
1.5582	1111.2161285333038	3283.7234524022397
1.5592	1112.1382419247725	3286.5439757537374
1.5602	1113.060598593592	3289.3650905068694
1.5612	1113.983198487741	3292.186796438507
1.5622	1114.9060415552701	3295.009093325775
1.5632	1115.829127744299	3297.831980946049
1.5642	1116.7524570030193	3300.655459076959
1.5652	1117.6760292796916	3303.479527496382
1.5662	1118.599844522648	3306.3041859824507
1.5672	1119.52390268029	3309.129434313544
1.5682	1120.4482037010887	3311.9552722682934
1.5692	1121.3727475335859	3314.781699625578
1.5702	1122.2975341263927	3317.6087161645273
1.5712	1123.2225634281897	3320.4363216645174
1.5722	1124.1478353877276	3323.2645159051763
1.5732	1125.0733499538253	3326.0932986663756
1.5742	1125.9991070753722	3328.9226697282375
1.5752	1126.9251067013258	3331.7526288711288
1.5762	1127.8513487807131	3334.5831758756635
1.5772	1128.7778332626294	3337.4143105227013
1.5782	1129.7045600962404	3340.24603259335
1.5792	1130.6315292307781	3343.0783418689575
1.5802	1131.5587406155446	3345.9112381311224
1.5812	1132.4861941999097	3348.7447211616827
1.5822	1133.413889933312	3351.578790742724
1.5832	1134.341827765258	3354.4134466565724
1.5842	1135.2700076453218	3357.2486886857996
1.5852	1136.1984295231455	3360.084516613217
1.5862	1137.12709334844	3362.920930221883
1.5872	1138.0559990709821	3365.7579292950913
1.5882	1138.985146640618	3368.5955136163834
1.5892	1139.91453600726	3371.433682969538
1.5902	1140.8441671208886	3374.2724371385757
1.5912	1141.7740399315503	3377.111775907756
1.5922	1142.7041543893604	3379.951699061581
1.5932	1143.6345104444993	3382.7922063847886
1.5942	1144.5651080472157	3385.6332976623594
1.5952	1145.4959471478244	3388.474972679508
1.5962	1146.4270276967065	3391.3172312216916
1.5972	1147.3583496443102	3394.160073074602
1.5982	1148.2899129411503	3397.0034980241717
1.5992	1149.2217175378064	3399.847505856565
1.6002	1150.1537633849262	3402.6920963581883
1.6012	1151.0860504332213	3405.5372693156796
1.6022	1152.0185786334716	3408.3830245159156
1.6032	1152.951347936521	3411.229361746007
1.6042	1153.8843582932795	3414.0762807932997
1.6052	1154.8176096547231	3416.923781445373
1.6062	1155.751101971893	3419.771863490044
1.6072	1156.6848351958956	3422.6205267153587
1.6082	1157.6188092779028	3425.4697709096
1.6092	1158.553024169151	3428.319595861281
1.6102	1159.487479820943	3431.17000135915
1.6112	1160.4221761846447	3434.020987192185
1.6122	1161.357113211688	3436.872553149599
1.6132	1162.2922908535695	3439.724699020832
1.6142	1163.2277090618495	3442.577424595559
1.6152	1164.1633677881532	3445.430729663683
1.6162	1165.0992669841708	3448.2846140153383
1.6172	1166.035406601655	3451.1390774408887
1.6182	1166.971786592425	3453.9941197309286
1.6192	1167.9084069083617	3456.8497406762785
1.6202	1168.8452675014114	3459.7059400679914
1.6212	1169.7823683235836	3462.5627176973444
1.6222	1170.7197093269517	3465.420073355847
1.6232	1171.657290463652	3468.2780068352317
1.6242	1172.5951116858857	3471.136517927462
1.6252	1173.5331729459158	3473.9956064247253
1.6262	1174.4714741960693	3476.855272119438
1.6272	1175.4100153887364	3479.7155148042393
1.6282	1176.34879647637	3482.576334271997
1.6292	1177.2878174114855	3485.437730315801
1.6302	1178.2270781466627	3488.2997027289707
1.6312	1179.1665786345422	3491.1622513050447
1.6322	1180.1063188278288	3494.0253758377903
1.6332	1181.0462986792884	3496.889076121194
1.6342	1181.9865181417501	3499.75335194947
1.6352	1182.9269771681054	3502.618203117053
1.6362	1183.8676757113074	3505.4836294186007
1.6372	1184.808613724371	3508.3496306489924
1.6382	1185.7497911603748	3511.216206603332
1.6392	1186.6912079724573	3514.0833570769414
1.6402	1187.6328641138193	3516.951081865366
1.6412	1188.5747595377236	3519.819380764371
1.6422	1189.5168941974946	3522.6882535699424
1.6432	1190.4592680465175	3525.5577000782855
1.6442	1191.40188103824	3528.4277200858273
1.6452	1192.344733126169	3531.2983133892103
1.6462	1193.287824263875	3534.1694797853006
1.6472	1194.2311544049874	3537.041219071179
1.6482	1195.174723503198	3539.913531044147
1.6492	1196.1185315122584	3542.7864155017223
1.6502000000000001	1197.0625783859816	3545.659872241642
1.6512	1198.0068640782406	3548.533901061858
1.6522000000000001	1198.9513885429699	3551.4085017605416
1.6532	1199.8961517341627	3554.2836741360775
1.6542000000000001	1200.8411536058748	3557.1594179870704
1.6552	1201.7863941122196	3560.0357331123364
1.6562000000000001	1202.731873207373	3562.91261931091
1.6572	1203.677590845569	3565.7900763820394
1.6582000000000001	1204.6235469811033	3568.6681041251886
1.6592	1205.5697415683296	3571.546702340034
1.6602000000000001	1206.5161745616626	3574.4258708264683
1.6612	1207.462845915576	3577.3056093845953
1.6622000000000001	1208.4097555846029	3580.1859178147347
1.6632	1209.3569035233359	3583.066795917416
1.6642000000000001	1210.3042896864274	3585.948243493385
1.6652	1211.2519140285885	3588.830260343596
1.6662	1212.1997765045892	3591.712846269218
1.6672	1213.1478770692593	3594.5960010716303
1.6682	1214.0962156774867	3597.4797245524232
1.6692	1215.0447922842186	3600.364016513399
1.6702	1215.99360684446	3603.248876756568
1.6712	1216.9426593132762	3606.1343050841538
1.6722	1217.8919496457893	3609.020301298587
1.6732	1218.8414777971811	3611.9068652025103
1.6742	1219.7912437226905	3614.7939965987725
1.6752	1220.741247377616	3617.6816952904346
1.6762	1221.691488717313	3620.569961080763
1.6772	1222.6419676971952	3623.458793773234
1.6782	1223.5926842727351	3626.3481931715305
1.6792	1224.543638399462	3629.2381590795444
1.6802	1225.494830032963	3632.1286913013723
1.6812	1226.4462591288834	3635.019789641321
1.6822	1227.3979256429257	3637.9114539038997
1.6832	1228.3498295308505	3640.803683893828
1.6842	1229.301970748474	3643.6964794160262
1.6852	1230.2543492516722	3646.589840275625
1.6862	1231.2069649963762	3649.4837662779573
1.6872	1232.1598179385749	3652.3782572285613
1.6882	1233.112908034314	3655.2733129331796
1.6892	1234.0662352396967	3658.1689331977595
1.6902	1235.019799510882	3661.065117828451
1.6912	1235.9736008040863	3663.961866631609
1.6922	1236.9276390755826	3666.8591794137897
1.6932	1237.8819142817003	3669.757055981754
1.6942	1238.8364263788246	3672.6554961424636
1.6952	1239.7911753233982	3675.554499703084
1.6962	1240.7461610719188	3678.4540664709803
1.6972	1241.7013835809412	3681.3541962537215
1.6982	1242.6568428070757	3684.2548888590763
1.6992	1243.612538706989	3687.156144095015
1.7002	1244.5684712374032	3690.0579617697067
1.7012	1245.5246403550964	3692.960341691524
1.7022	1246.4810460169017	3695.863283669035
1.7032	1247.4376881797095	3698.766787511012
1.7042	1248.394566800464	3701.6708530264227
1.7052	1249.3516818361654	3704.5754800244367
1.7062	1250.3090332438694	3707.480668314419
1.7072	1251.2666209806869	3710.3864177059368
1.7082	1252.2244450037833	3713.2927280087515
1.7092	1253.18250527038	3716.199599032825
1.7102	1254.1408017377526	3719.1070305883145
1.7112	1255.0993343632322	3722.015022485576
1.7122	1256.0581031042034	3724.9235745351602
1.7132	1257.0171079181077	3727.8326865478166
1.7142	1257.976348762439	3730.7423583344885
1.7152	1258.9358255947473	3733.652589706317
1.7162	1259.8955383726357	3736.5633804746362
1.7172	1260.8554870537628	3739.4747304509788
1.7182	1261.8156715958405	3742.386639447069
1.7192	1262.7760919566354	3745.2991072748273
1.7202	1263.736748093968	3748.2121337463677
1.7212	1264.6976399657133	3751.125718674
1.7222	1265.6587675297992	3754.039861870224
1.7232	1266.6201307442082	3756.9545631477363
1.7242	1267.5817295669756	3759.8698223194237
1.7252	1268.5435639561917	3762.7856391983696
1.7262	1269.5056338699992	3765.702013597845
1.7272	1270.4679392665953	3768.618945331317
1.7282	1271.430480104229	3771.5364342124412
1.7292	1272.3932563412043	3774.454480055068
1.7302	1273.356267935877	3777.373082673236
1.7312	1274.3195148466573	3780.292241881177
1.7322	1275.2829970320074	3783.2119574933113
1.7332	1276.246714450443	3786.132229324252
1.7342	1277.2106670605324	3789.053057188799
1.7352	1278.1748548208968	3791.9744409019454
1.7362	1279.1392776902096	3794.8963802788703
1.7372	1280.1039356271979	3797.8188751349453
1.7382	1281.0688285906404	3800.7419252857276
1.7392	1282.0339565393685	3803.665530546966
1.7402	1282.9993194322658	3806.589690734593
1.7412	1283.9649172282686	3809.514405664735
1.7422	1284.9307498863648	3812.4396751537006
1.7432	1285.896817365595	3815.36549901799
1.7442	1286.8631196250515	3818.2918770742863
1.7452	1287.8296566238782	3821.2188091394637
1.7462	1288.7964283212716	3824.1462950305795
1.7472	1289.7634346764796	3827.0743345648784
1.7482	1290.7306756488015	3830.0029275597913
1.7492	1291.6981511975887	3832.9320738329343
1.7502	1292.6658612822434	3835.861773202108
1.7512	1293.6338058622202	3838.7920254852997
1.7522	1294.6019848970247	3841.72283050068
1.7532	1295.5703983462133	3844.654188066605
1.7542	1296.539046169394	3847.586098001613
1.7552	1297.507928326226	3850.51856012443
1.7562	1298.477044776419	3853.451574253961
1.7572	1299.446395479735	3856.385140209298
1.7582	1300.4159803959847	3859.3192578097123
1.7592	1301.3857994850316	3862.2539268746627
1.7602	1302.355852706789	3865.1891472237858
1.7612	1303.326140021221	3868.1249186769037
1.7622	1304.2966613883418	3871.0612410540175
1.7632	1305.267416768217	3873.9981141753133
1.7642	1306.2384061209611	3876.935537861155
1.7652	1307.2096294067412	3879.8735119320904
1.7662	1308.1810865857722	3882.812036208846
1.7672	1309.1527776183207	3885.751110512331
1.7682	1310.1247024647028	3888.6907346636312
1.7692	1311.0968610852847	3891.6309084840163
1.7702	1312.0692534404825	3894.571631794933
1.7712	1313.0418794907623	3897.5129044180094
1.7722	1314.0147391966395	3900.45472617505
1.7732	1314.9878325186796	3903.397096888041
1.7742	1315.9611594174976	3906.3400163791443
1.7752000000000001	1316.9347198537582	3909.283484470704
1.7762	1317.9085137881748	3912.2275009852374
1.7772000000000001	1318.8825411815112	3915.1720657454434
1.7782	1319.8568019945794	3918.1171785741953
1.7792000000000001	1320.831296188242	3921.0628392945473
1.7802	1321.8060237234095	3924.0090477297267
1.7812000000000001	1322.780984561042	3926.9558037031406
1.7822	1323.7561786621484	3929.903107038369
1.7832000000000001	1324.7316059877865	3932.8509575591715
1.7842	1325.7072664990628	3935.7993550894807
1.7852000000000001	1326.6831601571334	3938.748299453408
1.7862	1327.659286923202	3941.697790475236
1.7872000000000001	1328.6356467585213	3944.6478279794264
1.7882	1329.6122396243925	3947.5984117906123
1.7892000000000001	1330.5890654821658	3950.549541733604
1.7902	1331.5661242932383	3953.5012176333835
1.7912000000000001	1332.5434160190573	3956.4534393151093
1.7922	1333.5209406211168	3959.4062066041106
1.7932	1334.4986980609597	3962.359519325893
1.7942	1335.476688300177	3965.3133773061345
1.7952	1336.4549113004075	3968.2677803706842
1.7962	1337.4333670233375	3971.2227283455663
1.7972	1338.4120554307017	3974.1782210569754
1.7982	1339.3909764842829	3977.1342583312808
1.7992	1340.3701301459105	3980.09083999502
1.8002	1341.3495163774624	3983.047965874905
1.8012	1342.3291351408636	3986.005635797818
1.8022	1343.3089863980874	3988.963849590813
1.8032	1344.2890701111533	3991.9226070811133
1.8042	1345.2693862421293	3994.8819080961152
1.8052	1346.249934753129	3997.841752463383
1.8062	1347.2307156063155	4000.8021400106522
1.8072	1348.2117287638966	4003.7630705658275
1.8082	1349.1929741881295	4006.7245439569847
1.8092	1350.1744518413163	4009.686560012366
1.8102	1351.1561616858073	4012.6491185603863
1.8112	1352.138103683999	4015.6122194296254
1.8122	1353.1202777983349	4018.575862448835
1.8132	1354.102683991305	4021.5400474469325
1.8142	1355.0853222254461	4024.504774253006
1.8152	1356.0681924633416	4027.4700426963077
1.8162	1357.051294667621	4030.435852606261
1.8172	1358.0346288009605	4033.402203812455
1.8182	1359.0181948260824	4036.369096144645
1.8192	1360.0019927057558	4039.336529432754
1.8202	1360.986022402795	4042.304503506872
1.8212	1361.9702838800613	4045.273018197254
1.8222	1362.9547771004613	4048.242073334322
1.8232	1363.9395020269483	4051.211668748663
1.8242	1364.9244586225211	4054.1818042710306
1.8252	1365.9096468502244	4057.1524797323427
1.8262	1366.8950666731484	4060.1236949636827
1.8272	1367.8807180544295	4063.095449796298
1.8282	1368.8666009572496	4066.0677440616028
1.8292	1369.8527153448354	4069.0405775911713
1.8302	1370.8390611804602	4072.013950216747
1.8312	1371.8256384274418	4074.9878617702334
1.8322	1372.8124470491439	4077.962312083699
1.8332	1373.799487008975	4080.937300989375
1.8342	1374.7867582703893	4083.912828319658
1.8352	1375.7742607968858	4086.888893907102
1.8362	1376.7619945520087	4089.86549758443
1.8372	1377.7499594993471	4092.8426391845223
1.8382	1378.7381556025355	4095.820318540426
1.8392	1379.7265828252519	4098.7985354853445
1.8402	1380.7152411312206	4101.777289852648
1.8412	1381.7041304842103	4104.7565814758655
1.8422	1382.6932508480336	4107.736410188688
1.8432	1383.6826021865481	4110.716775824965
1.8442	1384.6721844636568	4113.697678218711
1.8452	1385.6619976433055	4116.679117204098
1.8462	1386.652041689486	4119.661092615458
1.8472	1387.6423165662322	4122.643604287283
1.8482	1388.6328222376255	4125.6266520542285
1.8492	1389.6235586677885	4128.610235751103
1.8502	1390.6145258208894	4131.59435521288
1.8512	1391.6057236611405	4134.57901027469
1.8522	1392.5971521527972	4137.564200771821
1.8532	1393.5888112601594	4140.549926539719
1.8542	1394.5807009475714	4143.5361874139935
1.8552	1395.5728211794196	4146.522983230406
1.8562	1396.5651719201362	4149.51031382488
1.8572	1397.557753134195	4152.498179033492
1.8582	1398.550564786116	4155.486578692484
1.8592	1399.54360684046	4158.475512638245
1.8602	1400.5368792618322	4161.464980707329
1.8612	1401.5303820148818	4164.454982736442
1.8622	1402.5241150643014	4167.445518562449
1.8632	1403.518078374826	4170.436588022371
1.8642	1404.512271911234	4173.428190953385
1.8652	1405.5066956383466	4176.42032719282
1.8662	1406.50134952103	4179.412996578168
1.8672	1407.4962335241908	4182.406198947068
1.8682	1408.4913476127804	4185.399934137322
1.8692	1409.4866917517916	4188.39420198688
1.8702	1410.4822659062618	4191.389002333853
1.8712	1411.4780700412696	4194.384335016501
1.8722	1412.4741041219365	4197.38019987324
1.8732	1413.4703681134276	4200.376596742642
1.8742	1414.4668619809495	4203.37352546343
1.8752	1415.4635856897519	4206.370985874482
1.8762	1416.4605392051267	4209.368977814831
1.8772	1417.457722492408	4212.367501123658
1.8782	1418.4551355169726	4215.366555640302
1.8792	1419.4527782442392	4218.366141204252
1.8802	1420.4506506396688	4221.366257655151
1.8812	1421.4487526687647	4224.366904832791
1.8822	1422.447084297072	4227.368082577121
1.8832	1423.4456454901776	4230.369790728236
1.8842	1424.4444362137108	4233.372029126388
1.8852	1425.4434564333424	4236.374797611977
1.8862	1426.4427061147856	4239.378096025555
1.8872	1427.442185223794	4242.381924207825
1.8882	1428.4418937261648	4245.386281999641
1.8892	1429.4418315877351	4248.391169242007
1.8902	1430.4419987743847	4251.396585776077
1.8912	1431.4423952520337	4254.402531443154
1.8922	1432.4430209866453	4257.409006084694
1.8932	1433.4438759442226	4260.416009542299
1.8942	1434.4449600908104	4263.423541657724
1.8952	1435.4462733924952	4266.43160227287
1.8962	1436.4478158154047	4269.440191229789
1.8972	1437.4495873257065	4272.449308370679
1.8982	1438.4515878896111	4275.458953537891
1.8992	1439.4538174733684	4278.469126573919
1.9002000000000001	1440.4562760432705	4281.47982732141
1.9012	1441.4589635656494	4284.491055623155
1.9022000000000001	1442.4618800068788	4287.502811322096
1.9032	1443.4650253333723	4290.515094261319
1.9042000000000001	1444.468399511585	4293.527904284061
1.9052	1445.4720025080117	4296.541241233703
1.9062000000000001	1446.4758342891887	4299.5551049537735
1.9072	1447.4798948216924	4302.5694952879485
1.9082000000000001	1448.4841840721401	4305.584412080051
1.9092	1449.4887020071883	4308.599855174047
1.9102000000000001	1450.493448593536	4311.615824414053
1.9112	1451.49842379792	4314.632319644327
1.9122000000000001	1452.5036275871191	4317.649340709276
1.9132	1453.509059927952	4320.666887453449
1.9142000000000001	1454.5147207872765	4323.684959721543
1.9152	1455.5206101319916	4326.703557358399
1.9162000000000001	1456.5267279290358	4329.722680209003
1.9172	1457.5330741453877	4332.742328118485
1.9182000000000001	1458.5396487480655	4335.762500932119
1.9192	1459.5464517041278	4338.783198495325
1.9202	1460.553482980672	4341.804420653664
1.9212	1461.5607318470654	4344.826167252844
1.9222	1462.568155473833	4347.848438133147
1.9232	1463.5757538003643	4350.871233112741
1.9242	1464.5835267661	4353.894552009948
1.9252	1465.5914743105345	4356.918394643251
1.9262	1466.5995963732137	4359.942760831289
1.9272	1467.6078928937357	4362.967650392855
1.9282	1468.6163638117512	4365.9930631469015
1.9292	1469.6250090669635	4369.018998912538
1.9302	1470.633828599127	4372.045457509029
1.9312	1471.6428223480489	4375.072438755796
1.9322	1472.651990253588	4378.099942472413
1.9332	1473.6613322556557	4381.127968478616
1.9342	1474.6708482942133	4384.156516594289
1.9352	1475.6805383092762	4387.185586639478
1.9362	1476.6904022409099	4390.215178434379
1.9372	1477.7004400292321	4393.245291799345
1.9382	1478.7106516144117	4396.275926554884
1.9392	1479.7210369366692	4399.307082521656
1.9402	1480.7315959362768	4402.338759520479
1.9412	1481.7423285535574	4405.370957372321
1.9422	1482.7532347288854	4408.403675898305
1.9432	1483.7643144026872	4411.43691491971
1.9442	1484.7755675154383	4414.470674257963
1.9452	1485.7869940076673	4417.50495373465
1.9462	1486.7985938199529	4420.539753171506
1.9472	1487.8103668929239	4423.575072390419
1.9482	1488.8223131672614	4426.610911213432
1.9492	1489.8344325836968	4429.647269462737
1.9502	1490.8467250830108	4432.68414696068
1.9512	1491.859190606037	4435.721543529758
1.9522	1492.8718290936572	4438.759458992619
1.9532	1493.8846404868061	4441.797893172066
1.9542	1494.8976247264668	4444.836845891048
1.9552	1495.9107817536735	4447.876316972668
1.9562	1496.9241115095108	4450.916306240179
1.9572	1497.9376139351136	4453.9568135169875
1.9582	1498.9512889716664	4456.997838626646
1.9592	1499.9651365604034	4460.039381392858
1.9602	1500.9791566426104	4463.081441639479
1.9612	1501.993349159622	4466.1240191905135
1.9622	1503.0077140528222	4469.167113870113
1.9632	1504.0222512636456	4472.210725502584
1.9642	1505.0369607335765	4475.254853912377
1.9652	1506.0518424041484	4478.299498924093
1.9662	1507.0668962169448	4481.3446603624825
1.9672	1508.0821221135989	4484.390338052444
1.9682	1509.0975200357923	4487.436531819025
1.9692	1510.113089925257	4490.483241487419
1.9702	1511.128831723774	4493.530466882969
1.9712	1512.144745373174	4496.578207831169
1.9722	1513.1608308153352	4499.626464157653
1.9732	1514.1770879921876	4502.67523568821
1.9742	1515.1935168457076	4505.72452224877
1.9752	1516.2101173179224	4508.774323665415
1.9762	1517.2268893509079	4511.824639764371
1.9772	1518.2438328867875	4514.87547037201
1.9782	1519.2609478677348	4517.926815314851
1.9792	1520.2782342359721	4520.9786744195635
1.9802	1521.295691933769	4524.0310475129545
1.9812	1522.3133209034454	4527.083934421984
1.9822	1523.3311210873683	4530.137334973752
1.9832	1524.3490924279542	4533.19124899551
1.9842	1525.3672348676675	4536.24567631465
1.9852	1526.3855483490213	4539.300616758711
1.9862	1527.404032814576	4542.356070155375
1.9872	1528.422688206941	4545.412036332471
1.9882	1529.4415144687744	4548.46851511797
1.9892	1530.4605115427812	4551.525506339991
1.9902	1531.4796793717144	4554.583009826791
1.9912	1532.4990178983762	4557.641025406776
1.9922	1533.518527065615	4560.6995529084925
1.9932	1534.5382068163294	4563.758592160635
1.9942	1535.5580570934626	4566.818142992035
1.9952	1536.5780778400083	4569.878205231672
1.9962	1537.5982689990055	4572.938778708664
1.9972	1538.6186305135434	4575.9998632522775
1.9982	1539.639162326756	4579.0614586919155
1.9992	1540.6598643818263	4582.123564857126
2.0002	1541.6807366219844	4585.186181577601
2.0012	1542.7017789905071	4588.249308683169
2.0022	1543.7229914307204	4591.312946003809
2.0032	1544.7443738859943	4594.3770933696305
2.0042	1545.7659262997486	4597.441750610894
2.0052	1546.7876486154487	4600.506917557995
2.0062	1547.8095407766082	4603.572594041473
2.0072	1548.831602726786	4606.638779892007
2.0082	1549.8538344095896	4609.705474940417
2.0092	1550.876235768672	4612.772679017664
2.0102	1551.8988067477337	4615.84039195485
2.0112	1552.921547290521	4618.908613583212
2.0122	1553.944457340828	4621.977343734133
2.0132	1554.9675368424944	4625.0465822391325
2.0142	1555.9907857394076	4628.116328929872
2.0152	1557.0142039754992	4631.186583638147
2.0162	1558.0377914947496	4634.257346195898
2.0172	1559.0615482411838	4637.328616435201
2.0182	1560.0854741588748	4640.400394188274
2.0192	1561.1095691919395	4643.472679287467
2.0202	1562.1338332845423	4646.545471565276
2.0212	1563.1582663808942	4649.618770854331
2.0222	1564.1828684252514	4652.692576987402
2.0232	1565.2076393619154	4655.7668897973945
2.0242	1566.2325791352346	4658.8417091173515
2.0252	1567.2576876896032	4661.9170347804575
2.0262000000000002	1568.2829649694615	4664.992866620032
2.0272	1569.3084109192935	4668.069204469528
2.0282	1570.3340254836312	4671.146048162541
2.0292	1571.3598086070506	4674.2233975328
2.0302000000000002	1572.3857602341748	4677.301252414172
2.0312	1573.4118803096706	4680.37961264066
2.0322	1574.4381687782516	4683.458478046402
2.0332	1575.4646255846753	4686.537848465673
2.0342000000000002	1576.4912506737464	4689.617723732887
2.0352	1577.5180439903131	4692.698103682586
2.0362	1578.5450054792693	4695.7789881494555
2.0372	1579.5721350855547	4698.860376968311
2.0382000000000002	1580.5994327541532	4701.942269974107
2.0392	1581.6268984300937	4705.024667001929
2.0402	1582.6545320584505	4708.107567886999
2.0412	1583.6823335843426	4711.190972464676
2.0422000000000002	1584.7103029529344	4714.2748805704505
2.0432	1585.7384401094337	4717.359292039948
2.0442	1586.7667449990934	4720.444206708928
2.0452	1587.795217567212	4723.529624413283
2.0462000000000002	1588.823857759132	4726.615544989044
2.0472	1589.8526655202395	4729.701968272367
2.0482	1590.8816407959669	4732.788894099549
2.0492	1591.9107835317893	4735.876322307016