4.00000001e-15	6.302945748716805e-26	4.351707029680875e-12
4.73000011e-15	6.302945614818121e-25	4.385181901361303e-12
4.7599999e-15	6.302945614818122e-24	4.407498337424682e-12
4.91000012e-15	6.302945960723054e-23	4.546975920553448e-12
6.99000006e-15	7.551104552555234e-22	6.471769917429146e-12
9.89999996e-15	8.736777248382057e-21	9.149743617496096e-12
2.71999999e-14	1.0609016168266013e-19	2.5161794911850037e-11
1.27e-13	3.632001829948672e-18	1.1827716915866996e-10
6.93000019e-13	1.185672907833073e-16	6.415978632001786e-10
6.29500011e-12	6.08078550546753e-15	5.824592948002679e-9
1.58099991e-11	3.1003124302611025e-14	1.4628431042178087e-8
3.97200016e-11	1.517072015175184e-13	3.6749608457933496e-8
9.97599989e-11	7.182883240348137e-13	9.22785101539835e-8
2.50600013e-10	3.286319950903816e-12	2.318678910957376e-7
6.29399977e-10	1.4465520754295918e-11	5.824592479357286e-7
1.581e-9	6.08770373800491e-11	1.4628431488507032e-6
3.97200006e-9	2.44063831733988e-10	3.6755189243472444e-6
4.99999997e-9	3.281968243695604e-10	4.626757397902255e-6
9.97599958e-9	8.955255713010489e-10	9.233429602767239e-6
1.98999999e-8	2.3919883842892214e-9	0.000018422227181432718
3.97199997e-8	6.278062742691364e-9	0.00003676076869002455
7.9240003e-8	1.6250836532024102e-8	0.00007336532325373801
1.58099994e-7	4.16625735326936e-8	0.00014639588819459942
1.98999999e-7	5.453023833965633e-8	0.00018433386074536936
3.15499989e-7	1.0165922706985048e-7	0.00029217806962731534
4.99999999e-7	1.8903147176969427e-7	0.00046312206427136807
6.29400006e-7	2.5767685114929705e-7	0.0005830171702744923
7.92399987e-7	3.1427137022985945e-7	0.0007342111002008481
9.97599955e-7	4.2810757754965417e-7	0.000924458816112475
1.58099999e-6	7.937960432939077e-7	0.0014650748047310871
2.5060001e-6	1.4703190805623745e-6	0.002323142055344789
3.97199983e-6	2.7221601762999334e-6	0.003682771814327159
4.99999987e-6	3.533363099754519e-6	0.0046373577214907395
6.29399983e-6	4.806516235215354e-6	0.005835750937290783
7.92399987e-6	6.540169783530463e-6	0.007353269471100201
9.976e-6	8.892769939745593e-6	0.00925574675295693
0.00001256	0.000012094398348582906	0.011660343673287213
0.0000158099992	0.000015620397121178308	0.014678642936844455
0.0000199000006	0.00002124302644498996	0.018483597411292123
0.0000250600006	0.000028880830841330063	0.02327605434054899
0.0000315500001	0.00003712564126311091	0.02931265286766347
0.0000397199983	0.00005047980272260657	0.03691698437848694
0.0000499999987	0.0000686465036822138	0.046485161459495654
0.000062940002	0.00009329613847355502	0.058524884735550106
0.0000792400024	0.00012686900357063158	0.07375585817897791
0.00009976	0.00016207320464182103	0.09283642021870118
0.000110499997	0.00018047310421780854	0.10287881834411962
0.000125599996	0.00020531130997545192	0.1169381856728409
0.000158099996	0.0002791452756081232	0.14728854831510826
0.000199000002	0.0003629546942646731	0.18550547199285877
0.0002	0.0003650583071244091	0.1864427078218159
0.0012000000000000001	0.0013466049411602658	1.1275971610957916
0.0022	0.002455108305668602	2.0687210373335083
0.0032	0.003812223176184099	3.010410550403603
0.0042	0.00538453801925565	3.9525640867652974
0.0052	0.007134838681918645	4.895111985067526
0.0062	0.009044443181747304	5.8380104901013175
0.0072	0.011099364315429313	6.781227311407052
0.0082	0.013288901261313737	7.724737450537292
0.009200000000000002	0.015604610713678623	8.668520813741077
0.0102	0.018033409631717817	9.612558595061211
0.0112	0.020505512812134464	10.556730787990277
0.0122	0.023087108438694996	11.50112383819123
0.013200000000000002	0.0257739995532562	12.445728602883358
0.0142	0.028562663455212786	13.390537008864367
0.0152	0.031449606836899825	14.335541873601262
0.0162	0.03442993250588643	15.280736732629403
0.0172	0.03749984098749626	16.226115617641124
0.0182	0.0406571913050229	17.17167303310889
0.0192	0.04390013513517734	18.11740397032575
0.0202	0.04722705595615242	19.063303846500872
0.0212	0.05063651811980404	20.009368452929035
0.022199999999999998	0.05412729004743355	20.955593910502834
0.0232	0.05769824893538725	21.90197663435267
0.0242	0.06134836126500594	22.848513300465324
0.0252	0.06507672474904518	23.795200816966066
0.0262	0.06888215271175198	24.74203630175704
0.0272	0.07276301851332856	25.689017047765628
0.0282	0.07671859747870441	26.63614048702494
0.0292	0.08074833184449286	27.583404208046115
0.030199999999999998	0.08485161340449376	28.530805945497224
0.0312	0.08902779049961673	29.478343564017706
0.0322	0.0932764340473618	30.426015044257284
0.0332	0.09759716347386396	31.37381847900477
0.0342	0.10198954068710106	32.32175206453476
0.0352	0.10645322123638964	33.269814089825545
0.0362	0.11098806322383567	34.218002931281184
0.0372	0.11559375913704706	35.16631705114506
0.0382	0.12027010983823767	36.11475498608987
0.0392	0.1250171501159142	37.06331534417254
0.0402	0.12983467873582133	38.01199680540841
0.0412	0.13472257697679882	38.96079811049381
0.0422	0.13968094847126475	39.9097180583601
0.0432	0.14470974084294005	40.85875550735179
0.044199999999999996	0.14980900835587746	41.807909367463516
0.0452	0.1549789772031646	42.75717859922752
0.0462	0.16021964105838632	43.70656221421107
0.0472	0.16553117635641923	44.656059266635616
0.0482	0.17091398133254293	45.60566885450964
0.0492	0.1763679531246349	46.555390121601334
0.0502	0.18189366736191254	47.50522224433112
0.0512	0.18749113277333576	48.455164443459736
0.0522	0.1931608308632501	49.40521597033053
0.0532	0.19890327656239823	50.355376114188715
0.0542	0.2047185931566396	51.30564420072618
0.0552	0.21060750181447305	52.25601958274337
0.0562	0.21657037464487996	53.206501649607226
0.0572	0.22260844880929836	54.15708981894819
0.0582	0.2287206199446183	55.10778355054114
0.0592	0.23490676916203287	56.05858230373305
0.0602	0.24116913023091957	57.00948555397167
0.0612	0.24750845480786576	57.96049283133996
0.0622	0.25392571717999307	58.911603693510415
0.0632	0.26041898510085776	59.86281772820394
0.06420000000000001	0.2669886841609279	60.81413450558007
0.06520000000000001	0.27363944416555525	61.76555361549048
0.06620000000000001	0.28036727659695426	62.71707473187765
0.06720000000000001	0.2871750944980117	63.668697477943866
0.06820000000000001	0.29406381903158846	64.62042153154475
0.06920000000000001	0.3010338192011497	65.57224659350575
0.07020000000000001	0.30808461524412134	66.52417237867174
0.07120000000000001	0.3152171940765611	67.47619860316374
0.07220000000000001	0.32243699818914	68.42832500476293
0.0732	0.3297434993943958	69.38055140391008
0.0742	0.3371233080226217	70.33287761959562
0.0752	0.34459831811723785	71.28530329373773
0.0762	0.3521674356277128	72.23782836974115
0.0772	0.35982752148775743	73.19045277820557
0.0782	0.367606926234025	74.14317641087207
0.0792	0.37481348183519336	75.09599952067704
0.08020000000000001	0.37885524255848085	76.04891372182436
0.08120000000000001	0.38297161370299737	77.00187833184754
0.08220000000000001	0.3894763631122305	77.95489358301425
0.08320000000000001	0.3983469302324397	78.90798790048791
0.08420000000000001	0.40734762614073755	79.86118883481964
0.08520000000000001	0.4164794581338039	80.81449666523973
0.08620000000000001	0.42574367166914845	81.76791167624049
0.08720000000000001	0.43514166579710917	82.72143416016175
0.0882	0.4446751108962586	83.6750644186695
0.0892	0.4543447188360364	84.62880276555373
0.0902	0.4641514740121612	85.58264951554709
0.0912	0.474097122043752	86.53660498729965
0.0922	0.48418342862232344	87.49066951161116
0.0932	0.49441163935774685	88.44484343126942
0.0942	0.5047830483942665	89.39912709507071
0.0952	0.5152990771874247	90.35352085814331
0.09620000000000001	0.525961336951024	91.30802508307968
0.09720000000000001	0.5366146896961238	92.26264014169338
0.09820000000000001	0.5467139821125565	93.21736481520213
0.09920000000000001	0.5566912044166941	94.17219233844936
0.10020000000000001	0.567126688569493	95.12712043464145
0.10120000000000001	0.5784617819860541	96.08215266437021
0.10220000000000001	0.5904690672200962	97.03729689032801
0.10320000000000001	0.602653666595364	97.99255860349332
0.10420000000000001	0.6150171565314625	98.94793838357825
0.1052	0.6275611030174916	99.90343681429705
0.1062	0.640287062079454	100.85905448315295
0.1072	0.653196579684318	101.81479198123718
0.1082	0.6662874096590521	102.77064990303477
0.1092	0.6795436944673275	103.72662881153947
0.1102	0.6929577409962944	104.68272911410992
0.11120000000000001	0.7065301144251913	105.63895114076233
0.11220000000000001	0.720261364625917	106.5952952206601
0.11320000000000001	0.7341520262574083	107.55176168200016
0.11420000000000001	0.7482026188614208	108.50835085190418
0.11520000000000001	0.7624136469596252	109.46506305631445
0.11620000000000001	0.7767856001518277	110.42189861989421
0.11720000000000001	0.7913189532153456	111.37885786593225
0.11820000000000001	0.8060141662052952	112.33594111625158
0.11920000000000001	0.8208716845558315	113.29314869112214
0.1202	0.835891939182117	114.25048090917714
0.1212	0.8510753465830045	115.2079380873332
0.1222	0.8664223089444485	116.16552054071386
0.1232	0.8819332142433529	117.12322858257639
0.1242	0.8976084363520205	118.08106252424201
0.1252	0.9134483351431105	119.03902267502909
0.1262	0.9294532565946839	119.99710934218916
0.1272	0.9456235328959144	120.95532283084614
0.1282	0.9619594825529112	121.913663443938
0.1292	0.9784614104947558	122.87213148216122
0.1302	0.9951296081798351	123.83072724391766
0.1312	1.0119643537021987	124.78945102526414
0.1322	1.028965924704344	125.74830311986405
0.1332	1.0461346491904497	126.70728381903766
0.1342	1.0634708347749982	127.66639341219313
0.13520000000000001	1.0809745672824462	128.6256321867203
0.13620000000000002	1.0986460060230927	129.58500042639173
0.13720000000000002	1.116485365141104	130.5444984119819
0.13820000000000002	1.1344928319205543	131.50412642173347
0.13920000000000002	1.1526685811843593	132.46388473121755
0.14020000000000002	1.171012775401975	133.42377361330188
0.14120000000000002	1.1895255647970022	134.3837933381205
0.14220000000000002	1.208207087454614	135.34394417304517
0.14320000000000002	1.2270574694287384	136.3042263826582
0.14420000000000002	1.2460768248490028	137.26464022872688
0.1452	1.2652652560275537	138.2251859701794
0.1462	1.2846228535655768	139.18586386308226
0.1472	1.30414969645958	140.14667416061846
0.1482	1.3238458522073735	141.1076171130679
0.1492	1.3437113769138456	142.0686929677882
0.1502	1.3637463153964233	143.02990196919737
0.1512	1.38395070129022	143.9912443587572
0.1522	1.4043245571529135	144.95272037495803
0.1532	1.424867894569278	145.91433025330448
0.1542	1.4455807142554942	146.87607422630236
0.1552	1.4664630061629638	147.83795252344652
0.1562	1.4875147495819525	148.79996537120962
0.1572	1.508735913244851	149.76211299303196
0.1582	1.5301264554290288	150.7243956093123
0.1592	1.551686324059489	151.68681343739917
0.1602	1.5734154574943429	152.64936669158368
0.1612	1.5954192534601679	153.61205558309675
0.1622	1.6179369651563518	154.57488097114958
0.1632	1.6402383608746767	155.53784518818335
0.1642	1.6623233274044222	156.50094605803937
0.1652	1.6841917536095543	157.46418143037607
0.16620000000000001	1.705843530394925	158.42754918021276
0.16720000000000002	1.7272785506732302	159.39104720748418
0.16820000000000002	1.748496709332706	160.35467343660537
0.16920000000000002	1.7694979032055433	161.31842581604684
0.17020000000000002	1.790282031036999	162.28230231791946
0.17120000000000002	1.8108489934551828	163.24630093756906
0.17220000000000002	1.8311986929415063	164.21041969318026
0.17320000000000002	1.8513310338017672	165.17465662538928
0.17420000000000002	1.871245922137864	166.13900979690573
0.17520000000000002	1.8909432658201033	167.10347729214251
0.1762	1.9104229744601111	168.06805721685453
0.1772	1.9296849593843075	169.03274769778514
0.1782	1.9487291336079398	169.9975468823204
0.1792	1.9675554118096594	170.96245293815093
0.1802	1.9861637103066312	171.9274640529416
0.1812	2.004553947030149	172.89257843400776
0.1822	2.0227260415017576	173.85779430799894
0.1832	2.04067991480986	174.82310992058925
0.1842	2.0584154895868014	175.78852353617432
0.1852	2.0759326899864123	176.7540334375748
0.1862	2.093231441662005	177.7196379257461
0.1872	2.11031167174481	178.68533531949424
0.1882	2.127173308822836	179.65112395519773
0.1892	2.1438162829201524	180.61700218653513
0.1902	2.160240525476574	181.58296838421833
0.1912	2.1764459693277454	182.54902093573142
0.1922	2.1924325486856078	183.51515824507462
0.1932	2.2082001991192497	184.4813787325139
0.1942	2.2237488575361155	185.44768083433516
0.1952	2.2390784621635818	186.41406300260383
0.1962	2.2541889525308796	187.3805237049291
0.19720000000000001	2.2690802694513565	188.34706142423275
0.19820000000000002	2.283752355005075	189.31367465852287
0.19920000000000002	2.298205152521735	190.2803619206718
0.20020000000000002	2.312438606563912	191.24712173819853
0.20120000000000002	2.3264526629106097	192.2139526530555
0.20220000000000002	2.3402472685411064	193.18085322141917
0.20320000000000002	2.3538223716191093	194.14782201348527
0.20420000000000002	2.367177921477186	195.11485761326736
0.20520000000000002	2.380313868601483	196.08195861839963
0.20620000000000002	2.3932301646167202	197.04912363994347
0.20720000000000002	2.405926762271453	198.0163513021976
0.20820000000000002	2.4184036154235935	198.98364024251165
0.2092	2.430660679026197	199.95098911110378
0.2102	2.442697909113493	200.91839657088104
0.2112	2.45451526278716	201.8858612972636
0.2122	2.466112698202847	202.85338197801204
0.2132	2.4774901745569244	203.82095731305776
0.2142	2.4886476520734635	204.78858601433672
0.2152	2.4995850919914435	205.756266805626
0.2162	2.5103024565521768	206.72399842238354
0.2172	2.520799708986944	207.6917796115906
0.2182	2.531076813504848	208.65960913159716
0.2192	2.5411337352808627	209.62748575197023
0.2202	2.5509704404440905	210.59540825334452
0.2212	2.5605868960662104	211.56337542727618
0.2222	2.5699830701501245	212.53138607609884
0.2232	2.5791589316187853	213.49943901278223
0.2242	2.588114450304213	214.46753306079353
0.2252	2.59684959693669	215.43566705396074
0.2262	2.6053643431341333	216.40383983633888
0.2272	2.613658661391636	217.37205026207795
0.22820000000000001	2.621732525071186	218.34029719529386
0.22920000000000001	2.6295859083915394	219.30857950994096
0.23020000000000002	2.637218786418267	220.27689608968714
0.23120000000000002	2.644631135053949	221.2452458277908
0.23220000000000002	2.6518229310285353	222.21362762698007
0.23320000000000002	2.658794151889852	223.1820403993341
0.23420000000000002	2.665544775994258	224.1504830661662
0.23520000000000002	2.67207478249745	225.11895455790895
0.23620000000000002	2.6788761328699735	226.08745381400144
0.23720000000000002	2.6879498916665416	227.05598185864943
0.23820000000000002	2.699428738431999	228.02454815020445
0.23920000000000002	2.7133130054800656	228.99316262508202
0.2402	2.7296030977606383	229.96183513800563
0.2412	2.7482994920740142	230.93057546332946
0.2422	2.769402736300994	231.89939329633597
0.2432	2.792913448648491	232.86829825450872
0.2442	2.8188323169102993	233.83729987878124
0.2452	2.8471600977426843	234.80640763476256
0.2462	2.877897615954447	235.77563091393947
0.2472	2.9110457638111615	236.74497903485667
0.2482	2.946605500353247	237.71446124427484
0.2492	2.9845778507275873	238.68408671830744
0.2502	3.0249639055323794	239.6538645635363
0.2512	3.0677648201749403	240.6238038181071
0.2522	3.1129818142421755	241.5939134528046
0.2532	3.1606161708834337	242.5642023721085
0.2542	3.210669236205488	243.53467941523
0.2552	3.263142418679366	244.5053533571298
0.2562	3.3180371885587983	245.47623290951782
0.2572	3.3753550773100067	246.447326721835
0.2582	3.435097677052609	247.41864338221745
0.2592	3.497266640011413	248.39019141844398
0.2602	3.5618636779788337	249.36197929886623
0.2612	3.6288905617877534	250.33401543332303
0.2622	3.698349120794575	251.30630817403838
0.2632	3.7702412423722733	252.27886581650395
0.2642	3.8445688714132107	253.25169660034604
0.2652	3.9213340098415572	254.22480871017774
0.2662	4.000538716135079	255.19821027643633
0.2672	4.082185104856115	256.1719093762062
0.2682	4.166275346191558	257.14591403402784
0.2692	4.252811665501669	258.12023222269306
0.2702	4.341796342877486	259.09487186402635
0.2712	4.433231712706768	260.0698408296538
0.2722	4.527120163248153	261.0451469417581
0.2732	4.623464136213512	262.0207979738218
0.2742	4.722266126358229	262.9968016513575
0.2752	4.823528681079298	263.97316565262616
0.2762	4.927254400021099	264.9498976093438
0.2772	5.033445934688604	265.92700510737563
0.2782	5.142105988068046	266.90449568742
0.2792	5.253237314254687	267.8823768456801
0.2802	5.366842718087751	268.8606560345253
0.2812	5.482925054792224	269.83934066314146
0.2822	5.601487229627471	270.8184380981709
0.2832	5.722532197542572	271.797955664342
0.2842	5.846062962838102	272.77790064508866
0.2852	5.972082578834409	273.7582802831597
0.2862	6.100594147546182	274.739101781219
0.2872	6.231600819363125	275.7203723024355
0.2882	6.365105792736769	276.7020989710645
0.28919999999999996	6.501112313873173	277.68428887301917
0.29019999999999996	6.639623676431531	278.66694905643385
0.29119999999999996	6.780643221228395	279.6500865322177
0.29219999999999996	6.924174335947602	280.6337082746002
0.29319999999999996	7.070220454855728	281.6178212216686
0.29419999999999996	7.218785058522883	282.602432275896
0.29519999999999996	7.3698716735488565	283.5875483046622
0.29619999999999996	7.523483872294512	284.57317614076635
0.29719999999999996	7.679625272618265	285.55932258293143
0.29819999999999997	7.83829953761762	286.54599439630164
0.29919999999999997	7.999510375375593	287.5331983129316
0.30019999999999997	8.163261538712064	288.52094103226864
0.30119999999999997	8.329556824939829	289.5092292216277
0.30219999999999997	8.498400075625405	290.4980695166593
0.30319999999999997	8.669795176354302	291.4874685218097
0.30419999999999997	8.843746056500994	292.47743281077555
0.30519999999999997	9.020256689003137	293.46796892695056
0.30619999999999997	9.199331090140287	294.4590833838664
0.3072	9.380973319316855	295.45078266562683
0.3082	9.565187478849236	296.4430732273353
0.3092	9.751977713757114	297.4359614955165
0.3102	9.941348211558825	298.4294538685319
0.3112	10.133303202070726	299.42355671698897
0.3122	10.327846957210445	300.4182763841448
0.3132	10.524983790804033	301.4136191863036
0.3142	10.724718058396931	302.40959141320894
0.3152	10.927054157068586	303.4061993284298
0.3162	11.131996525250802	304.40344916974163
0.3172	11.33954964254972	305.401347149502
0.3182	11.549718029571261	306.3998994550206
0.3192	11.762506247750098	307.3991122489242
0.3202	11.977918899182095	308.3989916695168
0.3212	12.195960626460073	309.3995438311343
0.3222	12.416636112512911	310.4007748244945
0.3232	12.63995008044789	311.40269071704216
0.3242	12.865907293396297	312.4052975532895
0.3252	13.094512554362122	313.40860135515146
0.3262	13.32577070607396	314.41260812227745
0.3272	13.559686630839861	315.4173238323773
0.3282	13.796265250405233	316.4227544415435
0.3292	14.035511525813773	317.42890588456913
0.3302	14.277430457271224	318.43578407526144
0.3312	14.522027084012036	319.44339490675077
0.3322	14.769306484168826	320.45174425179584
0.3332	15.01927377464471	321.460837963085
0.3342	15.271934110988212	322.4706818735329
0.3352	15.527292687271066	323.4812817965741
0.3362	15.785354735968456	324.49264352645184
0.3372	16.04612552784207	325.504772838504
0.3382	16.3096103718256	326.51767548944457
0.3392	16.57581461491277	327.53135721764164
0.3402	16.844743642047973	328.54582374339213
0.3412	17.11640287601926	329.5610807691926
0.3422	17.39079777735376	330.57713398000647
0.3432	17.667933844215558	331.59398904352844
0.3442	17.947816612305783	332.6116516104446
0.3452	18.230451654765222	333.6301273146902
0.3462	18.515844582078994	334.6494217737033
0.3472	18.804001041983582	335.6695405886759
0.3482	19.094926719376108	336.69048934480145
0.3492	19.388627336225706	337.71227361151944
0.3502	19.68510865148707	338.7348989427568
0.3512	19.984376461016232	339.75837087716667
0.35219999999999996	20.28643659748816	340.7826949383636
0.35319999999999996	20.591294930316817	341.8078766351567
0.35419999999999996	20.89895736557681	342.83392146177874
0.35519999999999996	21.209429845927353	343.86083489811364
0.35619999999999996	21.522718350538103	344.8886224099204
0.35719999999999996	21.838828895016928	345.91728944905475
0.35819999999999996	22.15776753133959	346.9468414536877
0.35919999999999996	22.479540347781356	347.97728384852184
0.36019999999999996	22.804153468850437	349.00862204500487
0.36119999999999997	23.131613055223294	350.0408614415406
0.36219999999999997	23.46192530368177	351.07400742369737
0.36319999999999997	23.79509644705191	352.10806536441396
0.36419999999999997	24.13113275414473	353.14304062420337
0.36519999999999997	24.47004052969859	354.1789385513539
0.36619999999999997	24.811826114323303	355.2157644821279
0.36719999999999997	25.15649588444593	356.2535237409581
0.36819999999999997	25.5040562522584	357.29222164064225
0.3692	25.854513665666484	358.3318634825345
0.3702	26.20787460824072	359.37245455673553
0.3712	26.56414559916876	360.41400014228003
0.3722	26.92333319320928	361.45650550732176
0.3732	27.285443980647614	362.4999759093173
0.3742	27.650484587252798	363.5444165952069
0.3752	28.01846167423617	364.5898328015937
0.3762	28.38938193821152	365.63622975492086
0.3772	28.763252111156728	366.6836126716468
0.3782	29.140078960376744	367.7319867584181
0.3792	29.51986928846828	368.781357212241
0.3802	29.902629933285606	369.83172922065063
0.3812	30.288367767908085	370.88310796187847
0.3822	30.67708970060884	371.9354986050179
0.3832	31.06880267482497	372.98890631018827
0.3842	31.463513669129085	374.0433362286966
0.3852	31.861229697202145	375.09879350319807
0.3862	32.26195780780772	376.15528326785454
0.3872	32.66570508476739	377.2128106484911
0.3882	33.07247864693775	378.27138076275156
0.3892	33.48228564818835	379.33099872025167
0.3902	33.89513327738116	380.3916696227311
0.3912	34.31102875835122	381.4533985642038
0.3922	34.729979349888346	382.51619063110604
0.3932	35.15199234572051	383.5800509024445
0.3942	35.57707507449782	384.64498444994075
0.3952	36.005234899778294	385.7109963381761
0.3962	36.43647922001443	386.7780916247337
0.3972	36.87081546854099	387.84627536033963
0.3982	37.308251113564225	388.91555258900286
0.3992	37.74879365815183	389.9859283481529
0.4002	38.19245064022434	391.05740766877705
0.4012	38.63922963254753	392.1299955755554
0.4022	39.089138242725895	393.20369708699513
0.4032	39.542184113197344	394.278517215563
0.4042	39.99837492122883	395.3544609678168
0.4052	40.457718378913086	396.43153334453524
0.4062	40.92022223316659	397.5097393408469
0.4072	41.38589426572832	398.58908394635756
0.4082	41.854742293159696	399.6695721452763
0.4092	42.326774166845546	400.7512089165406
0.4102	42.80199777299607	401.8339992339401
0.4112	43.280421032649734	402.9179480662391
0.4122	43.762051901677374	404.00306037729797
0.4132	44.24689837078696	405.08934112619323
0.4142	44.73496846552967	406.1767952673368
0.4152	45.22627024630671	407.2654277505937
0.4162	45.72081180837713	408.3552435213989
0.41719999999999996	46.21860128186664	409.44624752087304
0.41819999999999996	46.719646831777396	410.5384446859371
0.41919999999999996	47.22395665799853	411.6318399494258
0.42019999999999996	47.731538995317806	412.7264382402
0.42119999999999996	48.24240211343406	413.8222444832584
0.42219999999999996	48.756554316970686	414.9192635998476
0.42319999999999997	49.2740039454897	416.0175005075718
0.42419999999999997	49.79475937350713	417.1169601205009
0.42519999999999997	50.31882901050887	418.21764734927797
0.42619999999999997	50.846221300967755	419.31956710122597
0.42719999999999997	51.3769447243611	420.42272428045266
0.42819999999999997	51.91100779518959	421.52712378795565
0.42919999999999997	52.448419062996436	422.6327705217256
0.43019999999999997	52.989187112387974	423.7396693768492
0.43119999999999997	53.5333205630545	424.84782524561047
0.4322	54.08082806979247	425.95724301759225
0.4332	54.631718322527064	427.0679275797757
0.4342	55.18600004633588	428.1798838166395
0.4352	55.7436820014732	429.2931166102582
0.4362	56.30477298339524	430.4076308403995
0.4372	56.869281822786064	431.52343138462106
0.4382	57.43721738558426	432.6405231183659
0.4392	58.008588573010506	433.7589109150575
0.4402	58.583404321595815	434.8785996461941
0.4412	59.16167360321058	435.99959418144175
0.4422	59.743405425094274	437.1218993887269
0.4432	60.328608829886086	438.2455201343284
0.4442	60.91729289565612	439.3704612829683
0.4452	61.50946673593742	440.49672769790226
0.4462	62.1051394997587	441.624324241009
0.4472	62.70432037167787	442.7532557728793
0.4482	63.30701857181613	443.88352715290387
0.4492	63.91324335589281	445.01514323936067
0.4502	64.52300401526118	446.1481088895019
0.4512	65.13630987694461	447.28242895963973
0.4522	65.75317030367347	448.41810830523167
0.4532	66.37359469392308	449.55515178096533
0.4542	66.99759248195183	450.69356424084214
0.4552	67.62517313784049	451.83335053826096
0.4562	68.25634616753165	452.97451552610033
0.4572	68.8911211128705	454.11706405680115
0.4582	69.52950755164548	455.26100098244734
0.4592	70.17151509763043	456.4063311548472
0.4602	70.81715340062667	457.5530594256132
0.4612	71.46643214650625	458.7011906462418
0.4622	72.11936105725553	459.85072966819223
0.4632	72.77594989101956	461.001681342965
0.4642	73.43620844214716	462.1540505221798
0.4652	74.10014654123633	463.30784205765207
0.4662	74.7677740551807	464.46306080147076
0.4672	75.43910088721631	465.61971160607345
0.4682	76.1141369769691	466.77779932432236
0.4692	76.79289230050314	467.9373288095793
0.4702	77.47529887390569	469.09830491578
0.4712	78.16056692676756	470.2607323319106
0.4722	78.84675308358378	471.4246140524442
0.4732	79.53385682668764	472.5899489418427
0.4742	80.22187764041959	473.7567358682736
0.4752	80.91081501111657	474.9249737035906
0.4762	81.60066842710165	476.0946613233144
0.4772	82.29143737867359	477.26579760661417
0.4782	82.98312135809651	478.43838143628835
0.4792	83.67571985958962	479.61241169874614
0.48019999999999996	84.36923237931701	480.78788728398894
0.48119999999999996	85.06365841537784	481.9648070855923
0.48219999999999996	85.75899746779581	483.1431700006871
0.48319999999999996	86.45524903850956	484.3229749299417
0.48419999999999996	87.15241263136276	485.50422077754405
0.48519999999999996	87.85048775209411	486.68690645118346
0.48619999999999997	88.54947390832781	487.87103086203325
0.48719999999999997	89.2493706095638	489.056592924733
0.48819999999999997	89.95017736716811	490.2435915573711
0.48919999999999997	90.65189369436331	491.4320256814669
0.49019999999999997	91.35451910621923	492.62189422195434
0.49119999999999997	92.05805311964332	493.8131961071641
0.49219999999999997	92.76249525337145	495.005930268807
0.49319999999999997	93.46784502795866	496.20009564195675
0.4942	94.17410196576981	497.3956911650335
0.4952	94.8812655909706	498.5927157797871
0.4962	95.5893354295185	499.79116843128065
0.4972	96.29831100915351	500.99104806787363
0.4982	97.00819185938954	502.1923536412063
0.4992	97.71897751150533	503.395084106183
0.5002	98.43066749853563	504.59923842095617
0.5012	99.1432613552624	505.8048155469104
0.5022	99.8567586182063	507.0118144486467
0.5032	100.57115882561793	508.22023409396667
0.5042	101.28646151746914	509.43007345385666
0.5052	102.0026662354447	510.6413315024725
0.5062	102.71977252293377	511.854007217124
0.5072	103.43777992502142	513.0680995782595
0.5082	104.15668798848041	514.283607569451
0.5092	104.87649626176275	515.5005301773782
0.5102	105.59720429499161	516.7188663918148
0.5112	106.31881163995311	517.9386152056123
0.5122	107.04131785008809	519.1597756146862
0.5132	107.76472248048425	520.3823466180004
0.5142	108.48902508786782	521.6063272175531
0.5152	109.21422523059603	522.8317164183627
0.5162	109.94032246864887	524.0585132284523
0.5172	110.66731636362132	525.2867166588361
0.5182	111.39520647871568	526.5163257235054
0.5192	112.12399237873352	527.7473394394134
0.5202	112.85367363006843	528.9797568264626
0.5212	113.58424980069802	530.2135769074896
0.5222	114.31572046017651	531.4487987082522
0.5232	115.04808517962701	532.6854212574148
0.5242	115.78134353173428	533.9234435865353
0.5252	116.51549509073725	535.1628647300518
0.5262	117.25053943242125	536.4036837252678
0.5272	117.9864761341112	537.6458996123403
0.5282	118.72330477466403	538.8895114342656
0.5292	119.46102493446149	540.1345182368667
0.5302	120.19963619540283	541.3809190687792
0.5312	120.93913814089802	542.6287129814394
0.5322	121.6795303558601	543.8778990290702
0.5332	122.42081242669865	545.1284762686694
0.5342	123.16298394131243	546.3804437599956
0.5352	123.9060444890826	547.6338005655567
0.5362	124.6499936608657	548.8885457505966
0.5372	125.39483104898676	550.1446783830824
0.5382	126.14055624723262	551.4021975336926
0.5392	126.8871688508451	552.6611022758046
0.5402	127.63466845651395	553.9213916854816
0.5412	128.38305466237065	555.1830648414613
0.5422	129.13232706798138	556.4461208251432
0.5432	129.88248527434072	557.7105587205771
0.5442	130.6335288838646	558.97637761445
0.5452	131.38545750038435	560.2435765960755
0.5462	132.1382707291398	561.5121547573809
0.5472	132.89196817677293	562.7821111928959
0.5482	133.64654945132173	564.0534449997408
0.5492	134.40201416221336	565.326155277615
0.5502	135.15836192025824	566.6002411287855
0.5512	135.9155923376435	567.8757016580746
0.5522	136.67370502792687	569.1525359728497
0.5532	137.43269960603058	570.4307431830113
0.5542	138.19257568823488	571.7103224009815
0.5552	138.9533328921723	572.9912727416935
0.5562	139.71497083682127	574.2735933225799
0.5572	140.47748914250005	575.5572832635619
0.5582	141.240887430861	576.842341687038
0.5592	142.00516532488444	578.1287677178738
0.5602	142.77032244887266	579.41656048339
0.5612	143.5363584284441	580.7057191133526
0.5622	144.30327289052744	581.9962427399621
0.5632	145.07106546335572	583.2881304978418
0.5642	145.83973577646086	584.5813815240288
0.5652	146.60928346066746	585.875994957962
0.5662	147.3797081480874	587.1719699414728
0.5672	148.15100947211405	588.4693056187739
0.5682	148.92318706741648	589.7680011364491
0.5692	149.69624056993425	591.0680556434436
0.5702	150.47016961687137	592.3694682910531
0.5712	151.24497384669095	593.6722382329137
0.5722	152.02065289910976	594.9763646249925
0.5732	152.79720641509277	596.2818466255767
0.5742	153.57463403684736	597.5886833952641
0.5752	154.35293540781834	598.8968740969532
0.5762	155.13211017268247	600.2064178958334
0.5771999999999999	155.91215797734276	601.5173139593745
0.5781999999999999	156.69307846892394	602.8295614573185
0.5791999999999999	157.47487129576606	604.1431595616681
0.5801999999999999	158.25753610742032	605.4581074466785
0.5811999999999999	159.04107255464308	606.7744042888469
0.5821999999999999	159.82548028939115	608.0920492669037
0.5831999999999999	160.6107589648165	609.4110415618028
0.5841999999999999	161.39690823526092	610.7313803567118
0.5851999999999999	162.18392775625117	612.0530648370034
0.5861999999999999	162.97181718449397	613.3760941902457
0.5871999999999999	163.76057617787066	614.7004676061928
0.5882	164.55020439543244	616.0261842767761
0.5892	165.34070149739537	617.353243396095
0.5902	166.13206714513538	618.6816441604075
0.5912	166.92430100118332	620.0113857681217
0.5922	167.71740272922014	621.3424674197868
0.5932	168.51137199407196	622.6748883180836
0.5942	169.30620846170547	624.0086476678165
0.5952	170.1019117992226	625.3437446759037
0.5962	170.8984816748564	626.6801785513697
0.5972	171.6959177579658	628.0179485053355
0.5982	172.49421971903126	629.3570537510107
0.5992	173.29338722964962	630.6974935036839
0.6002	174.09341996253	632.0392669807155
0.6012	174.89431759148874	633.3823734015285
0.6022	175.69607979144487	634.7268119875997
0.6032	176.4987062384157	636.0725819624519
0.6042	177.30219660951215	637.4196825516453
0.6052	178.10655058293415	638.7681129827694
0.6062	178.91176783796624	640.1178724854341
0.6072	179.717848054973	641.4689602912622
0.6082	180.52479091539482	642.8213756338812
0.6092	181.33259610174323	644.1751177489147
0.6102	182.1412632975965	645.5301858739745
0.6112	182.95079218759545	646.8865792486529
0.6122	183.761182457439	648.2442971145143
0.6132	184.5724337938797	649.6033387150876
0.6142	185.38454588471984	650.9637032958582
0.6152	186.19751841880662	652.3253901042598
0.6162	187.01135108602838	653.6883983896672
0.6172	187.82604357731006	655.0527274033881
0.6182	188.6415955846092	656.4183763986555
0.6192	189.45800680091165	657.7853446306202
0.6202	190.27527692022724	659.1536313563428
0.6212	191.0934056375862	660.5232358347865
0.6222	191.9123926490343	661.8941573268094
0.6232	192.73223765162956	663.2663950951569
0.6242	193.55294034343737	664.6399484044543
0.6252	194.3745004235272	666.0148165211997
0.6262	195.19691759196792	667.3909987137557
0.6272	196.0201915498244	668.7684942523433
0.6282	196.84432199915312	670.1473024090338
0.6292	197.66930864299832	671.5274224577416
0.6302	198.49515118538812	672.9088536742171
0.6312	199.32184933133078	674.2915953360398
0.6322	200.1494027868103	675.6756467226105
0.6332	200.97781125878316	677.061007115145
0.6342	201.80707445517405	678.4476757966663
0.6352	202.63719208487217	679.835652051998
0.6362	203.46816385772766	681.2249351677574
0.6372	204.29998948454732	682.615524432348
0.6382	205.13266867709137	684.0074191359533
0.6392	205.96620114806933	685.4006185705294
0.6402	206.8005866111366	686.7951220297987
0.6412	207.6358247808905	688.1909288092422
0.6422	208.4719153728667	689.5880382060936
0.6432	209.30885810353558	690.9864495193323
0.6442	210.14665269029865	692.3861620496766
0.6452	210.98529885148477	693.7871750995772
0.6462	211.82479630634663	695.1894879732104
0.6472	212.6651447750573	696.5930999764718
0.6482	213.50634397870638	697.9980104169694
0.6492	214.34839363929672	699.4042186040173
0.6502	215.19129347974078	700.8117238486293
0.6512	216.0350432238571	702.2205254635122
0.6522	216.87964259636695	703.6306227630598
0.6532	217.72509132289073	705.0420150633461
0.6542	218.5713891299446	706.454701682119
0.6552	219.41853574493692	707.8686819387942
0.6562	220.26653089616502	709.283955154449
0.6572	221.1153743128117	710.7005206518157
0.6582	221.96506572494192	712.1183777552758
0.6592	222.8156048634994	713.5375257908535
0.6602	223.66699146030322	714.9579640862095
0.6612	224.5192252480446	716.3796919706353
0.6622	225.37230596028354	717.802708775047
0.6632	226.22623333144557	719.2270138319788
0.6642	227.0810070968185	720.6526064755774
0.6652	227.93662699254904	722.0794860415962
0.6662	228.79309275563972	723.5076518673887
0.6672	229.6504041239456	724.9371032919034
0.6682	230.50856083617114	726.3678396556771
0.6692	231.36756263186678	727.7998603008296
0.6702	232.22740925142617	729.2331645710575
0.6712	233.08810043608253	730.6677518116287
0.6722	233.94963592790603	732.1036213693767
0.6732	234.81201546980026	733.5407725926942
0.6742	235.67523880549936	734.9792048315282
0.6752	236.53930567956488	736.4189174373739
0.6762	237.40421583738265	737.8599097632691
0.6772	238.26996902515975	739.3021811637884
0.6782	239.13656498992157	740.7457309950381
0.6792	240.0040034795086	742.1905586146502
0.6802	240.87228424257364	743.6366633817769
0.6812	241.74140702857855	745.0840446570852
0.6822	242.6113715877916	746.5327018027515
0.6832	243.4821776712843	747.982634182456
0.6842	244.35382503092833	749.4338411613772
0.6852	245.2263134193928	750.8863221061866
0.6862	246.09964259014154	752.3400763850437
0.6872	246.97381229742967	753.7951033675898
0.6882	247.84882229630114	755.2514024249434
0.6892	248.7246723425856	756.7089729296946
0.6902	249.60136219289592	758.1678142559001
0.6912	250.47889160462475	759.6279257790775
0.6922	251.3572603359423	761.0893068762006
0.6932	252.23646814579314	762.5519569256938
0.6942	253.11651479389346	764.0158753074272
0.6952	253.99740004072845	765.4810614027112
0.6962	254.87912364754945	766.947514594292
0.6972	255.76168537637093	768.4152342663454
0.6982	256.6450849899683	769.8842198044731
0.6992	257.5293222518746	771.3544705956965
0.7002	258.41439692637823	772.8259860284527
0.7012	259.30030877851976	774.2987654925882
0.7022	260.18705757409003	775.7728083793556
0.7032	261.07464307962647	777.2481140814072
0.7041999999999999	261.96306506241115	778.7246819927906
0.7051999999999999	262.8523232904682	780.2025115089447
0.7061999999999999	263.74241753256047	781.6816020266931
0.7071999999999999	264.6333475581876	783.1619529442409
0.7081999999999999	265.52511313758305	784.6435636611685
0.7091999999999999	266.41771404171163	786.1264335784281
0.7101999999999999	267.3111500422669	787.6105620983379
0.7111999999999999	268.2054209116685	789.0959486245781
0.7121999999999999	269.10052642305993	790.5825925621856
0.7132	269.9964663503054	792.0704933175496
0.7142	270.89324046798794	793.559650298407
0.7152	271.79084855140644	795.0500629138373
0.7162	272.68929037657324	796.5417305742587
0.7172	273.5885657202119	798.0346526914228
0.7182	274.4886743597541	799.5288286784103
0.7192	275.389616073338	801.0242579496265
0.7202	276.2913906398052	802.5209399207968
0.7212	277.19399783869824	804.0188740089617
0.7222	278.0974374502585	805.518059632473
0.7232	279.00170925542363	807.0184962109887
0.7242	279.90681303582517	808.5201831654691
0.7252	280.81274857378605	810.023119918172
0.7262	281.7195156523183	811.5273058926482
0.7272	282.62711405512056	813.0327405137374
0.7282	283.5355435665759	814.5394232075637
0.7292	284.44480397174925	816.0473534015314
0.7302	285.3548950563854	817.5565305243204
0.7312	286.26581660690596	819.0669540058818
0.7322	287.1775684104079	820.5786232774342
0.7332	288.0901502546607	822.0915377714587
0.7342	289.00356192810426	823.6056969216952
0.7352	289.91780321984646	825.1211001631382
0.7362	290.832873919661	826.6377469320319
0.7372	291.74877381798507	828.1556366658666
0.7382	292.6655027059171	829.6747688033747
0.7392	293.58306037521476	831.1951427845261
0.7402	294.50144661829216	832.7167580505238
0.7412	295.4206612282182	834.2396140438009
0.7422	296.340703998714	835.7637102080154
0.7432	297.261574724151	837.2890459880466
0.7442	298.18327319954824	838.815620829991
0.7452	299.10579922057093	840.3434341811583
0.7462	300.0291525835275	841.8724854900671
0.7472	300.9533330853682	843.4027742064418
0.7482	301.87834052368214	844.9342997812071
0.7492	302.80417469669595	846.4670616664854
0.7502	303.7308354032709	848.0010593155921
0.7512	304.6583224429014	849.5362921830323
0.7522	305.58663561571257	851.0727597244961
0.7532	306.51577472245816	852.6104613968555
0.7542	307.4457395645185	854.1493966581597
0.7552	308.37652994389833	855.6895649676321
0.7562	309.30814566322493	857.2309657856658
0.7572	310.24058652574587	858.7735985738203
0.7582	311.1738523353271	860.3174627948174
0.7592	312.1079428964507	861.8625579125373
0.7602	313.04285801421304	863.408883392015
0.7612	313.9785974943226	864.9564386994367
0.7622	314.91516114309815	866.5052233021358
0.7632	315.8525487674666	868.0552366685895
0.7642	316.790760174961	869.6064782684145
0.7652	317.7297951737185	871.1589475723642
0.7662	318.6696535724786	872.7126440523242
0.7672	319.610335180581	874.2675671813092
0.7682	320.5518398079636	875.823716433459
0.7692	321.4941672651606	877.3810912840353
0.7702	322.4373173633008	878.9396912094177
0.7712	323.3812899141052	880.4995156871003
0.7722	324.3260847298853	882.060564195688
0.7732	325.2717016235413	883.6228362148934
0.7742	326.2181404085601	885.1863312255325
0.7752	327.16540089901326	886.7510487095218
0.7762	328.11348290955544	888.3169881498746
0.7772	329.0623862554221	889.8841490306978
0.7782	330.01211075242793	891.4525308371875
0.7792	330.9626562169649	893.0221330556267
0.7802	331.91402246600035	894.592955173381
0.7812	332.8662093170753	896.1649966788959
0.7822	333.8192165883022	897.7382570616926
0.7832	334.77304409836375	899.3127358123653
0.7842	335.72769166651057	900.8884324225775
0.7852	336.68315911255945	902.4653463850584
0.7862	337.6394462568917	904.0434771936001
0.7872	338.5965529204512	905.6228243430538
0.7882	339.55447892474274	907.2033873293267
0.7892	340.5132240918303	908.7851656493787
0.7902	341.4727882443348	910.3681588012188
0.7912	342.43317120543315	911.9523662839025
0.7922	343.3943727988555	913.5377875975278
0.7932	344.3563928488844	915.1244222432322
0.7942	345.3192311803525	916.7122697231896
0.7952	346.28288761864104	918.3013295406072
0.7962	347.2473619896779	919.8916011997218
0.7972	348.2126541199362	921.483084205797
0.7982	349.1787638364324	923.0757780651201
0.7992	350.14569096672454	924.6696822849983
0.8002	351.1134353389106	926.2647963737564
0.8012	352.08199678162697	927.8611198407333
0.8022	353.0513751240464	929.4586521962784
0.8032	354.0215701958766	931.0573929517494
0.8042	354.9925818273587	932.6573416195083
0.8052	355.96440984926505	934.258497712919
0.8062	356.93705409289834	935.8608607463441
0.8072	357.910514390089	937.4644302351413
0.8082	358.8847905731946	939.0692056956611
0.8092	359.85988247509744	940.6751866452433
0.8102	360.835789929203	942.2823726022141
0.8112	361.81251276943885	943.890763085883
0.8122	362.7900508302524	945.5003576165401
0.8132	363.7684039466099	947.111155715453
0.8142	364.7475719539942	948.7231569048636
0.8152	365.7275546884037	950.3363607079851
0.8162	366.7083519863504	951.9507666489998
0.8172	367.6899636848586	953.5663742530551
0.8182	368.67238962146297	955.1831830462614
0.8192	369.65562963420746	956.8011925556889
0.8202	370.6396835616435	958.4204023093647
0.8212	371.62455124282815	960.0408118362697
0.8222	372.61023251732314	961.6624206663362
0.8232	373.59672722519286	963.2852283304449
0.8242	374.5840352070032	964.9092343604217
0.8252	375.57215630381955	966.5344382890353
0.8262	376.56109035720584	968.1608396499942
0.8272	377.55083720922255	969.7884379779438
0.8282	378.5413967024256	971.4172328084637
0.8292	379.53276867986443	973.047223678065
0.8302	380.52495298508086	974.6784101241875
0.8312	381.5179494621076	976.3107916851968
0.8322	382.51175795546624	977.9443679003814
0.8331999999999999	383.5063783101666	979.5791383099505
0.8341999999999999	384.5018103717048	981.215102455031
0.8351999999999999	385.49805398606156	982.8522598776644
0.8361999999999999	386.49510899970136	984.4906101208048
0.8371999999999999	387.49297525957036	986.1301527283156
0.8382	388.4916526130955	987.7708872449671
0.8392	389.4911409081826	989.4128132164337
0.8402	390.49143999321524	991.0559301892915
0.8412	391.49254971705335	992.7002377110156
0.8422	392.4944699290316	994.345735329977
0.8432	393.4972004789579	995.9924225954402
0.8442	394.50074121711236	997.6402990575612
0.8452	395.5050919942457	999.289364267384
0.8462	396.5102526615776	1000.9396177768385
0.8472	397.5162230707959	1002.5910591387377
0.8482	398.5230030740546	1004.2436879067754
0.8492	399.53059252397287	1005.8975036355234
0.8502	400.53899127363354	1007.552505880429
0.8512	401.54819917658165	1009.2086941978122
0.8522	402.5582160868232	1010.8660681448637
0.8532	403.569041858824	1012.524627279642
0.8542	404.5806763475079	1014.1843711610712
0.8552	405.59311940825563	1015.8452993489379
0.8562	406.60637089690357	1017.5074114038896
0.8572	407.6204306697422	1019.170706887431
0.8582	408.635298583515	1020.835185361923
0.8592	409.6509744954171	1022.500846390579
0.8602	410.6674582630936	1024.167689537463
0.8612	411.6847497446389	1025.8357143674875
0.8622	412.7028487985946	1027.5049204464096
0.8632	413.72175528394905	1029.1753073408308
0.8642	414.7414690601354	1030.8468746181927
0.8652	415.76198998703074	1032.5196218467759
0.8662	416.7833179249542	1034.1935485956958
0.8672	417.8054527346667	1035.868654434903
0.8682	418.8283942773685	1037.5449389351782
0.8692	419.8521424146989	1039.2224016681316
0.8702	420.87669700873414	1040.9010422061995
0.8712	421.902057921987	1042.5808601226427
0.8722	422.92822501740494	1044.2618549915437
0.8732	423.95519815836894	1045.9440263878048
0.8742	424.9829772086925	1047.627373887145
0.8752	426.01156203262	1049.3118970660985
0.8762	427.0409524948262	1050.9975955020122
0.8772	428.0711484604137	1052.684468773043
0.8782	429.1021497949133	1054.3725164581558
0.8792	430.1339563642817	1056.0617381371214
0.8802	431.16656803490054	1057.7521333905145
0.8812	432.1999846735752	1059.44370179971
0.8822	433.234206147534	1061.1364429468827
0.8832	434.26923232442624	1062.8303564150037
0.8842	435.3050630723215	1064.5254417878386
0.8852	436.3416982597085	1066.2216986499457
0.8862	437.37913775549345	1067.9191265866725
0.8872	438.4173814289998	1069.6177251841557
0.8882	439.4564291499657	1071.317494029316
0.8892	440.49628078854397	1073.018432709859
0.8902	441.5369362153005	1074.720540814271
0.8912	442.5783953012133	1076.4238179318177
0.8922	443.62065791767054	1078.1282636525411
0.8932	444.6637239364709	1079.8338775672592
0.8942	445.7075932298209	1081.5406592675618
0.8952	446.75226567033457	1083.2486083458093
0.8962	447.7977411310322	1084.957724395131
0.8972	448.844019485339	1086.668007009422
0.8982	449.89110060708435	1088.3794557833419
0.8992	450.9389843705003	1090.0920703123124
0.9002	451.9876706502203	1091.805850192515
0.9012	453.0371593212789	1093.5207950208892
0.9022	454.08745025910986	1095.2369043951305
0.9032	455.0043258640218	1096.9541779136878
0.9042	455.3088437349264	1098.6724667051033
0.9052	455.30884374014823	1100.3910923525707
0.9062	455.3088437516009	1102.1097180000438
0.9072	455.3088437692843	1103.8283436475297
0.9082	455.3088437931986	1105.546969295035
0.9092	455.3088438233437	1107.2655949425666
0.9102	455.3088438597196	1108.9842205901314
0.9112	455.3088439023263	1110.7028462377361
0.9122	455.3088439511639	1112.4214718853877
0.9132	455.30884400623233	1114.1400975330928
0.9142	455.3088440675316	1115.8587231808579
0.9152	455.3088441350617	1117.5773488286902
0.9162	455.30884420882256	1119.2959744765965
0.9172	455.3088442888143	1121.014600124583
0.9182	455.3088443750369	1122.733225772657
0.9192	455.3088444674903	1124.4518514208248
0.9202	455.30884456617446	1126.170477069093
0.9212	455.3088446710895	1127.8891027174686
0.9222	455.3088447822354	1129.607728365958
0.9232	455.3088448996121	1131.3263540145683
0.9242	455.30884502321965	1133.0449796633054
0.9252	455.308845153058	1134.7636053121764
0.9262	455.3088452891272	1136.4822309611877
0.9272	455.30884543142724	1138.2008566103457
0.9282	455.3088455799581	1139.9194822596573
0.9292	455.3088457347197	1141.6381079091288
0.9302	455.3088458957122	1143.3567335587672
0.9312	455.3088460629355	1145.0753592085784
0.9322	455.3088462363897	1146.7939848585695
0.9332	455.3088464160747	1148.5126105087463
0.9342	455.30884660199047	1150.2312361591157
0.9352	455.30884679413714	1151.9498618096843
0.9362	455.30884699251465	1153.6684874604582
0.9372	455.30884719712293	1155.387113111444
0.9382	455.308847407962	1157.1057387626481
0.9392	455.30884762503194	1158.8243644140769
0.9402	455.30884784833273	1160.5429900657368
0.9412	455.30884807786435	1162.2616157176344
0.9422	455.3088483136268	1163.9802413697757
0.9432	455.30884855562005	1165.6988670221672
0.9442	455.30884880384417	1167.4174926748153
0.9452	455.30884905829913	1169.1361183277265
0.9462	455.3088493189849	1170.8547439809067
0.9472	455.30884958590144	1172.5733696343625
0.9482	455.30884985904885	1174.2919952881
0.9492	455.3088501384271	1176.0106209421256
0.9502	455.30885042403617	1177.7292465964454
0.9512	455.3088507158761	1179.447872251066
0.9522	455.30885101394676	1181.1664979059933
0.9532	455.30885131824834	1182.8851235612337
0.9542	455.30885162878076	1184.6037492167934
0.9552	455.308851945544	1186.3223748726784
0.9562	455.308852268538	1188.0410005288952
0.9572	455.30885259776284	1189.7596261854496
0.9582	455.30885293321853	1191.478251842348
0.9592	455.30885327490506	1193.1968774995967
0.9601999999999999	455.3088536228224	1194.915503157201
0.9611999999999999	455.30885397697057	1196.6341288151682
0.9621999999999999	455.3088543373496	1198.3527544735039
0.9632	455.30885470395947	1200.0713801322138
0.9642	455.30885507680017	1201.7900057913046
0.9652	455.30885545587165	1203.5086314507819
0.9662	455.30885584117397	1205.227257110652
0.9672	455.3088562327071	1206.945882770921
0.9682	455.3088566304711	1208.6645084315944
0.9692	455.3088570344659	1210.383134092679
0.9702	455.3088574446915	1212.1017597541802
0.9712	455.308857861148	1213.8203854161045
0.9722	455.3088582838353	1215.5390110784574
0.9732	455.3088587127535	1217.2576367412453
0.9742	455.3088591479024	1218.9762624044736
0.9752	455.3088595892822	1220.6948880681487
0.9762	455.3088600368928	1222.4135137322764
0.9772	455.3088604907342	1224.1321393968626
0.9782	455.3088609508065	1225.8507650619133
0.9792	455.30886141710954	1227.5693907274344
0.9802	455.3088618896435	1229.2880163934317
0.9812	455.30886236840826	1231.006642059911
0.9822	455.30886285340387	1232.7252677268782
0.9832	455.3088633446303	1234.4438933943393
0.9842	455.30886384208753	1236.1625190622997
0.9852	455.3088643457756	1237.8811447307658
0.9862	455.3088648556945	1239.5997703997432
0.9872	455.3088653718442	1241.3183960692377
0.9882	455.3088658942247	1243.037021739255
0.9892	455.3088664228361	1244.7556474098008
0.9902	455.30886695767833	1246.474273080881
0.9912	455.3088674987514	1248.1928987525014
0.9922	455.3088680460553	1249.9115244246675
0.9932	455.30886859958997	1251.6301500973852
0.9942	455.30886915935554	1253.3487757706605
0.9952	455.3088697253519	1255.0674014444987
0.9962	455.30887029757906	1256.7860271189056
0.9972	455.308870876037	1258.5046527938869
0.9982	455.30887146072587	1260.2232784694484
0.9992	455.30887205164555	1261.9419041455956
1.0002	455.30887264879607	1263.6605298223342
1.0012	455.3088732521774	1265.37915549967
1.0022	455.30887386178955	1267.0977811776083
1.0032	455.30887447763257	1268.8164068561553
1.0042	455.3088750997064	1270.5350325353156
1.0052	455.30887572801106	1272.2536582150958
1.0062	455.30887636254647	1273.9722838955008
1.0072	455.3088770033128	1275.6909095765366
1.0082	455.3088776503099	1277.409535258208
1.0092	455.3088783035379	1279.128160940522
1.0102	455.3088789629967	1280.8467866234828
1.0112	455.30887962868627	1282.5654123070967
1.0122	455.30888030060675	1284.2840379913685
1.0132	455.30888097875805	1286.0026636763046
1.0142	455.3088816631402	1287.7212893619096
1.0152	455.30888235375306	1289.4399150481897
1.0162	455.3088830505968	1291.1585407351497
1.0172	455.3088837536714	1292.8771664227957
1.0182	455.30888446297683	1294.5957921111326
1.0192	455.3088851785131	1296.3144178001667
1.0202	455.30888590028013	1298.0330434899022
1.0212	455.30888662827806	1299.7516691803457
1.0222	455.3088873625068	1301.4702948715017
1.0232	455.3088881029664	1303.1889205633763
1.0242	455.3088888496568	1304.9075462559742
1.0252	455.308889602578	1306.6261719493011
1.0262	455.30889036173005	1308.344797643363
1.0272	455.30889112711293	1310.0634233381643
1.0282	455.30889189872664	1311.782049033711
1.0292	455.30889267657113	1313.5006747300079
1.0302	455.3088934606465	1315.2193004270607
1.0312	455.30889425095273	1316.9379261248744
1.0322	455.3088950474898	1318.656551823455
1.0332	455.30889585025767	1320.3751775228066
1.0342	455.30889665925633	1322.0938032229355
1.0352	455.30889747448583	1323.8124289238465
1.0362	455.30889829594616	1325.5310546255453
1.0372	455.30889912363733	1327.2496803280364
1.0382	455.3088999575593	1328.968306031326
1.0392	455.3089007977121	1330.6869317354183
1.0402	455.3089016440958	1332.4055574403196
1.0412	455.3089024967103	1334.124183146034
1.0422	455.30890335555563	1335.842808852568
1.0432	455.30890422063175	1337.5614345599254
1.0442	455.30890509193875	1339.2800602681125
1.0452	455.30890596947654	1340.9986859771338
1.0462	455.30890685324516	1342.7173116869951
1.0472	455.30890774324456	1344.4359373977004
1.0482	455.30890863947485	1346.1545631092563
1.0492	455.308909541936	1347.8731888216669
1.0502	455.30891045062793	1349.5918145349378
1.0512	455.3089113655507	1351.3104402490735
1.0522	455.3089122867043	1353.02906596408
1.0532	455.30891321408876	1354.7476916799617
1.0542	455.30891414770406	1356.4663173967242
1.0552	455.3089150875502	1358.184943114372
1.0562	455.30891603362704	1359.9035688329109
1.0572	455.3089169859348	1361.622194552345
1.0582	455.30891794447336	1363.3408202726805
1.0592	455.3089189092428	1365.0594459939211
1.0602	455.308919880243	1366.7780717160733
1.0612	455.30892085747405	1368.496697439141
1.0622	455.30892184093597	1370.2153231631296
1.0632	455.3089228306287	1371.933948888044
1.0642	455.3089238265523	1373.6525746138893
1.0652	455.3089248287067	1375.3712003406702
1.0662	455.3089258370919	1377.0898260683923
1.0672	455.30892685170795	1378.80845179706
1.0682	455.3089278725548	1380.5270775266783
1.0692	455.3089288996325	1382.2457032572522
1.0702	455.308929932941	1383.9643289887872
1.0712	455.30893097248037	1385.6829547212874
1.0722	455.3089320182506	1387.4015804547582
1.0732	455.3089330702516	1389.120206189204
1.0742	455.3089341284835	1390.8388319246305
1.0752	455.30893519294614	1392.5574576610418
1.0762	455.3089362636397	1394.2760833984435
1.0772	455.30893734056406	1395.9947091368397
1.0782	455.3089384237192	1397.7133348762359
1.0792	455.30893951310514	1399.4319606166364
1.0802	455.30894060872197	1401.1505863580467
1.0812	455.3089417105696	1402.869212100471
1.0822	455.3089428186481	1404.5878378439145
1.0832	455.30894393295745	1406.3064635883818
1.0842	455.30894505349755	1408.025089333878
1.0852	455.30894618026855	1409.7437150804076
1.0862	455.3089473132704	1411.4623408279756
1.0872	455.30894845250305	1413.1809665765863
1.0882	455.3089495979665	1414.8995923262455
1.0892	455.30895074966077	1416.6182180769567
1.0902	455.3089519075859	1418.3368438287257
1.0912	455.3089530717418	1420.0554695815565
1.0922	455.3089542421286	1421.7740953354544
1.0932	455.30895541874617	1423.4927210904236
1.0942	455.3089566015946	1425.2113468464697
1.0952	455.3089577906739	1426.9299726035963
1.0962	455.308958985984	1428.648598361809
1.0972	455.308960187525	1430.3672241211116
1.0982	455.3089613952967	1432.0858498815098
1.0992	455.30896260929933	1433.8044756430072
1.1002	455.30896382953273	1435.5231014056096
1.1012	455.30896505599696	1437.2417271693205
1.1022	455.308966288692	1438.9603529341457
1.1032	455.3089675276179	1440.678978700089
1.1042	455.3089687727746	1442.3976044671556
1.1052	455.3089700241622	1444.1162302353496
1.1062	455.3089712817806	1445.834856004676
1.1072	455.3089725456298	1447.553481775139
1.1082	455.30897381570986	1449.272107546744
1.1092	455.3089750920208	1450.990733319495
1.1102	455.3089763745625	1452.7093590933964
1.1112	455.30897766333504	1454.427984868453
1.1122	455.3089789583384	1456.1466106446696
1.1132	455.3089802595726	1457.8652364220502
1.1142	455.3089815670376	1459.5838622006002
1.1152	455.3089828807335	1461.3024879803233
1.1162	455.3089842006601	1463.0211137612248
1.1172	455.30898552681765	1464.7397395433084
1.1182	455.308986859206	1466.4583653265793
1.1192	455.3089881978252	1468.1769911110414
1.1202	455.30898954267525	1469.8956168967
1.1212	455.30899089375606	1471.6142426835586
1.1222	455.30899225106776	1473.3328684716228
1.1232	455.3089936146103	1475.051494260896
1.1242	455.3089949843836	1476.7701200513839
1.1252	455.3089963603877	1478.4887458430896
1.1262	455.3089977426227	1480.2073716360185
1.1272	455.3089991310885	1481.9259974301744
1.1282	455.30900052578517	1483.6446232255626
1.1292	455.30900192671265	1485.3632490221867
1.1302	455.3090033338709	1487.0818748200516
1.1312	455.3090047472601	1488.800500619161
1.1322	455.30900616688007	1490.5191264195207
1.1332	455.3090075927309	1492.2377522211336
1.1342	455.30900902481255	1493.956378024005
1.1352	455.309010463125	1495.6750038281389
1.1362	455.3090119076683	1497.39362963354
1.1372	455.3090133584424	1499.1122554402125
1.1382	455.30901481544737	1500.830881248161
1.1392	455.3090162786831	1502.549507057389
1.1402	455.3090177481497	1504.2681328679018
1.1412	455.30901922384714	1505.9867586797031
1.1422	455.3090207057754	1507.705384492798
1.1432	455.30902219393454	1509.4240103071897
1.1442	455.30902368832443	1511.1426361228837
1.1452	455.3090251889452	1512.8612619398834
1.1462	455.30902669579683	1514.5798877581938
1.1472	455.3090282088793	1516.2985135778185
1.1482	455.30902972819257	1518.0171393987625
1.1492	455.30903125373663	1519.7357652210292
1.1502000000000001	455.30903278551153	1521.454391044624
1.1512	455.30903432351727	1523.1730168695499
1.1522000000000001	455.30903586775383	1524.8916426958124
1.1532	455.3090374182212	1526.6102685234148
1.1542	455.3090389749194	1528.3288943523617
1.1552	455.3090405378485	1530.0475201826575
1.1562	455.3090421070084	1531.766146014306
1.1572	455.30904368239914	1533.484771847312
1.1582	455.30904526402065	1535.203397681679
1.1592	455.30904685187306	1536.922023517412
1.1602	455.3090484459563	1538.6406493545144
1.1612	455.3090500462704	1540.3592751929912
1.1622	455.30905165281524	1542.0779010328456
1.1632	455.30905326559093	1543.796526874083
1.1642	455.30905488459746	1545.5151527167063
1.1652	455.3090565098348	1547.2337785607206
1.1662	455.309058141303	1548.9524044061295
1.1672	455.309059779002	1550.6710302529377
1.1682	455.30906142293185	1552.3896561011486
1.1692	455.30906307309255	1554.1082819507672
1.1702	455.3090647294841	1555.8269078017966
1.1712	455.30906639210644	1557.545533654242
1.1722	455.3090680609596	1559.2641595081063
1.1732	455.3090697360436	1560.982785363395
1.1742	455.3090714173585	1562.701411220111
1.1752	455.3090731049042	1564.4200370782592
1.1762	455.30907479868074	1566.138662937843
1.1772	455.30907649868806	1567.8572887988673
1.1782	455.3090782049262	1569.5759146613352
1.1792	455.3090799173952	1571.294540525252
1.1802	455.4293120905141	1573.0131663906202
1.1812	456.0583334515958	1574.7318940613864
1.1822	456.79883290940546	1576.4511542436396
1.1832	457.5393754682637	1578.171040800057
1.1842	458.27996075086327	1579.8915532376757
1.1852	459.0205883803134	1581.6126910640476
1.1862	459.76125798013845	1583.3344537872367
1.1872	460.5019691742777	1585.0568409158202
1.1882	461.24272158708425	1586.7798519588853
1.1892	461.98351484332477	1588.50348642603
1.1902	462.7243485681783	1590.2277438273607
1.1912	463.46522238723645	1591.9526236734935
1.1922	464.20613592650164	1593.6781254755504
1.1932	464.9470888123875	1595.4042487451613
1.1942	465.68808067171716	1597.13099299446
1.1952	466.42911113172363	1598.8583577360864
1.1962	467.1701798200479	1600.5863424831823
1.1972	467.91128636473996	1602.3149467493945
1.1982	468.65243039425627	1604.044170048869
1.1992	469.3936115374608	1605.7740118962552
1.2002	470.1348294236227	1607.5044718067002
1.2012	470.8760836824176	1609.2355492958523
1.2022	471.61737394392475	1610.9672438798557
1.2032	472.35869983862847	1612.699555075354
1.2042	473.1000609974159	1614.4324823994857
1.2052	473.8414570515775	1616.1660253698858
1.2062	474.5828876328054	1617.9001835046824
1.2072	475.3243523731936	1619.6349563224987
1.2082	476.0658509052369	1621.3703433424498
1.2092	476.8073828618303	1623.1063440841433
1.2102	477.5489478762684	1624.8429580676768
1.2112	478.2905455822449	1626.580184813639
1.2122	479.03217561385145	1628.3180238431073
1.2132	479.773837605578	1630.0564746776479
1.2142	480.5155311923109	1631.795536839313
1.2152	481.2572560093335	1633.5352098506432
1.2162	481.9990116923244	1635.2754932346634
1.2172	482.7407978773581	1637.0163865148845
1.2182	483.4826142009028	1638.7578892153
1.2192	484.2244602998214	1640.5000008603881
1.2202	484.9663358113694	1642.2427209751074
1.2212	485.7082403731958	1643.9860490848998
1.2222	486.4501736233406	1645.7299847156853
1.2232	487.19213520023635	1647.474527393866
1.2242	487.9341247427055	1649.219676646321
1.2252	488.67614188996134	1650.965432000408
1.2262	489.41818628160644	1652.7117929839621
1.2272	490.16025755763246	1654.458759125294
1.2282	490.90235535841924	1656.2063299531894
1.2292	491.6444793247348	1657.9545049969101
1.2302	492.38662909773376	1659.7032837861898
1.2312	493.1288043189578	1661.4526658512364
1.2322	493.8710046303342	1663.2026507227285
1.2332	494.6132296741758	1664.9532379318175
1.2342	495.35547909317984	1666.7044270101235
1.2352	496.09775253042835	1668.4562174897374
1.2362	496.840049629386	1670.2086089032173
1.2372	497.58237003390127	1671.9616007835912
1.2382	498.32471338820426	1673.715192664352
1.2392	499.0670793369075	1675.4693840794603
1.2402	499.80946752500404	1677.224174563341
1.2412	500.55187759786804	1678.9795636508848
1.2422	501.29430920125304	1680.7355508774444
1.2432	502.0367619812927	1682.4921357788376
1.2442	502.7792355844988	1684.2493178913421
1.2452	503.52172965776185	1686.007096751699
1.2462	504.26424384834945	1687.7654718971078
1.2472	505.0067778039069	1689.5244428652295
1.2482	505.74933117245536	1691.2840091941828
1.2492	506.4919036023925	1693.0441704225454
1.2502	507.2344947424904	1694.8049260893513
1.2512	507.977104241897	1696.566275734092
1.2522	508.71973175013335	1698.3282188967135
1.2532	509.4623769170948	1700.090755117618
1.2542	510.2050393930492	1701.8538839376608
1.2552	510.94771882863733	1703.6176048981515
1.2562	511.6904148748714	1705.381917540851
1.2572	512.4331271831354	1707.1468214079732
1.2582	513.1758554051834	1708.9123160421816
1.2592	513.91859919314	1710.6784009865914
1.2602	514.6613581994997	1712.445075784766
1.2612	515.4041320771254	1714.2123399807185
1.2622	516.1469204792489	1715.9801931189088
1.2632	516.8897230594698	1717.7486347442446
1.2642	517.6325394717552	1719.5176644020794
1.2652	518.3753693704386	1721.2872816382128
1.2662	519.11821241022	1723.0574859988883
1.2672	519.8610682461654	1724.8282770307949
1.2682	520.6039365337052	1726.5996542810633
1.2692	521.3468169286351	1728.371617297268
1.2702	522.0897090871142	1730.1441656274235
1.2712	522.8326126656657	1731.9172988199875
1.2722	523.5755273211751	1733.691016423856
1.2732	524.3184527108908	1735.4653179883658
1.2742	525.0613884924227	1737.2402030632913
1.2752000000000001	525.8043343237424	1739.0156711988463
1.2762	526.5472898631815	1740.79172194568
1.2772000000000001	527.2902547694326	1742.5683548548798
1.2782	528.0332287015475	1744.3455694779673
1.2792000000000001	528.7762113189375	1746.123365366901
1.2802	529.5192022813717	1747.9017420740713
1.2812	530.262201248978	1749.6806991523038
1.2822	531.005207882242	1751.4602361548568
1.2832	531.7482218420054	1753.2403526354196
1.2842	532.4912427894672	1755.0210481481145
1.2852	533.2342703861814	1756.802322247492
1.2862	533.9773042940585	1758.5841744885352
1.2872	534.7203441753627	1760.3666044266536
1.2882	535.4633896927136	1762.1496116176875
1.2892	536.2064405090837	1763.933195617903
1.2902	536.9494962877994	1765.717355983995
1.2912	537.6925566925395	1767.5020922730826
1.2922	538.4356213873353	1769.2874040427123
1.2932	539.1786900365695	1771.073290850854
1.2942	539.9217623049761	1772.8597522559025
1.2952	540.6648378576397	1774.6467878166754
1.2962	541.4079163599954	1776.4343970924142
1.2972	542.1509974778273	1778.2225796427806
1.2982	542.8940808772694	1780.011335027859
1.2992	543.6371662248034	1781.8006628081534
1.3002	544.3802531872599	1783.5905625445885
1.3012	545.1233414318165	1785.3810337985074
1.3022	545.8664306259982	1787.1720761316724
1.3032	546.6095204376762	1788.9636891062623
1.3042	547.3526105350683	1790.7558722848748
1.3052	548.0957005867372	1792.548625230522
1.3062	548.838790261591	1794.3419475066335
1.3072	549.5818792288824	1796.135838677052
1.3082	550.3249671582079	1797.9302983060368
1.3092	551.0680537195074	1799.7253259582583
1.3102	551.8111385830642	1801.520921198802
1.3112	552.5542214195037	1803.3170835931637
1.3122	553.297301899794	1805.1138127072527
1.3132	554.0403796952435	1806.9111081073872
1.3142	554.7834544775029	1808.7089693602977
1.3152	555.5265259185626	1810.5073960331222
1.3162	556.2695936907535	1812.3063876934093
1.3172	557.0126574667456	1814.105943909114
1.3182	557.7557169195485	1815.9060642486008
1.3192	558.4987717225096	1817.7067482806387
1.3202	559.2418215493151	1819.5079955744052
1.3212	559.9848660739883	1821.3098056994818
1.3222	560.7279049708899	1823.1121782258551
1.3232	561.4709379147166	1824.915112723916
1.3242	562.2139645805024	1826.71860876446
1.3252	562.9569846436154	1828.5226659186826
1.3262	563.6999977797602	1830.3272837581846
1.3272	564.4430036649751	1832.132461854966
1.3282	565.1860019756331	1833.9381997814298
1.3292	565.9289923884404	1835.7444971103766
1.3302	566.6719745804374	1837.5513534150095
1.3312	567.4149482289961	1839.3587682689279
1.3322	568.1579130118213	1841.1667412461313
1.3332	568.9008686069496	1842.9752719210155
1.3342	569.6438146927491	1844.7843598683746
1.3352	570.3867509479181	1846.5940046633978
1.3362	571.1296770514859	1848.4042058816708
1.3372	571.8725926828115	1850.214963099174
1.3382	572.6154975215832	1852.0262758922822
1.3392	573.3583912478182	1853.838143837764
1.3402	574.1012735418625	1855.6505665127813
1.3412	574.8441440843898	1857.4635434948882
1.3422	575.5870025564017	1859.2770743620313
1.3432	576.3298486392264	1861.091158692547
1.3442	577.0726820145192	1862.9057960651642
1.3452	577.8155023642611	1864.720986059
1.3462	578.5583093707595	1866.5367282535626
1.3472	579.301102716646	1868.3530222287468
1.3482	580.0438820848782	1870.1698675648381
1.3492	580.7866471587367	1871.9872638425065
1.3502	581.5293976218273	1873.805210642812
1.3512	582.272133158078	1875.6237075471977
1.3522	583.0148534517406	1877.4427541374948
1.3532	583.7575581873889	1879.262349995918
1.3542	584.5002470499192	1881.0824947050676
1.3552	585.2429197245485	1882.9031878479261
1.3562	585.985575896816	1884.7244290078609
1.3572	586.728215252581	1886.5462177686202
1.3582	587.4708374780232	1888.3685537143358
1.3592	588.2134422596417	1890.1914364295196
1.3602	588.9560292842557	1892.014865499065
1.3612	589.6985982390024	1893.8388405082446
1.3622	590.4411488113382	1895.6633610427118
1.3632	591.1836806890368	1897.4884266884976
1.3642	591.9261935601902	1899.3140370320123
1.3652	592.6686871132068	1901.140191660043
1.3662	593.4111610368124	1902.9668901597552
1.3672	594.1536150200479	1904.7941321186893
1.3682	594.8960487522714	1906.6219171247633
1.3692	595.6384619231553	1908.450244766269
1.3702	596.3808542226875	1910.2791146318743
1.3712	597.1232253411697	1912.1085263106197
1.3722	597.8655749692186	1913.9384793919212
1.3732	598.6079027977634	1915.7689734655655
1.3742	599.3502085180475	1917.600008121714
1.3752	600.092491821626	1919.4315829508978
1.3762	600.8347524003675	1921.2636975440212
1.3772	601.5769899464512	1923.0963514923571
1.3782	602.3192041523687	1924.92954438755
1.3792	603.0613947109221	1926.7632758216134
1.3802	603.8035613152243	1928.5975453869298
1.3812	604.5457036586981	1930.432352676249
1.3822	605.2878214350767	1932.2676972826903
1.3832	606.0299143384016	1934.1035787997384
1.3842	606.7719820630238	1935.9399968212465
1.3852	607.5140243036026	1937.7769509414318
1.3862	608.2560407551055	1939.6144407548784
1.3872	608.9980311128073	1941.4524658565347
1.3882	609.7399950722903	1943.2910258417135
1.3892	610.4819323294431	1945.1301203060912
1.3902	611.2238425804611	1946.969748845708
1.3912	611.9657255218455	1948.8099110569658
1.3922	612.7075808504027	1950.6506065366293
1.3932	613.4494082632448	1952.4918348818242
1.3942	614.191207457788	1954.3335956900376
1.3952	614.9329781317529	1956.1758885591164
1.3962	615.6747199831643	1958.018713087268
1.3972	616.4164327103498	1959.8620688730584
1.3982	617.1581160119407	1961.7059555154133
1.3992	617.8997695868702	1963.5503726136149
1.4002000000000001	618.6413931343745	1965.3953197673052
1.4012	619.3829863539908	1967.240796576481
1.4022000000000001	620.1245489455582	1969.0868026414976
1.4032	620.8660806092163	1970.9333375630642
1.4042000000000001	621.607581045406	1972.780400942248
1.4052	622.3490499548676	1974.6279923804686
1.4062000000000001	623.0904870386418	1976.4761114795017
1.4072	623.8318919980678	1978.324757841475
1.4082	624.5732645347845	1980.1739310688713
1.4092	625.3146043507294	1982.0236307645255
1.4102	626.0559111481373	1983.8738565316237
1.4112	626.7971846295417	1985.724607973705
1.4122	627.5384244977727	1987.5758846946583
1.4132	628.2796304559578	1989.4276862987244
1.4142	629.0208022075207	1991.2800123904929
1.4152	629.7619394561817	1993.132862574904
1.4162	630.5030419059564	1994.986236457246
1.4172	631.2441092611558	1996.8401336431557
1.4182	631.9851412263861	1998.6945537386182
1.4192	632.726137506548	2000.549496349966
1.4202	633.4670978068359	2002.4049610838774
1.4212	634.208021832739	2004.260947547379
1.4222	634.9489092900385	2006.1174553478409
1.4232	635.68975988481	2007.9744840929804
1.4242	636.4305733234205	2009.8320333908582
1.4252	637.1713493125301	2011.6901028498803
1.4262	637.9120875590901	2013.548692078795
1.4272	638.6527877703438	2015.4078006866957
1.4282	639.3934496538247	2017.2674282830162
1.4292	640.1340729173581	2019.1275744775348
1.4302	640.8746572690587	2020.9882388803696
1.4312	641.6152024173316	2022.8494211019813
1.4322	642.3557080708706	2024.7111207531693
1.4332	643.0961739386597	2026.5733374450754
1.4342	643.836599729971	2028.436070789179
1.4352	644.576985154365	2030.2993203972999
1.4362	645.3173299216907	2032.1630858815956
1.4372	646.0576337420838	2034.0273668545626
1.4382	646.7978963259677	2035.892162929034
1.4392	647.5381173840532	2037.7574737181806
1.4402	648.2782966273361	2039.6232988355089
1.4412	649.0184337671001	2041.4896378948633
1.4422	649.7585285149131	2043.3564905104213
1.4432	650.4985805826295	2045.223856296698
1.4442	651.2385896823877	2047.0917348685402
1.4452	651.9785555266112	2048.9601258411317
1.4462	652.7184778280076	2050.8290288299872
1.4472	653.4583562995687	2052.6984434509573
1.4482	654.1981906545689	2054.568369320222
1.4492	654.9379806065666	2056.4388060542956
1.4502	655.6777258694025	2058.3097532700235
1.4512	656.4174261572	2060.1812105845825
1.4522	657.1570811843637	2062.053177615478
1.4532	657.8966906655811	2063.9256539805488
1.4542	658.6362543158197	2065.7986392979606
1.4552	659.3757718503288	2067.6721331862095
1.4562	660.1152429846377	2069.5461352641196
1.4572	660.8546674345562	2071.4206451508444
1.4582	661.5940449161734	2073.295662465863
1.4592	662.3333751458587	2075.1711868289844
1.4602	663.0726578402597	2077.047217860342
1.4612	663.8118927163034	2078.9237551803963
1.4622	664.5510794911945	2080.800798409933
1.4632	665.2902178824165	2082.6783471700655
1.4642	666.0293076077297	2084.556401082228
1.4652	666.7683483851723	2086.434959768183
1.4662	667.5073399330589	2088.3140228500138
1.4672	668.2462819699814	2090.193589950129
1.4682	668.9851742148073	2092.073660691259
1.4692	669.7240163866803	2093.954234696458
1.4702	670.4628082050191	2095.8353115891
1.4712	671.201549389518	2097.7168909928823
1.4722	671.940239660146	2099.5989725318223
1.4732	672.6788787371466	2101.48155583026
1.4742	673.4174663410369	2103.364640512851
1.4752	674.1560021926089	2105.2482262045764
1.4762	674.8944860129264	2107.1323125307313
1.4772	675.6329175233276	2109.0168991169326
1.4782	676.3712964454226	2110.901985589114
1.4792	677.1096225010941	2112.7875715735277
1.4802	677.8478954124968	2114.6736566967434
1.4812	678.586114902057	2116.5602405856466
1.4822	679.3242806924724	2118.44732286744
1.4832	680.0623925067116	2120.334903169643
1.4842	680.8004500680133	2122.222981120088
1.4852	681.5384530998876	2124.1115563469257
1.4862	682.2764013261134	2126.000628478618
1.4872	683.0142944707397	2127.890197143944
1.4882	683.7521322580847	2129.780261971994
1.4892	684.4899144127355	2131.670822592174
1.4902	685.2276406595475	2133.5618786341997
1.4912	685.9653107236451	2135.453429728102
1.4922	686.7029243304191	2137.3454755042217
1.4932	687.4404812055293	2139.2380155932124
1.4942	688.1779810749019	2141.131049626038
1.4952	688.9154236647303	2143.024577233973
1.4962	689.6528087014741	2144.918598048602
1.4972	690.3901359118594	2146.813111701819
1.4982	691.127405022878	2148.7081178258272
1.4992	691.8646157617874	2150.6036160531403
1.5002	692.6017678561095	2152.4996060165768
1.5012	693.3388610336325	2154.3960873492665
1.5022	694.0758950224076	2156.2930596846445
1.5032	694.8128695507514	2158.1905226564545
1.5042	695.5497843472434	2160.088475898745
1.5052	696.2866391407272	2161.986919045872
1.5062	697.0234336603089	2163.885851732496
1.5072	697.7601676353589	2165.7852735935853
1.5082	698.4968407955083	2167.685184264409
1.5092	699.233452870652	2169.585583380545
1.5102	699.9700035909456	2171.4864705778714
1.5112	700.7064926868069	2173.387845492572
1.5122	701.4429198889147	2175.289707761133
1.5132	702.179284928209	2177.192057020344
1.5142	702.9155875358895	2179.0948929072947
1.5152	703.6518274434175	2180.9982150593805
1.5162	704.3880043825126	2182.9020231142936
1.5172	705.1241180851558	2184.8063167100313
1.5182	705.8601682835856	2186.7110954848877
1.5192	706.596154710301	2188.616359077461
1.5202	707.3320770980586	2190.5221071266456
1.5212	708.0679351798735	2192.428339271637
1.5222	708.8037286890193	2194.3350551519293
1.5232	709.5394573590268	2196.2422544073147
1.5242	710.275120923684	2198.149936677883
1.5252000000000001	711.0107191170367	2200.0581016040237
1.5262	711.7462516733863	2201.9667488264204
1.5272000000000001	712.4817183272918	2203.8758779860564
1.5282	713.2171188135671	2205.785488724209
1.5292000000000001	713.9524528672833	2207.6955806824535
1.5302	714.6877202237654	2209.6061535026583
1.5312000000000001	715.4229206185948	2211.5172068269903
1.5322	716.1580537876066	2213.428740297907
1.5332000000000001	716.8931194668917	2215.340753558164
1.5342	717.6281173927938	2217.253246250808
1.5352000000000001	718.3630473019118	2219.1662180191806
1.5362	719.0979089310973	2221.0796685069163
1.5372	719.8327020174554	2222.993597357942
1.5382	720.5674262983445	2224.908004216477
1.5392	721.3020815113749	2226.822888727032
1.5402	722.0366673944101	2228.7382505344103
1.5412	722.7711836855649	2230.654089283705
1.5422	723.5056301232064	2232.570404620301
1.5432	724.2400064459525	2234.4871961898716
1.5442	724.9743123926729	2236.404463638382
1.5452	725.7085477024875	2238.322206612085
1.5462	726.4427121147672	2240.2404247575246
1.5472	727.1768053691324	2242.1591177215305
1.5482	727.9108272054543	2244.078285151224
1.5492	728.6447773638529	2245.9979266940118
1.5502	729.378655584698	2247.918041997589
1.5512	730.1124616086079	2249.838630709937
1.5522	730.84619517645	2251.759692479325
1.5532	731.5798560293398	2253.6812269543075
1.5542	732.3134439086413	2255.603233783726
1.5552	733.0469585559654	2257.5257126167053
1.5562	733.7803997131715	2259.448663102658
1.5572	734.5137671223655	2261.3720848912794
1.5582	735.2470605259003	2263.29597763255
1.5592	735.9802796663755	2265.220340976734
1.5602	736.713424286637	2267.1451745743784
1.5612	737.4464941297763	2269.070478076315
1.5622	738.1794889391313	2270.996251133657
1.5632	738.9124084582844	2272.9224933978003
1.5642	739.645252431064	2274.849204520423
1.5652	740.3780206015427	2276.7763841534843
1.5662	741.1107127140377	2278.7040319492253
1.5672	741.8433285131105	2280.632147560167
1.5682	742.5758677435667	2282.560730639113
1.5692	743.3083301504549	2284.4897808391434
1.5702	744.0407154790678	2286.419297813621
1.5712	744.7730234749406	2288.3492812161867
1.5722	745.5052538838517	2290.279730700761
1.5732	746.2374064518212	2292.210645921541
1.5742	746.9694809251124	2294.1420265330053
1.5752	747.70147705023	2296.0738721899074
1.5762	748.4333945739198	2298.0061825472794
1.5772	749.1652332431697	2299.9389572604305
1.5782	749.8969928052082	2301.8721959849463
1.5792	750.6286730075045	2303.8058983766887
1.5802	751.3602735977684	2305.7400640917954
1.5812	752.0917943239499	2307.67469278668
1.5822	752.8232349342387	2309.6097841180317
1.5832	753.5545951770641	2311.5453377428134
1.5842	754.285874801095	2313.4813533182632
1.5852	755.0170735552387	2315.4178305018927
1.5862	755.7481911886421	2317.3547689514885
1.5872	756.4792274506897	2319.2921683251084
1.5882	757.2101820910049	2321.2300282810857
1.5892	757.9410548594483	2323.168348478024
1.5902	758.6718455061185	2325.1071285748008
1.5912	759.4025537813513	2327.046368230564
1.5922	760.1331794357202	2328.9860671047354
1.5932	760.8637222200341	2330.926224857005
1.5942	761.5941818853397	2332.866841147336
1.5952	762.324558182919	2334.80791563596
1.5962	763.0548508642906	2336.749447983381
1.5972	763.7850596812083	2338.6914378503698
1.5982	764.5151843856615	2340.6338848979694
1.5992	765.2452247298746	2342.5767887874904
1.6002	765.9751804663069	2344.5201491805124
1.6012	766.7050513476523	2346.4639657388825
1.6022	767.4348371268389	2348.408238124717
1.6032	768.1645375570284	2350.3529660003983
1.6042	768.894152391617	2352.2981490285774
1.6052	769.6236813842339	2354.2437868721713
1.6062	770.3531242887414	2356.1898791943636
1.6072	771.0824808592347	2358.1364256586044
1.6082	771.8117508500422	2360.0834259286103
1.6092	772.5409340157238	2362.0308796683603
1.6102	773.2700301110722	2363.9787865421026
1.6112	773.9990388911112	2365.927146214347
1.6122	774.7279601110972	2367.8759583498704
1.6132	775.4567935265169	2369.825222613711
1.6142	776.1855388930885	2371.7749386711725
1.6152	776.9141959667604	2373.7251061878205
1.6162	777.6427645037126	2375.675724829486
1.6172	778.3712442603539	2377.6267942622603
1.6182	779.0996349933242	2379.578314152498
1.6192	779.8279364594923	2381.530284166816
1.6202	780.556148415957	2383.4827039720917
1.6212	781.2842706200455	2385.4355732354647
1.6222	782.012302829315	2387.388891624337
1.6232	782.7402448015498	2389.3426588063667
1.6242	783.468096294764	2391.2968744494774
1.6252	784.195857067199	2393.2515382218494
1.6262	784.9235268773241	2395.2066497919236
1.6272	785.651105483836	2397.1622088283993
1.6282	786.3785926456592	2399.1182150002364
1.6292	787.1059881219448	2401.074667976652
1.6302	787.8332916720711	2403.031567427122
1.6312	788.5605030556422	2404.9889130213796
1.6322	789.2876220324893	2406.9467044294165
1.6332	790.0146483626688	2408.9049413214807
1.6342	790.7415818064633	2410.8636233680772
1.6352	791.4684221243808	2412.8227502399686
1.6362	792.1951690771544	2414.782321608173
1.6372	792.9218224257423	2416.7423371439636
1.6382	793.6483819313273	2418.702796518871
1.6392	794.3748473553165	2420.663699404679
1.6402	795.1012184593415	2422.6250454734277
1.6412	795.8274950052573	2424.5868343974116
1.6422	796.5536767551433	2426.549065849179
1.6432	797.2797634713017	2428.511739501532
1.6442	798.0057549162584	2430.474855027527
1.6452	798.7316508527614	2432.438412100473
1.6462	799.4574510437823	2434.402410393933
1.6472	800.1831552525141	2436.366849581721
1.6482	800.9087632423731	2438.331729337905
1.6492	801.6342747769961	2440.2970493368025
1.6502000000000001	802.3596896202431	2442.262809252986
1.6512	803.0850075361939	2444.2290087612755
1.6522000000000001	803.8102282891508	2446.195647536746
1.6532	804.535351643636	2448.16272525472
1.6542000000000001	805.2603773643931	2450.1302415907726
1.6552	805.9853052163852	2452.098196220726
1.6562000000000001	806.7101349647967	2454.0665888206563
1.6572	807.4348663750305	2456.0354190668845
1.6582000000000001	808.1594992127103	2458.0046866359844
1.6592	808.8840332436785	2459.9743912047757
1.6602000000000001	809.6084682339971	2461.9445324503295
1.6612	810.3328039499464	2463.915110049961
1.6622000000000001	811.0570401580262	2465.886123681238
1.6632	811.7811766249537	2467.857573021971
1.6642000000000001	812.5052131176652	2469.829457750222
1.6652	813.2291494033138	2471.801777544296
1.6662	813.9529852492717	2473.7745320827476
1.6672	814.6767204231272	2475.7477210443762
1.6682	815.4003546926864	2477.721344108227
1.6692	816.1238878259724	2479.695400953592
1.6702	816.8473195912246	2481.6698912600064
1.6712	817.5706497568991	2483.6448147072524
1.6722	818.2938780916679	2485.6201709753554
1.6732	819.0170043644198	2487.5959597445867
1.6742	819.740028344258	2489.57218069546
1.6752	820.4629498005024	2491.548833508734
1.6762	821.1857685026872	2493.5259178654096
1.6772	821.9084842205624	2495.5034334467327
1.6782	822.6310967240919	2497.48137993419
1.6792	823.3536057834548	2499.459757009512
1.6802	824.076011169044	2501.4385643546707
1.6812	824.7983126514671	2503.417801651881
1.6822	825.5205100015446	2505.397468583598
1.6832	826.2426029903112	2507.3775648325195
1.6842	826.9645913890143	2509.3580900815828
1.6852	827.6864749691155	2511.339044013968
1.6862	828.4082535022877	2513.3204263130924
1.6872	829.1299267604181	2515.3022366626174
1.6882	829.8514945156047	2517.28447474644
1.6892	830.5729565401587	2519.2671402487003
1.6902	831.2943126066026	2521.2502328537757
1.6912	832.0155624876711	2523.2337522462826
1.6922	832.7367059563095	2525.2176981110756
1.6932	833.4577427856754	2527.20207013325
1.6942	834.1786727491364	2529.1868679981358
1.6952	834.8994956202713	2531.1720913913027
1.6962	835.6202111728693	2533.157739998557
1.6972	836.3408191809299	2535.1438135059434
1.6982	837.0613194186624	2537.1303115997407
1.6992	837.7817116604864	2539.1172339664677
1.7002	838.5019956810305	2541.1045802928766
1.7012	839.222171255133	2543.092350265957
1.7022	839.9422381578408	2545.0805435729326
1.7032	840.6621961644108	2547.0691599012653
1.7042	841.3820450503075	2549.058198938649
1.7052	842.101784591204	2551.047660373015
1.7062	842.8214145629817	2553.037543892526
1.7072	843.5409347417303	2555.0278491855825
1.7082	844.2603449037465	2557.018575940815
1.7092	844.979644825535	2559.0097238470908
1.7102	845.698834283808	2561.0012925935093
1.7112	846.4179130554843	2562.993281869403
1.7122	847.1368809176892	2564.9856913643357
1.7132	847.8557376477556	2566.9785207681066
1.7142	848.5744830232221	2568.9717697707447
1.7152	849.2931168218336	2570.9654380625125
1.7162	850.0116388215407	2572.959525333902
1.7172	850.7300488005	2574.9540312756385
1.7182	851.4483465370735	2576.948955578677
1.7192	852.1665318098283	2578.9442979342048
1.7202	852.8846043975366	2580.9400580336373
1.7212	853.6025640791755	2582.9362355686226
1.7222	854.3204106339267	2584.9328302310364
1.7232	855.0381438411762	2586.929841712986
1.7242	855.7557634805137	2588.927269706807
1.7252	856.4732693317335	2590.925113905064
1.7262	857.1906611748332	2592.92337400055
1.7272	857.907938790014	2594.922049686288
1.7282	858.6251019576803	2596.9211406555273
1.7292	859.3421504584395	2598.9206466017467
1.7302	860.0590840731019	2600.9205672186517
1.7312	860.7759025826801	2602.920902200176
1.7322	861.4926057683896	2604.921651240479
1.7332	862.2091934116477	2606.922814033949
1.7342	862.9256652940735	2608.924390275198
1.7352	863.6420211974882	2610.9263796590676
1.7362	864.358260903914	2612.928781880622
1.7372	865.0743841955751	2614.931596635154
1.7382	865.7903908548961	2616.934823618181
1.7392	866.5062806645027	2618.938462525444
1.7402	867.2220534072209	2620.9425130529103
1.7412	867.9377088660781	2622.9469748967726
1.7422	868.6532468243005	2624.9518477534457
1.7432	869.3686670653155	2626.957131319571
1.7442	870.0839693727496	2628.962825292012
1.7452	870.7991535304293	2630.9689293678566
1.7462	871.5142193223794	2632.9754432444142
1.7472	872.2291665328254	2634.9823666192206
1.7482	872.9439949461904	2636.9896991900305
1.7492	873.6587043470972	2638.9974406548245
1.7502	874.3732945203661	2641.0055907118026
1.7512	875.0877652510167	2643.0141490593887
1.7522	875.8021163242655	2645.023115396227
1.7532	876.5163475255281	2647.032489421184
1.7542	877.2304586404165	2649.0422708333463
1.7552	877.9444494547413	2651.0524593320233
1.7562	878.6583197545094	2653.0630546167426
1.7572	879.3720693259255	2655.074056387254
1.7582	880.0856979553902	2657.0854643435264
1.7592	880.7992054295016	2659.0972781857495
1.7602	881.5125915350536	2661.109497614331
1.7612	882.2258560590362	2663.1221223298985
1.7622	882.9389987886358	2665.135152033299
1.7632	883.6520195112344	2667.1485864255988
1.7642	884.3649180144092	2669.162425208081
1.7652	885.0776940859334	2671.1766680822484
1.7662	885.7903475137748	2673.1913147498212
1.7672	886.5028780860962	2675.2063649127376
1.7682	887.2152855912552	2677.2218182731526
1.7692	887.9275698178043	2679.2376745334395
1.7702	888.6397305544895	2681.253933396187
1.7712	889.3517675902515	2683.2705945642024
1.7722	890.0636807142246	2685.2876577405073
1.7732	890.7754697157372	2687.3051226283415
1.7742	891.4871343843106	2689.3229889311588
1.7752000000000001	892.19867450966	2691.341256352631
1.7762	892.910089881693	2693.359924596642
1.7772000000000001	893.621380290511	2695.3789933672942
1.7782	894.3325455264066	2697.3984623689025
1.7792000000000001	895.0435853798668	2699.418331305999
1.7802	895.7544996415692	2701.4385998833263
1.7812000000000001	896.4652881023846	2703.4592678058457
1.7822	897.1759505533747	2705.480334778728
1.7832000000000001	897.8864867857937	2707.5018005073603
1.7842	898.5968965910869	2709.523664697343
1.7852000000000001	899.3071797608908	2711.545927054489
1.7862	900.0173360870328	2713.5685872848235
1.7872000000000001	900.7273653615318	2715.591645094586
1.7882	901.4372673765969	2717.6151001902263
1.7892000000000001	902.1470419246274	2719.6389522784075
1.7902	902.8566887982134	2721.6632010660046
1.7912000000000001	903.566207790135	2723.6878462601044
1.7922	904.2755986933618	2725.712887568004
1.7932	904.9848613010532	2727.7383246972126
1.7942	905.6939954065584	2729.76415735545
1.7952	906.4030008034154	2731.7903852506465
1.7962	907.1118772853516	2733.8170080909435
1.7972	907.820624646283	2735.844025584691
1.7982	908.5292426803148	2737.8714374404503
1.7992	909.23773118174	2739.899243366992
1.8002	909.9460899450404	2741.9274430732958
1.8012	910.6543187648855	2743.9560362685506
1.8022	911.3624174361331	2745.9850226621547
1.8032	912.0703857538284	2748.014401963714
1.8042	912.7782235132045	2750.0441738830446
1.8052	913.4859305096809	2752.074338130168
1.8062	914.1935065388654	2754.1048944153176
1.8072	914.9009513965518	2756.1358424489304
1.8082	915.6082648787213	2758.167181941654
1.8092	916.3154467815413	2760.198912604341
1.8102	917.0224969013653	2762.231034148052
1.8112	917.7294150347334	2764.2635462840544
1.8122	918.4362009783716	2766.2964487238223
1.8132	919.1428545291913	2768.329741179035
1.8142	919.84937548429	2770.3634233615794
1.8152	920.5557636409501	2772.3974949835465
1.8162	921.2620187966396	2774.431955757234
1.8172	921.9681407490111	2776.466805395144
1.8182	922.6741292959024	2778.5020436099853
1.8192	923.3799842353353	2780.537670114669
1.8202	924.0857053655174	2782.5736846223135
1.8212	924.7912924848386	2784.610086846239
1.8222	925.4967453918746	2786.646876499973
1.8232	926.2020638853837	2788.6840532972433
1.8242	926.9072477643089	2790.721616951984
1.8252	927.6122968277757	2792.75956717833
1.8262	928.317210875094	2794.7979036906236
1.8272	929.0219897057556	2796.836626203405
1.8282	929.7266331194361	2798.8757344314217
1.8292	930.4311409159935	2800.91522808962
1.8302	931.1355128954687	2802.9551068931514
1.8312	931.8397488580842	2804.995370557367
1.8322	932.5438486042453	2807.0360187978213
1.8332	933.2478119345394	2809.0770513302696
1.8342	933.9516386497354	2811.1184678706695
1.8352	934.6553285507835	2813.1602681351774
1.8362	935.358881438816	2815.2024518401536
1.8372	936.0622971151461	2817.245018702157
1.8382	936.765575381268	2819.2879684379473
1.8392	937.4687160388571	2821.3313007644847
1.8402	938.1717188897692	2823.3750153989295
1.8412	938.8745837360406	2825.419112058641
1.8422	939.5773103798881	2827.4635904611787
1.8432	940.2798986237086	2829.508450324301
1.8442	940.982348270079	2831.5536913659657
1.8452	941.6846591217555	2833.599313304328
1.8462	942.386830981675	2835.6453158577447
1.8472	943.0888636529526	2837.691698744768
1.8482	943.7907569388833	2839.73846168415
1.8492	944.492510642941	2841.785604394839
1.8502	945.1941245687788	2843.8331265959837
1.8512	945.8955985202277	2845.881028006927
1.8522	946.5969323012981	2847.9293083472116
1.8532	947.2981257161779	2849.977967336576
1.8542	947.9991785692339	2852.0270046949563
1.8552	948.7000906650104	2854.076420142484
1.8562	949.4008618082296	2856.1262133994883
1.8572	950.1014918037913	2858.176384186493
1.8582	950.8019804567732	2860.2269322242205
1.8592	951.502327572429	2862.2778572335847
1.8602	952.2025329561911	2864.3291589356995
1.8612	952.9025964136674	2866.3808370518705
1.8622	953.6025177506438	2868.432891303601
1.8632	954.3022967730813	2870.4853214125865
1.8642	955.0019332871183	2872.538127100719
1.8652	955.7014270990693	2874.591308090085
1.8662	956.4007780154245	2876.6448641029638
1.8672	957.0999858428497	2878.698794861829
1.8682	957.7990503881874	2880.753100089349
1.8692	958.4979714584541	2882.8077795083846
1.8702	959.1967488608432	2884.862832841991
1.8712	959.8953824027217	2886.9182598134144
1.8722	960.5938718916326	2888.9740601460962
1.8732	961.2922171352934	2891.030233563669
1.8742	961.9904179415962	2893.086779789958
1.8752	962.6884741186072	2895.143698548982
1.8762	963.3863854745675	2897.2009895649494
1.8772	964.0841518178918	2899.2586525622623
1.8782	964.7817729571686	2901.3166872655133
1.8792	965.4792487011606	2903.3750933994866
1.8802	966.1765788588041	2905.433870689159
1.8812	966.873763239208	2907.493018859695
1.8822	967.5708016516554	2909.5525376364535
1.8832	968.2676939056017	2911.612426744981
1.8842	968.9644398106757	2913.672685911016
1.8852	969.6610391766784	2915.7333148604857
1.8862	970.3574918135838	2917.794313319509
1.8872	971.053797531538	2919.855681014393
1.8882	971.7499561408594	2921.9174176716356
1.8892	972.4459674520382	2923.9795230179216
1.8902	973.1418312757369	2926.041996780127
1.8912	973.8375474227892	2928.1048386853163
1.8922	974.5331157042004	2930.1680484607414
1.8932	975.2285359311475	2932.2316258338437
1.8942	975.9238079149784	2934.2955705322534
1.8952	976.6189314672116	2936.359882283786
1.8962	977.3139063995374	2938.424560816449
1.8972	978.0087325238155	2940.4896058584322
1.8982	978.7034096520775	2942.5550171381183
1.8992	979.3979375965242	2944.6207943840727
1.9002000000000001	980.0923161695272	2946.68693732505
1.9012	980.7865451836276	2948.7534456899916
1.9022000000000001	981.4806244515366	2950.8203192080246
1.9032	982.1745537861352	2952.8875576084624
1.9042000000000001	982.868333000474	2954.955160620806
1.9052	983.5619619077719	2957.02312797474
1.9062000000000001	984.2554403214183	2959.091459400137
1.9072	984.9487680549706	2961.160154627053
1.9082000000000001	985.6419449221559	2963.2292133857322
1.9092	986.3349707368689	2965.2986354066
1.9102000000000001	987.0278453131738	2967.3684204202705
1.9112	987.7205684653023	2969.43856815754
1.9122000000000001	988.4131400076552	2971.5090783493906
1.9132	989.1055597548002	2973.579950726988
1.9142000000000001	989.7978275214736	2975.6511850216825
1.9152	990.489943122579	2977.722780965008
1.9162000000000001	991.181906373188	2979.794738288683
1.9172	991.8737170885388	2981.8670567246077
1.9182000000000001	992.5653750840374	2983.939736004867
1.9192	993.2568801752564	2986.0127758617277
1.9202	993.9482321779354	2988.0861760276416
1.9212	994.6394855804689	2990.1599362352417
1.9222	995.3308589173179	2992.234056245789
1.9232	996.0223521468868	2994.3085359344955
1.9242	996.713965227615	2996.38337517668
1.9252	997.4056981179784	2998.458573847771
1.9262	998.0975507764888	3000.534131823302
1.9272	998.7895231616942	3002.610048978918
1.9282	999.4816152321777	3004.6863251903683
1.9292	1000.173826946559	3006.762960333512
1.9302	1000.8661582634928	3008.839954284314
1.9312	1001.5586091416706	3010.917306918847
1.9322	1002.2511795398179	3012.995018113289
1.9332	1002.9438694166975	3015.0730877439273
1.9342	1003.6366787311066	3017.1515156871546
1.9352	1004.3296074418784	3019.2303018194702
1.9362	1005.0226555078813	3021.309446017479
1.9372	1005.7158228880196	3023.388948157894
1.9382	1006.4091095412322	3025.4688081175314
1.9392	1007.102515426494	3027.549025773317
1.9402	1007.7960405028149	3029.6296010022797
1.9412	1008.48968472924	3031.7105336815553
1.9422	1009.1834480648492	3033.791823688383
1.9432	1009.8773304687584	3035.8734709001105
1.9442	1010.5713319001175	3037.955475194188
1.9452	1011.2654523181125	3040.0378364481726
1.9462	1011.9596916819634	3042.120554539725
1.9472	1012.6540499509257	3044.203629346612
1.9482	1013.3485270842896	3046.2870607467034
1.9492	1014.0431230413803	3048.3708486179758
1.9502	1014.7378377815572	3050.4549928385068
1.9512	1015.4326712642154	3052.539493286481
1.9522	1016.1276234487839	3054.6243498401864
1.9532	1016.8226942947266	3056.7095623780147
1.9542	1017.5178837615417	3058.79513077846
1.9552	1018.2131918087628	3060.881054920123
1.9562	1018.9086183959568	3062.967334681705
1.9572	1019.6041634827261	3065.053969942013
1.9582	1020.2998270287067	3067.1409605799545
1.9592	1020.9956089935696	3069.2283064745434
1.9602	1021.6915093370196	3071.3160075048936
1.9612	1022.3875280187964	3073.404063550224
1.9622	1023.0836649986727	3075.492474489853
1.9632	1023.779920236457	3077.581240203206
1.9642	1024.4762936919906	3079.670360569807
1.9652	1025.1727853251496	3081.759835469284
1.9662	1025.8693950958439	3083.8496647813663
1.9672	1026.566122964017	3085.939848385886
1.9682	1027.262968889647	3088.030386162776
1.9692	1027.9599328327456	3090.1212779920716
1.9702	1028.6570147533582	3092.2125237539094
1.9712	1029.3542146115647	3094.304123328528
1.9722	1030.0515323674772	3096.3960765962656
1.9732	1030.7489679812434	3098.4883834375637
1.9742	1031.4465214130428	3100.5810437329624
1.9752	1032.1441926230907	3102.6740573631055
1.9762	1032.8419815716338	3104.767424208735
1.9772	1033.5398882189536	3106.861144150695
1.9782	1034.2379125253647	3108.9552170699285
1.9792	1034.9360544512153	3111.0496428474808
1.9802	1035.634313956887	3113.1444213644954
1.9812	1036.3326910027945	3115.239552502218
1.9822	1037.0311855493858	3117.335036141992
1.9832	1037.7297975571423	3119.430872165262
1.9842	1038.4285269865788	3121.5270604535713
1.9852	1039.1273737982428	3123.623600888564
1.9862	1039.8263379527154	3125.720493351982
1.9872	1040.525419410611	3127.8177377256684
1.9882	1041.2246181325756	3129.9153338915626
1.9892	1041.92393407929	3132.0132817317053
1.9902	1042.6233672114665	3134.1115811282352
1.9912	1043.3229174898515	3136.21023196339
1.9922	1044.0225848752234	3138.309234119505
1.9932	1044.7223693283938	3140.408587479016
1.9942	1045.4222708102068	3142.508291924455
1.9952	1046.1222892815397	3144.6083473384538
1.9962	1046.8224247033015	3146.7087536037398
1.9972	1047.5226770364354	3148.8095106031415
1.9982	1048.2230462419157	3150.9106182195824
1.9992	1048.9235322807501	3153.012076336086
2.0002	1049.6241351139786	3155.113884835771
2.0012	1050.3248547026735	3157.216043601855
2.0022	1051.0256910079397	3159.318552517654
2.0032	1051.7266439909145	3161.4214114665783
2.0042	1052.427713612767	3163.524620332136
2.0052	1053.1288998346995	3165.6281789979334
2.0062	1053.8302026179465	3167.732087347674
2.0072	1054.5316219237734	3169.8363452651547
2.0082	1055.2331577134792	3171.940952634272
2.0092	1055.934809948394	3174.045909339017
2.0102	1056.6365785898815	3176.151215263479
2.0112	1057.3384635993352	3178.25687029184
2.0122	1058.0404649381821	3180.3628743083814
2.0132	1058.7425825678815	3182.469227197479
2.0142	1059.4448164499236	3184.575928843605
2.0152	1060.14716654583	3186.682979131325
2.0162	1060.849632817156	3188.7903779453027
2.0172	1061.5522152254869	3190.8981251702958
2.0182	1062.2549137324413	3193.006220691159
2.0192	1062.9577282996677	3195.114664392838
2.0202	1063.6606588888476	3197.2234561603786
2.0212	1064.363705461694	3199.3325958789173
2.0222	1065.066867979951	3201.4420834336884
2.0232	1065.7701464053941	3203.5519187100176
2.0242	1066.4735406998307	3205.662101593328
2.0252	1067.1770508250997	3207.7726319691346
2.0262000000000002	1067.8806767430717	3209.8835097230503
2.0272	1068.5844184156472	3211.9947347407774
2.0282	1069.28827580476	3214.106306908115
2.0292	1069.9922488723735	3216.218226110956
2.0302000000000002	1070.6963375804837	3218.3304922352872
2.0312	1071.4005418911167	3220.443105167186
2.0322	1072.1048617663303	3222.5560647928264
2.0332	1072.8092971682133	3224.669370998476
2.0342000000000002	1073.5138480588864	3226.783023670495
2.0352	1074.2185144004993	3228.897022695334
2.0362	1074.9232961552348	3231.0113679595397
2.0372	1075.6281932853053	3233.1260593497514
2.0382000000000002	1076.3332057529553	3235.241096752701
2.0392	1077.0383335204588	3237.3564800552113
2.0402	1077.7435765501214	3239.472209144199
2.0412	1078.4489348042796	3241.588283906674
2.0422000000000002	1079.1544082453008	3243.7047042297377
2.0432	1079.8599968355823	3245.821470000582
2.0442	1080.5657005375524	3247.938581106493
2.0452	1081.2715193136705	3250.056037434848
2.0462000000000002	1081.9774531264268	3252.1738388731164
2.0472	1082.6835019383407	3254.291985308858
2.0482	1083.389665711963	3256.4104766297255
2.0492	1084.0959444098755	3258.5293127234627