4.00000001e-15	6.302945748716805e-26	4.351707029680875e-12
4.73000011e-15	6.302945614818121e-25	4.385181901361303e-12
4.7599999e-15	6.302945614818122e-24	4.407498337424682e-12
4.91000012e-15	6.302945960723054e-23	4.546975920553448e-12
6.99000006e-15	7.551104552555234e-22	6.471769917429146e-12
9.89999996e-15	8.736777248382057e-21	9.149743617496096e-12
2.71999999e-14	1.0609016168266013e-19	2.5161794911850037e-11
1.27e-13	3.632001829948672e-18	1.1827716915866996e-10
6.93000019e-13	1.185672907833073e-16	6.415978632001786e-10
6.29500011e-12	6.08078550546753e-15	5.824592948002679e-9
1.58099991e-11	3.1003124302611025e-14	1.4628431042178087e-8
3.97200016e-11	1.517072015175184e-13	3.6749608457933496e-8
9.97599989e-11	7.182883240348137e-13	9.22785101539835e-8
2.50600013e-10	3.286319950903816e-12	2.318678910957376e-7
6.29399977e-10	1.4465520754295918e-11	5.824592479357286e-7
1.581e-9	6.08770373800491e-11	1.4628431488507032e-6
3.97200006e-9	2.44063831733988e-10	3.6755189243472444e-6
4.99999997e-9	3.281968243695604e-10	4.626757397902255e-6
9.97599958e-9	8.955255713010489e-10	9.233429602767239e-6
1.98999999e-8	2.3919883842892214e-9	0.000018422227181432718
3.97199997e-8	6.278062742691364e-9	0.00003676076869002455
7.9240003e-8	1.6250836532024102e-8	0.00007336532325373801
1.58099994e-7	4.16625735326936e-8	0.00014639588819459942
1.98999999e-7	5.453023833965633e-8	0.00018433386074536936
3.15499989e-7	1.0165922706985048e-7	0.00029217806962731534
4.99999999e-7	1.8903147176969427e-7	0.00046312206427136807
6.29400006e-7	2.5767685114929705e-7	0.0005830171702744923
7.92399987e-7	3.1427137022985945e-7	0.0007342111002008481
9.97599955e-7	4.2810757754965417e-7	0.000924458816112475
1.58099999e-6	7.937960432939077e-7	0.0014650748047310871
2.5060001e-6	1.4703190805623745e-6	0.002323142055344789
3.97199983e-6	2.7221601762999334e-6	0.003682771814327159
4.99999987e-6	3.533363099754519e-6	0.0046373577214907395
6.29399983e-6	4.806516235215354e-6	0.005835750937290783
7.92399987e-6	6.540169783530463e-6	0.007353269471100201
9.976e-6	8.892769939745593e-6	0.00925574675295693
0.00001256	0.000012094398348582906	0.011660343673287213
0.0000158099992	0.000015620397121178308	0.014678642936844455
0.0000199000006	0.00002124302644498996	0.018483597411292123
0.0000250600006	0.000028880830841330063	0.02327605434054899
0.0000315500001	0.00003712564126311091	0.02931265286766347
0.0000397199983	0.00005047980272260657	0.03691698437848694
0.0000499999987	0.0000686465036822138	0.046485161459495654
0.000062940002	0.00009329613847355502	0.058524884735550106
0.0000792400024	0.00012686900357063158	0.07375585817897791
0.00009976	0.00016207320464182103	0.09283642021870118
0.000110499997	0.00018047310421780854	0.10287881834411962
0.000125599996	0.00020531130997545192	0.1169381856728409
0.000158099996	0.0002791452756081232	0.14728854831510826
0.000199000002	0.0003629546942646731	0.18550547199285877
0.0002	0.0003650583071244091	0.1864427078218159
0.0012000000000000001	0.0013466049411602658	1.1275971610957916
0.0022	0.002455108305668602	2.0687210373335083
0.0032	0.003812223176184099	3.010410550403603
0.0042	0.00538453801925565	3.9525640867652974
0.0052	0.007134838681918645	4.895111985067526
0.0062	0.009044443181747304	5.8380104901013175
0.0072	0.011099364315429313	6.781227311407052
0.0082	0.013288901261313737	7.724737450537292
0.009200000000000002	0.015604610713678623	8.668520813741077
0.0102	0.01803843348235248	9.612558595061211
0.0112	0.020536132478660554	10.556731244703972
0.0122	0.023145682867222506	11.501127036841174
0.013200000000000002	0.02586276848191433	12.445736834872099
0.0142	0.02868374768158789	13.390552561779467
0.0152	0.0316056039540119	14.335567023359058
0.0162	0.034626196790505936	15.280773774402812
0.0172	0.03774359086232526	16.22616703427459
0.0182	0.040955649594323545	17.17174158305884
0.0192	0.04426051351073985	18.117492657578392
0.0202	0.047656533397061156	19.06341589439309
0.0212	0.051142236922348976	20.009507280784984
0.022199999999999998	0.05471633719751423	20.95576311339936
0.0232	0.05837763934566441	21.902179964782768
0.0242	0.062125020614908495	22.848754651648438
0.0252	0.06595749277743697	23.795484207533853
0.0262	0.06987421374163152	24.742365862317122
0.0272	0.07387456846228416	25.68939702524219
0.0282	0.07795782021878174	26.636575273589763
0.0292	0.08212338435250544	27.583898330385917
0.030199999999999998	0.08637062216166924	28.53136405467936
0.0312	0.09069891068909039	29.478970426219846
0.0322	0.09510773521521887	30.42671553432658
0.0332	0.09959661923251222	31.374597571052117
0.0342	0.10416514310994436	32.322614823039835
0.0352	0.10881290752111929	33.270765664894384
0.0362	0.11353957636803569	34.21904855224985
0.0372	0.11834485016013066	35.1674620168043
0.0382	0.12322847450721733	36.11600466116206
0.0392	0.12819018011758157	37.06467515445895
0.0402	0.1332298413881058	38.01347222686208
0.0412	0.13834730306413204	38.96239466861011
0.0422	0.14354240265639265	39.9114413249194
0.0432	0.14881509443531962	40.86061109188562
0.044199999999999996	0.1541653312792697	41.809902915665134
0.0452	0.15959307873398118	42.75931578904628
0.0462	0.1650984181103822	43.70884874862183
0.0472	0.1706814389856223	44.65850087445705
0.0482	0.1763421782696891	45.608271287513126
0.0492	0.18208081609771518	46.55815914598273
0.0502	0.1878974227959687	47.508163645963684
0.0512	0.1937923536268962	48.458284016960036
0.0522	0.19976570201418506	49.40851952554379
0.0532	0.20581784317996138	50.358869468163036
0.0542	0.21194915881656512	51.3093331747699
0.0552	0.21815992600280648	52.25991000710269
0.0562	0.224450851057455	53.210599355023525
0.0572	0.23082242766257643	54.16140064267123
0.0582	0.237273816669141	55.11231332304314
0.0592	0.2438051176532903	56.06333685348809
0.0602	0.25041824259172085	57.01447071126745
0.0612	0.257114489464251	57.965714422783755
0.0622	0.26389315250221923	58.91706755123168
0.0632	0.27075328351480976	59.86852966252426
0.06420000000000001	0.2776959781972716	60.820100321280755
0.06520000000000001	0.2847251942796486	61.77177912246535
0.06620000000000001	0.2918355896466128	62.723565734759305
0.06720000000000001	0.29903274707216315	63.67545975557955
0.06820000000000001	0.3063156523510321	64.62746087769325
0.06920000000000001	0.3136839209552011	65.57956878804369
0.07020000000000001	0.32114032849533186	66.53178317681308
0.07120000000000001	0.3286799827847875	67.48410378302361
0.07220000000000001	0.3363131368008805	68.4365302836916
0.0732	0.3440406076776672	69.38906250689729
0.0742	0.3518459302179653	70.34170029761759
0.0752	0.3597503521404383	71.29444328156173
0.0762	0.3677562515480044	72.24729137758257
0.0772	0.37585993684978364	73.200244538072
0.0782	0.38411581439837106	74.15330266887528
0.0792	0.39192865510056224	75.10646636628735
0.08020000000000001	0.39653164665897545	76.0597288083113
0.08120000000000001	0.400887027272446	77.01304867079222
0.08220000000000001	0.40809778336446884	77.96642210401237
0.08320000000000001	0.41769424280118184	78.91988319216063
0.08420000000000001	0.42744041546676786	79.87345962158727
0.08520000000000001	0.4373377256312903	80.82715180049618
0.08620000000000001	0.44738752105154744	81.7809601442282
0.08720000000000001	0.4575910963125477	82.73488507412362
0.0882	0.46794966296418317	83.68892701670916
0.0892	0.4784646603499935	84.64308640257033
0.0902	0.4891374443182077	85.59736366877566
0.0912	0.4999691636018179	86.55175925773919
0.0922	0.510960947131382	87.50627361477008
0.0932	0.522114040550199	88.46090718775952
0.0942	0.5334296624207324	89.41566042835319
0.0952	0.5449089842748902	90.3705337915444
0.09620000000000001	0.5565528511317089	91.32552773507587
0.09720000000000001	0.5684003907073704	92.28064271597819
0.09820000000000001	0.5805893255637861	93.23587958113146
0.09920000000000001	0.5930145244189972	94.19124056753516
0.10020000000000001	0.6055319200179167	95.14672680801996
0.10120000000000001	0.618031059826735	96.10233797498901
0.10220000000000001	0.6305708746047289	97.0580726530218
0.10320000000000001	0.6432779155716707	98.01393002915427
0.10420000000000001	0.6561531889793294	98.96991053485797
0.1052	0.6691976887212746	99.92601460298
0.1062	0.6824123962338638	100.8822426675864
0.1072	0.695798280543144	101.83859516381018
0.1082	0.709357254652961	102.79507252770597
0.1092	0.723094658543228	103.75167520488374
0.1102	0.7370137528817859	104.7084036817207
0.11120000000000001	0.7511156952796347	105.6652584653909
0.11220000000000001	0.7654016324269837	106.6222400643569
0.11320000000000001	0.7798727001084715	107.579348988238
0.11420000000000001	0.7945300232201069	108.5365857476832
0.11520000000000001	0.8093747157878192	109.4939508542489
0.11620000000000001	0.8244078809875123	110.45144482028076
0.11720000000000001	0.8396306111664772	111.40906815880007
0.11820000000000001	0.8550439878661228	112.36682138339397
0.11920000000000001	0.8706490818458563	113.32470500810975
0.1202	0.8864469531080752	114.28271954735267
0.1212	0.9024386509241898	115.24086551578773
0.1222	0.9186252138615492	116.19914342824451
0.1232	0.9350076698112084	117.15755379962562
0.1242	0.9515870360165246	118.11609714481823
0.1252	0.968364319102561	119.07477397860876
0.1262	0.9853405151058819	120.03358481560042
0.1272	1.0025166095052416	120.99253017013369
0.1282	1.0198935772526827	121.95161055620949
0.1292	1.0374723828051524	122.91082648741502
0.1302	1.0552539801565908	123.87017847685219
0.1312	1.0732393128704143	124.82966703706832
0.1322	1.0914293108735813	125.78929267998942
0.1332	1.1098248776655308	126.74905591683124
0.1342	1.1284269082717644	127.70895725791684
0.13520000000000001	1.1472363402411137	128.66899721263266
0.13620000000000002	1.1662540790295632	129.62917628976464
0.13720000000000002	1.1854810027778102	130.58949499727575
0.13820000000000002	1.2049179830337702	131.54995384212484
0.13920000000000002	1.2245658811723563	132.5105533302405
0.14020000000000002	1.244425548429757	133.47129396647043
0.14120000000000002	1.264497825937833	134.43217625453215
0.14220000000000002	1.2847835447585876	135.39320069696535
0.14320000000000002	1.3052835259187388	136.35436779508615
0.14420000000000002	1.3259985804443533	137.3156780489424
0.1452	1.3469295093954836	138.27713195727088
0.1462	1.368077103900907	139.2387300174558
0.1472	1.3894421451928067	140.20047272548834
0.1482	1.4110254046415283	141.16236057592818
0.1492	1.4328276437902894	142.12439406186562
0.1502	1.454849614389891	143.08657367488544
0.1512	1.4770920584334153	144.0488999050317
0.1522	1.499555708190878	145.01137324077385
0.1532	1.5222412862439183	145.97399416897372
0.1542	1.54514950552031	146.93676317485395
0.1552	1.5682810693285842	147.89968074196713
0.1562	1.5916366713925063	148.86274735216625
0.1572	1.615216995885533	149.82596348557578
0.1582	1.6390227174652319	150.78932962056408
0.1592	1.6630545013076174	151.75284623371644
0.1602	1.6873130038256146	152.7165137998092
0.1612	1.7117391707534841	153.68033279178897
0.1622	1.736140888984991	154.64430331222164
0.1632	1.7607029250807016	155.6084242747538
0.1642	1.7854253294358151	156.5726957398991
0.1652	1.8103081524639015	157.5371177677411
0.16620000000000001	1.8353514445968293	158.50169041794106
0.16720000000000002	1.8605552562846939	159.46641374974575
0.16820000000000002	1.8859196379957444	160.43128782199497
0.16920000000000002	1.9114446402163174	161.39631269312892
0.17020000000000002	1.937130313450766	162.36148842119536
0.17120000000000002	1.9629767082213951	163.32681506385674
0.17220000000000002	1.988983875068395	164.29229267839696
0.17320000000000002	2.0151518645497766	165.25792132172802
0.17420000000000002	2.0414807272413102	166.22370105039676
0.17520000000000002	2.067970513736461	167.18963192059098
0.1762	2.09462127464633	168.15571398814598
0.1772	2.1214330605995952	169.12194730855043
0.1782	2.1484059222424525	170.0883319369525
0.1792	2.175539910238556	171.05486792816555
0.1802	2.202835075268963	172.02155533667388
0.1812	2.2302914680320827	172.98839421663843
0.1822	2.257909139243614	173.95538462190203
0.1832	2.285688139636499	174.92252660599485
0.1842	2.3136285199608686	175.88982022213963
0.1852	2.341730330983987	176.85726552325667
0.1862	2.3699936234902084	177.82486256196898
0.1872	2.3984184482809203	178.792611390607
0.1882	2.4270048561745003	179.76051206121352
0.1892	2.4557528980062635	180.72856462554822
0.1902	2.4846626246284202	181.69676913509238
0.1912	2.5137340869100253	182.6651256410533
0.1922	2.5429673357369347	183.63363419436865
0.1932	2.5723624220117594	184.6022948457108
0.1942	2.601919396653826	185.57110764549108
0.1952	2.631638310599125	186.54007264386377
0.1962	2.6615192148002778	187.50918989073026
0.19720000000000001	2.6915621602264896	188.478459435743
0.19820000000000002	2.7217671978635076	189.44788132830922
0.19920000000000002	2.752134378713584	190.41745561759492
0.20020000000000002	2.7826637537954344	191.3871823525285
0.20120000000000002	2.813355374144199	192.35706158180432
0.20220000000000002	2.8442092908114045	193.32709335388643
0.20320000000000002	2.8752255548649246	194.29727771701192
0.20420000000000002	2.9064042173889484	195.26761471919454
0.20520000000000002	2.937745329483936	196.2381044082278
0.20620000000000002	2.969248942266589	197.2087468316885
0.20720000000000002	3.000915106869812	198.17954203693984
0.20820000000000002	3.0327438744426782	199.15049007113464
0.2092	3.064735296150395	200.1215909812184
0.2102	3.096889423174275	201.09284481393246
0.2112	3.1292063067116955	202.0642516158169
0.2122	3.161685997976069	203.03581143321338
0.2132	3.1943285481968124	204.0075243122682
0.2142	3.2271340086193163	204.97939029893513
0.2152	3.260102430504908	205.95140943897795
0.2162	3.2932338651308304	206.92358177797348
0.2172	3.3265283637902012	207.89590736131396
0.2182	3.3599859777919945	208.86838623420996
0.2192	3.393606758461001	209.84101844169263
0.2202	3.4273907571378075	210.81380402861654
0.2212	3.4613380251787644	211.78674303966193
0.2222	3.495448613955958	212.75983551933723
0.2232	3.5297225748571854	213.7330815119815
0.2242	3.564159959285926	214.70648106176674
0.2252	3.5987608186613134	215.68003421270006
0.2262	3.6335252044181137	216.6537410086262
0.2272	3.668453168006696	217.62760149322958
0.22820000000000001	3.7035447608930063	218.60161571003647
0.22920000000000001	3.7388000345585466	219.57578370241728
0.23020000000000002	3.7742190405003484	220.55010551358856
0.23120000000000002	3.809801830230945	221.52458118661505
0.23220000000000002	3.8455484552783537	222.49921076441177
0.23320000000000002	3.881458967186049	223.4739942897461
0.23420000000000002	3.9175334175129373	224.44893180523948
0.23520000000000002	3.9537718578333414	225.42402335336976
0.23620000000000002	3.990174339736967	226.39926897647265
0.23720000000000002	4.026740914828892	227.37466871674394
0.23820000000000002	4.063471634729538	228.35022261624113
0.23920000000000002	4.100366551074648	229.32593071688527
0.2402	4.1374257155152705	230.3017930604628
0.2412	4.174649179717735	231.27780968862737
0.2422	4.212036995363631	232.25398064290127
0.2432	4.249589214149789	233.2303059646774
0.2442	4.287305887788261	234.2067856952208
0.2452	4.3251870680063	235.1834198756703
0.2462	4.363232806546342	236.16020854704018
0.2472	4.401443155165981	237.13715175022162
0.2482	4.439818165637962	238.11424952598446
0.2492	4.478357889750148	239.0915019149785
0.2502	4.517062379305516	240.06890895773512
0.2512	4.5559316861221255	241.0464706946688
0.2522	4.594965862033112	242.02418716607855
0.2532	4.634164958886662	243.00205841214927
0.2542	4.673529028545998	243.98008447295322
0.2552	4.713058122889364	244.95826538845142
0.2562	4.752752293810004	245.936601198495
0.2572	4.7926115932161535	246.91509194282656
0.2582	4.832636073031009	247.89373766108142
0.2592	4.8728257851927275	248.87253839278907
0.2602	4.9131807816544	249.85149417737426
0.2612	4.953701114384042	250.83060505415847
0.2622	4.994386835364575	251.80987106236103
0.2632	5.0352379965938105	252.78929224110033
0.2642	5.076254650084437	253.7688686293951
0.2652	5.117436847864006	254.74860026616554
0.2662	5.158784641974916	255.72848719023455
0.2672	5.200298084474395	256.70852944032885
0.2682	5.241977227434493	257.68872705508005
0.2692	5.283822122942064	258.6690800730259
0.2702	5.325832823098752	259.6495885326113
0.2712	5.368009380020978	260.6302524721894
0.2722	5.410351845839928	261.6110719300227
0.2732	5.452860272701538	262.59204694428416
0.2742	5.495534712766481	263.573177553058
0.2752	5.538375218210153	264.55446379434085
0.2762	5.581381841222665	265.535905706043
0.2772	5.6245546340088275	266.51750332598914
0.2782	5.667893648788137	267.49925669191924
0.2792	5.711398937794761	268.4811658414897
0.2802	5.75507055327754	269.46323081227445
0.2812	5.798908547499955	270.44545164176543
0.2822	5.842912972740129	271.4278283673739
0.2832	5.88708388129082	272.41036102643125
0.2842	5.931421325459395	273.39304965618993
0.2852	5.975925357567827	274.3758942938241
0.2862	6.020596029952685	275.35889497643086
0.2872	6.065433394965125	276.34205174103096
0.2882	6.110437504970866	277.3253646245694
0.28919999999999996	6.1556084123501975	278.30883366391663
0.29019999999999996	6.20094616949796	279.2924588958694
0.29119999999999996	6.246450828823531	280.2762403571512
0.29219999999999996	6.2921224427508236	281.2601780844134
0.29319999999999996	6.337961063718265	282.2442721142357
0.29419999999999996	6.3839667441788	283.22852248312734
0.29519999999999996	6.430139536599874	284.21292922752764
0.29619999999999996	6.476479493463421	285.19749238380666
0.29719999999999996	6.522986667265862	286.18221198826626
0.29819999999999997	6.56966111051808	287.16708807714036
0.29919999999999997	6.616502875745437	288.1521206865963
0.30019999999999997	6.663512015487738	289.13730985273486
0.30119999999999997	6.710688582299239	290.1226556115916
0.30219999999999997	6.7580326287486265	291.10815799913706
0.30319999999999997	6.8055442074190236	292.09381705127794
0.30419999999999997	6.853223370907963	293.07963280385724
0.30519999999999997	6.901175390703138	294.0656052926554
0.30619999999999997	6.950157512548785	295.0517348972432
0.3072	7.001515279209577	296.03802446579726
0.3082	7.055249851573475	297.0244812108428
0.3092	7.111362440024361	298.01111230186723
0.3102	7.169854304062998	298.9979248658978
0.3112	7.2307267519344025	299.9849259880706
0.3122	7.293981140261495	300.972122712191
0.3132	7.359618873684925	301.95952204128577
0.3142	7.427641404508954	302.9471309381471
0.3152	7.498050232353296	303.93495632586826
0.3162	7.570846903810807	304.92300508837167
0.3172	7.646033012110935	305.91128407092924
0.3182	7.723610196788774	306.89980008067465
0.3192	7.803580143359719	307.88855988710867
0.3202	7.88594458299955	308.8775702225969
0.3212	7.970705292229846	309.86683778286016
0.3222	8.057864092608702	310.856369227458
0.3232	8.147422850426599	311.8461711802653
0.3242	8.239383476407363	312.8362502299417
0.3252	8.33374792541412	313.8266129303947
0.3262	8.430518196160145	314.8172658012357
0.3272	8.529696330924605	315.8082153282304
0.3282	8.631284415272937	316.7994679637416
0.3292	8.735284577782009	317.791030127167
0.3302	8.841698989769785	318.7829082053698
0.3312	8.95052986502957	319.7751085531041
0.3322	9.061779459568603	320.7676374934337
0.3332	9.175450071351122	321.7605013181457
0.3342	9.291544040045615	322.7537062881577
0.3352	9.41006374677637	323.7472586339197
0.3362	9.531011613879127	324.7411645558109
0.3372	9.654390104660841	325.73543022453
0.3382	9.78020172316343	326.73006178148114
0.3392	9.908449013931516	327.7250653391543
0.3402	10.03913456178399	328.7204469815
0.3412	10.172260991589491	329.7162127642999
0.3422	10.307830968045542	330.71236871553134
0.3432	10.445847195461466	331.7089208357279
0.3442	10.586312417544907	332.7058750983344
0.3452	10.729229417191958	333.70323745005766
0.3462	10.874601016280788	334.70101381121236
0.3472	11.02243007546878	335.69921007606234
0.3482	11.17271949399304	336.6978321131574
0.3492	11.325472209474292	337.6968857656655
0.3502	11.480691197724111	338.696376851701
0.3512	11.638379472555345	339.6963111646481
0.35219999999999996	11.798540085595832	340.6966944734803
0.35319999999999996	11.961176126105222	341.6975325230761
0.35419999999999996	12.126290720794897	342.6988310345297
0.35519999999999996	12.29388703365098	343.7005957054582
0.35619999999999996	12.463968265760403	344.7028322103054
0.35719999999999996	12.636537655139817	345.70554620064036
0.35819999999999996	12.81159847656758	346.7087433054534
0.35919999999999996	12.989154041418525	347.71242913144795
0.36019999999999996	13.169207697501577	348.716609263328
0.36119999999999997	13.351762828900203	349.72128926408305
0.36219999999999997	13.536822855815549	350.72647467526843
0.36319999999999997	13.724391234412415	351.73217101728306
0.36419999999999997	13.914471456667707	352.7383837896427
0.36519999999999997	14.107067050221703	353.74511847125063
0.36619999999999997	14.302181578231828	354.75238052066464
0.36719999999999997	14.499818639228948	355.76017537636045
0.36819999999999997	14.699981866976286	356.7685084569923
0.3692	14.902674930330718	357.7773851616502
0.3702	15.107901533106556	358.7868108701137
0.3712	15.31566541394176	359.7967909431031
0.3722	15.525970346166472	360.807330722527
0.3732	15.738820137673944	361.8184355317275
0.3742	15.954218630793724	362.83011067572176
0.3752	16.172169702167153	363.84236144144097
0.3762	16.392677262625114	364.8551930979667
0.3772	16.61574525706788	365.8686108967637
0.3782	16.841377664347334	366.88262007191065
0.3792	17.069578497151138	367.8972258403276
0.3802	17.3003518018892	368.9124334020014
0.3812	17.533701658582018	369.92824794020726
0.3822	17.769632180751337	370.94467462172923
0.3832	18.008147515312604	371.9617185970768
0.3842	18.24925184246957	372.97938500069966
0.3852	18.4929493756108	373.99767895119965
0.3862	18.739244361208193	375.01660555154035
0.3872	18.988141078717355	376.0361698892543
0.3882	19.239643840479843	377.05637703664763
0.3892	19.49375699162747	378.0772320510026
0.3902	19.750484909988163	379.0987399747775
0.3912	20.009832005993896	380.1209058358045
0.3922	20.27180272259027	381.143734647485
0.3932	20.536401535147945	382.16723140898335
0.3942	20.803632951375747	383.1914011054174
0.3952	21.07350151123558	384.2162487080478
0.3962	21.34601178685897	385.2417791744645
0.3972	21.621168382465314	386.2679974487719
0.3982	21.898975934281815	387.294908461771
0.3992	22.179439110465047	388.32251713114044
0.4002	22.462562611024072	389.35082836161473
0.4012	22.748351167745227	390.3798470451611
0.4022	23.03680954411846	391.4095780611542
0.4032	23.32794253526518	392.4400262765486
0.4042	23.62175496786779	393.4711965460501
0.4052	23.918251700100434	394.50309371228417
0.4062	24.217437621561604	395.5357226059635
0.4072	24.51931765320799	396.56908804605325
0.4082	24.82389674728982	397.60319483993464
0.4092	25.13117988728766	398.6380477835665
0.4102	25.44117208785073	399.67365166164575
0.4112	25.75387839473646	400.71001124776546
0.4122	26.069303884751523	401.7471313045716
0.4132	26.387453665694267	402.78501658391804
0.4142	26.708332876298375	403.82367182701967
0.4152	27.0319466861781	404.8631017646047
0.4162	27.358300295774523	405.9033111170644
0.41719999999999996	27.687398936303314	406.9443045946015
0.41819999999999996	28.019247869703793	407.98608689737773
0.41919999999999996	28.353852388589143	409.0286627156591
0.42019999999999996	28.691217816197895	410.07203672995956
0.42119999999999996	29.031349506346828	411.1162136111841
0.42219999999999996	29.37425284338489	412.1611980207693
0.42319999999999997	29.719933242148482	413.2069946108232
0.42419999999999997	30.06839614791779	414.2536080242633
0.42519999999999997	30.419647036374514	415.3010428949536
0.42619999999999997	30.773691413560552	416.3493038478395
0.42719999999999997	31.130534815838008	417.3983954990823
0.42819999999999997	31.49018280985025	418.4483224561916
0.42919999999999997	31.85264099248417	419.4990893181567
0.43019999999999997	32.2179149908335	420.5507006755766
0.43119999999999997	32.586010462163244	421.60316111078873
0.4322	32.9569330938753	422.65647519799643
0.4332	33.33068860347502	423.7106475033951
0.4342	33.707282738538964	424.76568258529716
0.4352	34.08672127668361	425.8215849942557
0.4362	34.46901002553526	426.8783592731873
0.4372	34.85415482270074	427.93600995749284
0.4382	35.242161535739456	428.9945415751782
0.4392	35.63303606213611	430.05395864697266
0.4402	36.02678432927466	431.1142656864473
0.4412	36.42341229441324	432.1754672001314
0.4422	36.82292594465995	433.2375676876279
0.4432	37.22533129694977	434.3005716417284
0.4442	37.630634398022266	435.36448354852604
0.4452	38.03884132440037	436.429307887528
0.4462	38.44995818237012	437.495049131767
0.4472	38.86399110796116	438.56171174791126
0.4482	39.280946266928396	439.6293001963737
0.4492	39.70082985473436	440.6978189314204
0.4502	40.12364809653265	441.7672724012775
0.4512	40.54940724715201	442.8376650482376
0.4522	40.9781135910817	443.90900130876497
0.4532	41.409773442457286	444.9812856135996
0.4542	41.844393145047576	446.05452238786063
0.4552	42.28197907224241	447.12871605114884
0.4562	42.722537627041135	448.20387101764794
0.4572	43.16607524204213	449.27999169622524
0.4582	43.61259837943297	450.35708249053107
0.4592	44.06211353098152	451.43514779909765
0.4602	44.51462721802782	452.51419201543683
0.4612	44.97014599147687	453.59421952813744
0.4622	45.42867643179193	454.6752347209608
0.4632	45.890225148989046	455.7572419729367
0.4642	46.354798782632	456.84024565845726
0.4652	46.82240400182813	457.9242501473708
0.4662	47.293047505225076	459.00925980507475
0.4672	47.76673602100805	460.09527899260746
0.4682	48.24347630689806	461.1823120667396
0.4692	48.723266575831715	462.27036338006434
0.4702	49.205653700307046	463.3594372628441
0.4712	49.68894070851932	464.44953706473774
0.4722	50.17312832026019	465.54066251826697
0.4732	50.65821725617358	466.63281335861063
0.4742	51.14420823775338	467.7259893235897
0.4752	51.63110198734124	468.82019015365273
0.4762	52.118899228124064	469.9154155918605
0.4772	52.607600684131874	471.01166538387156
0.4782	53.09720708023552	472.1089392779278
0.4792	53.58771914214446	473.20723702483986
0.48019999999999996	54.07913759640449	474.3065583779727
0.48119999999999996	54.57146317039576	475.4069030932318
0.48219999999999996	55.06469659233033	476.50827092904854
0.48319999999999996	55.55883859125014	477.6106616463664
0.48419999999999996	56.05388989702504	478.7140750086273
0.48519999999999996	56.549851240350435	479.8185107817574
0.48619999999999997	57.04672335274541	480.92396873415396
0.48719999999999997	57.5445069665506	482.0304486366714
0.48819999999999997	58.04320281492606	483.13795026260783
0.48919999999999997	58.54281163184943	484.2464733876921
0.49019999999999997	59.04333415211379	485.3560177900701
0.49119999999999997	59.544771111325765	486.466583250292
0.49219999999999997	60.04712324590351	487.57816955129897
0.49319999999999997	60.550391293074824	488.69077647841044
0.4942	61.054575990875236	489.8044038193112
0.4952	61.55967807814598	490.9190513640384
0.4962	62.065698294532325	492.0347189049696
0.4972	62.572637380481524	493.15140623680963
0.4982	63.080496077241065	494.26911315657827
0.4992	63.589275126856876	495.3878394635982
0.5002	64.0989752721714	496.5075849594825
0.5012	64.60959725682187	497.6283494481224
0.5022	65.12114182523861	498.75013273567566
0.5032	65.63360972264316	499.87293463055425
0.5042	66.14700169504661	500.9967549434126
0.5052	66.66131848924789	502.12159348713584
0.5062	67.17656085283195	503.24745007682793
0.5072	67.69272953416831	504.3743245298005
0.5082	68.2098252824091	505.50221666556075
0.5092	68.72784884748768	506.63112630580054
0.5102	69.24680098011677	507.7610532743848
0.5112	69.766682431787	508.89199739734016
0.5122	70.28749395476531	510.02395850284427
0.5132	70.80923630209315	511.15693642121414
0.5142	71.33191022758514	512.2909309848955
0.5152	71.85551648582752	513.4259420284518
0.5162	72.38005583217631	514.5619693885533
0.5172	72.90552902275623	515.6990129039665
0.5182	73.43193681445874	516.8370724155432
0.5192	73.95927996494096	517.9761477662103
0.5202	74.48755923262378	519.1162388009585
0.5212	75.01677537669082	520.2573453668332
0.5222	75.5469291570866	521.3994673129226
0.5232	76.0780213345153	522.5426044903486
0.5242	76.6100526704394	523.686756752256
0.5252	77.14302392707808	524.8319239538025
0.5262	77.67693586740589	525.9781059521488
0.5272	78.2117892551515	527.1253026064484
0.5282	78.74758485479619	528.2735137778377
0.5292	79.28432343157249	529.4227393294263
0.5302	79.82200575146298	530.5729791262874
0.5312	80.3606325811988	531.7242330354474
0.5322	80.90020468825841	532.8765009258769
0.5332	81.44072284086634	534.0297826684814
0.5342	81.98218780799185	535.184078136091
0.5352	82.5246003593476	536.3393872034515
0.5362	83.0679612653885	537.4957097472148
0.5372	83.61227129731043	538.6530456459302
0.5382	84.15753122704885	539.8113947800342
0.5392	84.70374182727788	540.9707570318424
0.5402	85.25090387140881	542.1311322855395
0.5412	85.79901813358902	543.2925204271709
0.5422	86.34808538870077	544.4549213446335
0.5432	86.89810641236005	545.618334927667
0.5442	87.44908198091541	546.7827610678447
0.5452	88.00101287144679	547.9481996585653
0.5462	88.55389986176432	549.1146505950435
0.5472	89.10774373040734	550.2821137743019
0.5482	89.66254525664317	551.4505890951624
0.5492	90.21830522046598	552.6200764582372
0.5502	90.77502440259578	553.790575765921
0.5512	91.33270358447729	554.9620869223818
0.5522	91.89134354827895	556.1346098335538
0.5532	92.4509450768916	557.3081444071275
0.5542	93.01150895392784	558.4826905525432
0.5552	93.57303596372053	559.6582481809812
0.5562	94.13552689132221	560.8348172053551
0.5572	94.69898252250366	562.0123975403025
0.5582	95.26340364375316	563.1909891021779
0.5592	95.82879104227547	564.3705918090446
0.5602	96.39514550599077	565.5512055806668
0.5612	96.96246782353354	566.7328303385009
0.5622	97.530758784252	567.9154660056894
0.5632	98.10001917820676	569.0991125070518
0.5642	98.67024979616994	570.2837697690774
0.5652	99.24145142962443	571.4694377199177
0.5662	99.81362487076278	572.6561162893787
0.5672	100.38677091248623	573.8438054089137
0.5682	100.96089034840409	575.0325050116156
0.5692	101.53598397283244	576.2222150322093
0.5702	102.11205258079359	577.4129354070449
0.5712	102.68909696801487	578.6046660740894
0.5722	103.26711793092821	579.7974069729211
0.5732	103.84611626666866	580.9911580447204
0.5742	104.42609277307409	582.185919232264
0.5752	105.00704824868407	583.3816904799177
0.5762	105.58898349273903	584.5784717336284
0.5771999999999999	106.17189930517951	585.776262940918
0.5781999999999999	106.75579648664534	586.9750640508763
0.5791999999999999	107.34067583847484	588.174875014154
0.5801999999999999	107.92653816270378	589.3756957829553
0.5811999999999999	108.51338426206497	590.5775263110318
0.5821999999999999	109.10121493998712	591.7803665536751
0.5831999999999999	109.69003100059439	592.9842164677109
0.5841999999999999	110.27983324870523	594.1890760114912
0.5851999999999999	110.87062248983207	595.3949451448888
0.5861999999999999	111.46239953018015	596.6018238292895
0.5871999999999999	112.05516517664702	597.8097120275868
0.5882	112.64892023682171	599.0186097041742
0.5892	113.24366551898399	600.2285168249394
0.5902	113.83940183210379	601.439433357258
0.5912	114.43612998584028	602.6513592699865
0.5922	115.03385079054125	603.8642945334564
0.5932	115.63256505724237	605.0782391194675
0.5942	116.23227359766673	606.2931930012826
0.5952	116.83297722422365	607.5091561536196
0.5962	117.43467675000868	608.7261285526474
0.5972	118.03737298880219	609.9441101759776
0.5982	118.64106675506945	611.1631010026601
0.5992	119.24575886395924	612.3831010131761
0.6002	119.85145013130386	613.6041101894324
0.6012	120.45814137361803	614.8261285147554
0.6022	121.0658334080985	616.0491559738851
0.6032	121.67452705262325	617.2731925529692
0.6042	122.284223125751	618.4982382395572
0.6052	122.89492244672059	619.7242930225945
0.6062	123.50662583545034	620.9513568924169
0.6072	124.1193341125373	622.1794298407445
0.6082	124.733048099257	623.4085118606763
0.6092	125.34776861756258	624.6386029466842
0.6102	125.96349649008422	625.8697030946072
0.6112	126.5802325401287	627.1018123016465
0.6122	127.19797759167886	628.3349305663596
0.6132	127.81673246939282	629.5690578886542
0.6142	128.4364979986035	630.8041942697832
0.6152	129.05727500531836	632.0403397123397
0.6162	129.67906431621833	633.2774942202502
0.6172	130.3018667586578	634.5156577987707
0.6182	130.9256831606638	635.7548304544806
0.6192	131.5505143509354	636.9950121952771
0.6202	132.17636115884343	638.2362030303705
0.6212	132.80322441442993	639.4784029702786
0.6222	133.4311049484074	640.7216120268214
0.6232	134.06000359215852	641.9658302131162
0.6242	134.68992117773576	643.2110575435722
0.6252	135.32085853786066	644.4572940338857
0.6262	135.95281650592318	645.7045397010339
0.6272	136.58579591598195	646.9527945632717
0.6282	137.2197976027628	648.2020586401247
0.6292	137.8548224016593	649.4523319523859
0.6302	138.49087114873146	650.7036145221092
0.6312	139.12794468070567	651.9559063726055
0.6322	139.76604383497443	653.2092075284376
0.6332	140.4051694495955	654.4635180154148
0.6342	141.0453223632916	655.7188378605888
0.6352	141.68650341545015	656.975167092248
0.6362	142.32871344612272	658.2325057399137
0.6372	142.97195329602445	659.4908538343344
0.6382	143.616223806534	660.750211407482
0.6392	144.2615258196927	662.0105784925457
0.6402	144.90786017820457	663.2719551239292
0.6412	145.55522772543551	664.5343413372442
0.6422	146.20362930541333	665.7977371693073
0.6432	146.8530657628269	667.0621426581342
0.6442	147.50353794302626	668.327557842936
0.6452	148.1550466920217	669.593982764114
0.6462	148.80759285648384	670.8614174632556
0.6472	149.4611772837431	672.1298619831301
0.6482	150.1158008217891	673.3993163676831
0.6492	150.7714643192708	674.6697806620336
0.6502	151.42816862549554	675.9412549124684
0.6512	152.08591459042933	677.2137391664382
0.6522	152.7447030646959	678.4872334725534
0.6532	153.4045348995767	679.7617378805792
0.6542	154.06541094701063	681.0372524414321
0.6552	154.72733205959335	682.3137772071748
0.6562	155.3902990905772	683.5913122310126
0.6572	156.05431289387099	684.8698575672889
0.6582	156.7193743240394	686.1494132714811
0.6592	157.38548423630283	687.4299794001962
0.6602	158.05264348653702	688.7115560111669
0.6612	158.72085293127273	689.9941431632471
0.6622	159.39011342769564	691.2777409164089
0.6632	160.06042583364572	692.562349331737
0.6642	160.7317910076172	693.8479684714255
0.6652	161.40420980875805	695.1345983987738
0.6662	162.07768309687003	696.4222391781828
0.6672	162.752211732408	697.7108908751503
0.6682	163.42779657648006	699.0005535562676
0.6692	164.10443849084683	700.2912272892154
0.6702	164.78213833792154	701.5829121427597
0.6712	165.46089698076972	702.8756081867484
0.6722	166.1407152831086	704.1693154921068
0.6732	166.82159410930737	705.4640341308342
0.6742	167.5035343243865	706.759764176
0.6752	168.18653679401777	708.05650570174
0.6762	168.87060238452378	709.3542587832522
0.6772	169.5557319628779	710.6530234967937
0.6782	170.24192639670406	711.9527999196764
0.6792	170.9291865542762	713.2535881302636
0.6802	171.61751330451855	714.5553882079661
0.6812	172.30690751700482	715.8582002332387
0.6822	172.9973700619585	717.1620242875767
0.6832	173.68890181025225	718.466860453512
0.6842	174.3815036334079	719.7727088146094
0.6852	175.07517640359632	721.0795694554635
0.6862	175.7699209936369	722.3874424616946
0.6872	176.46573827699754	723.6963279199455
0.6882	177.16262912779453	725.006225917878
0.6892	177.86059442079215	726.3171365441693
0.6902	178.55963503140265	727.6290598885084
0.6912	179.25975183568593	728.9419960415928
0.6922	179.96094571034945	730.2559450951248
0.6932	180.663217532748	731.5709071418088
0.6942	181.36656818088358	732.8868822753468
0.6952	182.07099853340497	734.203870590436
0.6962	182.776509469608	735.521872182765
0.6972	183.483101869435	736.8408871490105
0.6982	184.1907766134748	738.1609155868339
0.6992	184.89953458296253	739.4819575948779
0.7002	185.60937665977946	740.8040132727638
0.7012	186.3203037264528	742.1270827210875
0.7022	187.03231666615574	743.4511660414169
0.7032	187.74541636270698	744.7762633362878
0.7041999999999999	188.45960370057077	746.1023747092017
0.7051999999999999	189.17487956485695	747.4295002646222
0.7061999999999999	189.89124484132037	748.7576401079713
0.7071999999999999	190.60870041636116	750.0867943456271
0.7081999999999999	191.32724717702428	751.41696308492
0.7091999999999999	192.04688601099957	752.7481464341297
0.7101999999999999	192.7676178066217	754.0803445024827
0.7111999999999999	193.4894434528699	755.4135574001485
0.7121999999999999	194.21236383936767	756.7477852382366
0.7132	194.936379856383	758.0830281287937
0.7142	195.66149239482817	759.4192861848006
0.7152	196.38770234625954	760.7565595201693
0.7162	197.11501060287736	762.0948482497394
0.7172	197.84341805752592	763.4341524892759
0.7182	198.57292560369322	764.774472355466
0.7192	199.30353413551092	766.1158079659156
0.7202	200.0352445477544	767.4581594391472
0.7212	200.76805773584235	768.8015268945961
0.7222	201.50197459583694	770.1459104526084
0.7232	202.2369960244438	771.4913102344376
0.7242	202.97312291901153	772.8377263622416
0.7252	203.71035617753196	774.18515895908
0.7262	204.44869669863996	775.5336081489114
0.7272	205.18814538161342	776.8830740565907
0.7282	205.9287031263731	778.2335568078655
0.7292	206.6703708334825	779.5850565293742
0.7302	207.41314940414802	780.937573348643
0.7312	208.15703974021852	782.2911073940827
0.7322	208.90204274418568	783.6456587949864
0.7332	209.6481593191836	785.0012276815266
0.7342	210.3953903689888	786.3578141847524
0.7352	211.14373679802046	787.715418436587
0.7362	211.89319951133987	789.0740405698249
0.7372	212.6437794146508	790.4336807181292
0.7382	213.39547741429922	791.7943390160287
0.7392	214.1482944172732	793.1560155989159
0.7402	214.9022313312032	794.5187106030437
0.7412	215.65728906436166	795.882424165523
0.7422	216.41346852566312	797.2471564243207
0.7432	217.17077062466413	798.6129075182556
0.7442	217.92919627156323	799.9796775869975
0.7452	218.68874637720108	801.3474667710636
0.7462	219.44942185306016	802.7162752118165
0.7472	220.21122361126467	804.086103051461
0.7482	220.97415256458106	805.4569504330424
0.7492	221.73820962641747	806.8288175004434
0.7502	222.50339571082364	808.2017043983816
0.7512	223.26971173249154	809.5756112724076
0.7522	224.03715860675467	810.9505382689019
0.7532	224.8057372495883	812.3264855350726
0.7542	225.57544857760954	813.7034532189531
0.7552	226.34629350807722	815.0814414693996
0.7562	227.11827295889202	816.4604504360888
0.7572	227.89138784859617	817.8404802695151
0.7582	228.6656390963737	819.2215311209886
0.7592	229.44102762205043	820.6036031426327
0.7602	230.21755434609392	821.9866964873816
0.7612	230.99522018961326	823.3708113089776
0.7622	231.7740260743596	824.75594776197
0.7632	232.5539729227255	826.1421060017109
0.7642	233.33506165774546	827.5292861843543
0.7652	234.11729320309573	828.9174884668537
0.7662	234.90066848309422	830.3067130069588
0.7672	235.68518842270083	831.6969599632146
0.7682	236.470853947517	833.0882294949578
0.7692	237.2576659837862	834.4805217623156
0.7702	238.04562545839363	835.8738369262027
0.7712	238.8347332988664	837.2681751483196
0.7722	239.62499043337357	838.6635365911503
0.7732	240.4163977907259	840.0599214179596
0.7742	241.20895630037637	841.4573297927914
0.7752	242.0026668924197	842.8557618804663
0.7762	242.7975304975928	844.2552178465796
0.7772	243.59354804727454	845.655697857499
0.7782	244.39072047348589	847.0572020803625
0.7792	245.18904870888986	848.4597306830758
0.7802	245.9885336867917	849.8632838343111
0.7812	246.78917634113884	851.2678617035043
0.7822	247.59097760652097	852.6734644608529
0.7832	248.39393841817005	854.0800922773141
0.7842	249.19805971196033	855.4877453246027
0.7852	250.00334242440866	856.8964237751892
0.7862	250.80978749267402	858.306127802297
0.7872	251.61739585455808	859.7168575799014
0.7882	252.42616844850505	861.1286132827266
0.7892	253.23610621360172	862.5413950862443
0.7902	254.04721008957742	863.9552031666711
0.7912	254.8594810168045	865.3700377009674
0.7922	255.67291993629777	866.7858988668343
0.7932	256.48752778971516	868.2027868427124
0.7942	257.3033055193573	869.6207018077794
0.7952	258.120254068168	871.0396439419483
0.7962	258.93837437973406	872.4596134258655
0.7972	259.75766739828526	873.8806104409086
0.7982	260.57813406869485	875.3026351691848
0.7992	261.399775336479	876.7256877935283
0.8002	262.22259214779774	878.1497684974995
0.8012	263.04658544945397	879.5748774653817
0.8022	263.87175618889455	881.0010148821807
0.8032	264.6981053142095	882.4281809336213
0.8042	265.52563377413304	883.8563758061468
0.8052	266.3543425180427	885.2855996869165
0.8062	267.1842324959601	886.7158527638036
0.8072	268.0153046585507	888.1471352253938
0.8082	268.84755995712396	889.5794472609832
0.8092	269.6809993436335	891.0127890605768
0.8102	270.51562377067717	892.4471608148859
0.8112	271.35143419149705	893.8825627153273
0.8122	272.1884315599796	895.3189949540206
0.8132	273.02661683065605	896.756457723787
0.8142	273.8659909587018	898.194951218147
0.8152	274.70655489993726	899.6344756313194
0.8162	275.5483096108274	901.0750311582184
0.8172	276.3912560484823	902.5166179944526
0.8182	277.235395170657	903.9592363363234
0.8192	278.08072793575155	905.4028863808227
0.8202	278.9272553028113	906.8475683256312
0.8212	279.7749782315269	908.2932823691172
0.8222	280.62389768223466	909.7400287103343
0.8232	281.4740146159159	911.1878075490199
0.8242	282.3253299941982	912.6366190855938
0.8252	283.17784477935464	914.0864635211557
0.8262	284.03155993430414	915.5373410574845
0.8272	284.88647642261185	916.9892518970357
0.8282	285.7425952084889	918.4421962429407
0.8292	286.59991725679276	919.896174299004
0.8302	287.4584435330272	921.3511862697025
0.8312	288.3181750033427	922.8072323601834
0.8322	289.179112634536	924.2643127762626
0.8331999999999999	290.0412573940509	925.7224277244229
0.8341999999999999	290.9046102499783	927.1815774118134
0.8351999999999999	291.7691721710555	928.6417620462458
0.8361999999999999	292.63494412666756	930.1029818361952
0.8371999999999999	293.50192708684637	931.5652369907966
0.8382	294.3701220222715	933.0285277198444
0.8392	295.23952990427006	934.4928542337905
0.8402	296.11015170481676	935.9582167437422
0.8412	296.98198839653406	937.4246154614619
0.8422	297.8550409526927	938.8920505993643
0.8432	298.72931034721125	940.3605223705155
0.8442	299.60479755465656	941.8300309886307
0.8452	300.481503550244	943.300576668074
0.8462	301.35942930983737	944.7721596238555
0.8472	302.2385758099492	946.2447800716307
0.8482	303.11894402774095	947.7184382276982
0.8492	304.00053494102275	949.1931343089992
0.8502	304.88334952825426	950.6688685331152
0.8512	305.76738876854404	952.1456411182664
0.8522	306.6526536416505	953.623452283311
0.8532	307.5391451279813	955.1023022477431
0.8542	308.4268642085939	956.5821912316909
0.8552	309.31581186519577	958.0631194559165
0.8562	310.20598908014443	959.5450871418133
0.8572	311.09739683644744	961.0280945114046
0.8582	311.99003611776294	962.5121417873428
0.8592	312.88390790839946	963.9972291929075
0.8602	313.7790131933164	965.4833569520044
0.8612	314.67535295812377	966.9705252891632
0.8622	315.57292818908286	968.458734429537
0.8632	316.471739873106	969.9479845989002
0.8642	317.37178899775694	971.4382760236479
0.8652	318.2730765512508	972.9296089307933
0.8662	319.1756035224547	974.4219835479676
0.8672	320.07937090088745	975.9154001034179
0.8682	320.98437967671975	977.4098588260058
0.8692	321.8906308407748	978.9053599452063
0.8702	322.7981253845279	980.4019036911062
0.8712	323.70686430010716	981.899490294403
0.8722	324.6168485802933	983.3981199864032
0.8732	325.5280792185201	984.8977929990216
0.8742	326.44055720887394	986.3985095647787
0.8752	327.35428354609525	987.9002699168011
0.8762	328.2692592255773	989.4030742888186
0.8772	329.18548524336717	990.9069229151638
0.8782	330.1029625961659	992.4118160307705
0.8792	331.0216922813282	993.9177538711722
0.8802	331.9416752968634	995.4247366725012
0.8812	332.86291264143483	996.9327646714871
0.8822	333.78540531436056	998.4418381054553
0.8832	334.70915431561343	999.9519572123264
0.8842	335.634160645821	1001.4631222306139
0.8852	336.56042530626627	1002.9753333994237
0.8862	337.4879492988873	1004.4885909584527
0.8872	338.41673362627785	1006.0028951479874
0.8882	339.34677929168726	1007.5182462089026
0.8892	340.27808729902074	1009.0346443826603
0.8902	341.21065865283975	1010.5520899113084
0.8912	342.1444943583619	1012.0705830374793
0.8922	343.0795954214614	1013.5901240043893
0.8932	344.015962848669	1015.1107130558363
0.8942	344.95359764717256	1016.6323504361998
0.8952	345.89250082481675	1018.1550363904383
0.8962	346.8326733901037	1019.6787711640897
0.8972	347.7741163521931	1021.2035550032685
0.8982	348.7168307209022	1022.729388154666
0.8992	349.6608175067062	1024.2562708655482
0.9002	350.6060777207383	1025.7842033837546
0.9012	351.5526123747903	1027.313185957698
0.9022	352.5004224813123	1028.8432188363618
0.9032	353.449509053413	1030.3743022693002
0.9042	354.3998731048603	1031.906436506636
0.9052	355.3515156500813	1033.439621799061
0.9062	356.304437704162	1034.9738583978321
0.9072	357.25864028284866	1036.5091465547737
0.9082	358.2141244025468	1038.0454865222732
0.9092	359.170891080322	1039.582878553282
0.9102	360.1289413339005	1041.1213229013138
0.9112	361.0882761816683	1042.6608198204428
0.9122	362.04889664267245	1044.2013695653038
0.9132	363.0108037366209	1045.74297239109
0.9142	363.97399848388267	1047.285628553553
0.9152	364.93848190548783	1048.829338309
0.9162	365.9042550231282	1050.3741019142942
0.9172	366.87131885915755	1051.9199196268542
0.9182	367.839674436591	1053.46679170465
0.9192	368.8093227791067	1055.0147184062057
0.9202	369.7802649110443	1056.563699990595
0.9212	370.7525018574071	1058.1137367174433
0.9222	371.7260346438603	1059.6648288469235
0.9232	372.7008642967329	1061.2169766397571
0.9242	373.67699184301694	1062.770180357213
0.9252	374.65441831036793	1064.3244402611047
0.9262	375.6331447271056	1065.8797566137919
0.9272	376.61317212221303	1067.4361296781767
0.9282	377.59450152533805	1068.9935597177048
0.9292	378.57713396679304	1070.5520469963635
0.9302	379.5610704775546	1072.1115917786801
0.9312	380.54631208926486	1073.6721943297223
0.9322	381.5328598342306	1075.2338549150954
0.9332	382.52071474542424	1076.796573800943
0.9342	383.50987785648414	1078.360351253945
0.9352	384.5003502017141	1079.9251875413167
0.9362	385.49213281608445	1081.4910829308083
0.9372	386.4852267352313	1083.0580376907026
0.9382	387.4796329954582	1084.626052089816
0.9392	388.4753526337349	1086.195126397496
0.9402	389.4723866876984	1087.7652608836206
0.9412	390.4707361956532	1089.336455818597
0.9422	391.4704021965713	1090.9087114733613
0.9432	392.4713857300925	1092.4820281193777
0.9442	393.4736878365246	1094.056406028636
0.9452	394.4773095568438	1095.6318454736524
0.9462	395.48225193269496	1097.2083467274676
0.9472	396.4885160063915	1098.785910063646
0.9482	397.49610282091595	1100.3645357562746
0.9492	398.50501341992043	1101.9442240799626
0.9502	399.51524884772635	1103.52497530984
0.9512	400.52681014932483	1105.1067897215567
0.9522	401.53969837037744	1106.6896675912815
0.9532	402.5539145572157	1108.2736091957015
0.9542	403.5694597568417	1109.8586148120207
0.9552	404.5863350169285	1111.4446847179595
0.9562	405.60454138582026	1113.0318191917538
0.9572	406.62407991253235	1114.6200185121538
0.9582	407.6449516467517	1116.2092829584228
0.9592	408.66715763883724	1117.7996128103373
0.9601999999999999	409.6906989398196	1119.3910083481849
0.9611999999999999	410.7155766014024	1120.9834698527645
0.9621999999999999	411.74179167596134	1122.5769976053846
0.9632	412.7693491810924	1124.1715918878626
0.9642	413.7982679809528	1125.767252986637
0.9652	414.82855695078604	1127.3639812071183
0.9662	415.8602172049911	1128.9617768632806
0.9672	416.89324985869473	1130.5606402696023
0.9682	417.92765602775165	1132.160571741064
0.9692	418.9634368287449	1133.7615715931477
0.9702	420.000593378986	1135.3636401418373
0.9712	421.0391267965159	1136.9667777036166
0.9722	422.07903820010443	1138.5709845954686
0.9732	423.1203287092513	1140.1762611348752
0.9742	424.1629994441864	1141.7826076398167
0.9752	425.2070515258697	1143.3900244287693
0.9762	426.25248607599207	1144.9985118207067
0.9772	427.2993042169752	1146.6080701350973
0.9782	428.3475070719727	1148.218699691905
0.9792	429.39709576486905	1149.8304008115865
0.9802	430.4480714202817	1151.4431738150934
0.9812	431.50043516355987	1153.0570190238684
0.9822	432.5541881207861	1154.6719367598466
0.9832	433.6093314187755	1156.287927345454
0.9842	434.665866185077	1157.904991103606
0.9852	435.7237935479731	1159.5231283577086
0.9862	436.783114636481	1161.1423394316562
0.9872	437.84383058035155	1162.7626246498303
0.9882	438.9059425100714	1164.3839843371009
0.9892	439.96945155686154	1166.0064188188235
0.9902	441.0343588526794	1167.62992842084
0.9912	442.10066553021744	1169.254513469477
0.9922	443.16837272290485	1170.880174291545
0.9932	444.2374815649076	1172.5069112143392
0.9942	445.3079931911282	1174.1347245656366
0.9952	446.3799087372069	1175.763614673697
0.9962	447.4532293395214	1177.3935818672612
0.9972	448.5279561351873	1179.0246264755508
0.9982	449.6040902620591	1180.6567488282678
0.9992	450.6816328587294	1182.289949255593
1.0002	451.7605850645306	1183.9242280881863
1.0012	452.84094801953415	1185.5595856571854
1.0022	453.92272286455074	1187.196022294204
1.0032	455.00591074113265	1188.833538331335
1.0042	456.09051279157137	1190.472134101144
1.0052	457.1765301589003	1192.1118099366747
1.0062	458.26396398689303	1193.7525661714428
1.0072	459.352815420066	1195.3944031394399
1.0082	460.44308560367665	1197.037321175129
1.0092	461.5347756837253	1198.6813206134466
1.0102	462.6278868069544	1200.3264017898002
1.0112	463.7224201208505	1201.9725650400696
1.0122	464.8183767736422	1203.6198107006037
1.0132	465.9157579143036	1205.2681391082226
1.0142	467.0145646925512	1206.917550600214
1.0152	468.1147982588474	1208.5680455143358
1.0162	469.21645976439845	1210.219624188812
1.0172	470.319550361157	1211.8722869623355
1.0182	471.42407120181997	1213.5260341740636
1.0192	472.53002343983167	1215.1808661636219
1.0202	473.6374082293816	1216.8367832710994
1.0212	474.74622672540687	1218.493785837051
1.0222	475.85648008359107	1220.1518742024946
1.0232	476.96816946036586	1221.8110487089123
1.0242	478.08129601291006	1223.471309698248
1.0252	479.19586089915106	1225.1326575129083
1.0262	480.3118652777654	1226.795092495762
1.0272	481.4293103081773	1228.458614990137
1.0282	482.54819715056163	1230.1232253398232
1.0292	483.66852696584203	1231.7889238890689
1.0302	484.79030091569285	1233.4557109825823
1.0312	485.9135201625382	1235.123586965529
1.0322	487.0381858695539	1236.7925521835339
1.0332	488.1642992006661	1238.4626069826772
1.0342	489.2918613205533	1240.1337517094976
1.0352	490.4208733946454	1241.8059867109882
1.0362	491.5513365891253	1243.4793123345992
1.0372	492.6832520709274	1245.1537289282335
1.0382	493.8166210077406	1246.8292368402504
1.0392	494.951444568006	1248.5058364194608
1.0402	496.08772392092004	1250.183528015131
1.0412	497.2254602364316	1251.8623119769773
1.0422	498.364654685246	1253.5421886551703
1.0432	499.5053084388219	1255.2231584003293
1.0442	500.6474226693746	1256.9052215635268
1.0452	501.7909985498742	1258.5883784962837
1.0462	502.9360372540478	1260.2726295505718
1.0472	504.0825399563782	1261.9579750788107
1.0482	505.2305078321059	1263.6444154338699
1.0492	506.37994205722777	1265.3319509690652
1.0502	507.53084380849964	1267.0205820381618
1.0512	508.6832142634338	1268.7103089953691
1.0522	509.8370546003024	1270.4011321953453
1.0532	510.9923659981353	1272.0930519931921
1.0542	512.1491496367227	1273.7860687444584
1.0552	513.307406696613	1275.4801828051357
1.0562	514.4671383591163	1277.1753945316614
1.0572	515.6283458063015	1278.8717042809146
1.0582	516.7910302209993	1280.5691124102195
1.0592	517.9551927868009	1282.2676192773404
1.0602	519.1208346880596	1283.9672252404855
1.0612	520.28795710989	1285.6679306583028
1.0622	521.4565612381698	1287.3697358898823
1.0632	522.6266482595385	1289.0726412947536
1.0642	523.7982193613997	1290.776647232887
1.0652	524.9712757319194	1292.4817540646902
1.0662	526.1458185600287	1294.1879621510122
1.0672	527.3218490354218	1295.8952718531377
1.0682	528.4993683485588	1297.6036835327914
1.0692	529.6783776906635	1299.3131975521328
1.0702	530.8588782537265	1301.0238142737605
1.0712	532.0408712305031	1302.7355340607073
1.0722	533.2243578145159	1304.4483572764434
1.0732	534.409339200053	1306.1622842848722
1.0742	535.5958165821708	1307.877315450334
1.0752	536.783791156692	1309.5934511376013
1.0762	537.9732641202081	1311.3106917118814
1.0772	539.164236670078	1313.029037538814
1.0782	540.35671000443	1314.7484889844725
1.0792	541.5506853221609	1316.4690464153616
1.0802	542.7461638229371	1318.1907101984182
1.0812	543.9431467071945	1319.9134807010093
1.0822	545.1416351761403	1321.637358290935
1.0832	546.3416304317509	1323.362343336423
1.0842	547.5431336767749	1325.0884362061327
1.0852	548.7461461147316	1326.8156372691512
1.0862	549.9506689499126	1328.5439468949962
1.0872	551.1567033873811	1330.2733654536116
1.0882	552.364250632974	1332.0038933153717
1.0892	553.5733118933001	1333.7355308510757
1.0902	554.7838883757424	1335.4682784319514
1.0912	555.9959812884575	1337.2021364296522
1.0922	557.2095918403766	1338.9371052162585
1.0932	558.4247212412043	1340.6731851642744
1.0942	559.6413707014224	1342.4103766466314
1.0952	560.8595414322862	1344.1486800366838
1.0962	562.0792346458279	1345.8880957082108
1.0972	563.3004515548557	1347.6286240354152
1.0982	564.5231933729548	1349.3702653929233
1.0992	565.7474613144867	1351.1130201557835
1.1002	566.9732565945917	1352.8568886994676
1.1012	568.2005804291865	1354.6018713998683
1.1022	569.4294340349675	1356.3479686333008
1.1032	570.659818629409	1358.0951807765002
1.1042	571.8917354307649	1359.8435082066235
1.1052	573.1251856580682	1361.5929513012466
1.1062	574.3601705311324	1363.3435104383661
1.1072	575.5966912705507	1365.0951859963968
1.1082	576.8347490976981	1366.847978354174
1.1092	578.0743452347294	1368.6018878909495
1.1102	579.3154809045826	1370.356914986395
1.1112	580.5581573309763	1372.113060020598
1.1122	581.8023757384129	1373.8703233740646
1.1132	583.0481373521764	1375.6287054277166
1.1142	584.2954433983348	1377.388206562893
1.1152	585.5442951037396	1379.1488271613478
1.1162	586.7946936960266	1380.9105676052513
1.1172	588.0466404036155	1382.6734282771881
1.1182	589.3001364557119	1384.4374095601584
1.1192	590.5551830823057	1386.2025118375752
1.1202	591.8117815141737	1387.9687354932673
1.1212	593.0699329828776	1389.736080911475
1.1222	594.3296387207671	1391.5045484768532
1.1232	595.5908999609774	1393.2741385744678
1.1242	596.8537179374327	1395.0448515897988
1.1252	598.1180938848438	1396.816687908736
1.1262	599.3840290387108	1398.5896479175826
1.1272	600.6515246353213	1400.363732003051
1.1282	601.9205819117532	1402.1389405522657
1.1292	603.191202105873	1403.9152739527603
1.1302	604.4633864563385	1405.6927325924798
1.1312	605.737136202596	1407.4713168597764
1.1322	607.0124525848843	1409.2510271434135
1.1332	608.2893368442321	1411.0318638325616
1.1342	609.5677902224611	1412.813827316801
1.1352	610.8478139621837	1414.5969179861183
1.1362	612.1294093068062	1416.3811362309095
1.1372	613.4125775005263	1418.1664824419754
1.1382	614.6973197883361	1419.9529570105258
1.1392	615.9836374160215	1421.7405603281757
1.1402	617.2715316301621	1423.5292927869466
1.1412	618.561003678132	1425.319154779265
1.1422	619.8520548081015	1427.1101466979642
1.1432	621.1446862690345	1428.9022689362803
1.1442	622.4388993106928	1430.6955218878559
1.1452	623.734695183633	1432.4899059467361
1.1462	625.0320751392094	1434.2854215073717
1.1472	626.3310404295728	1436.0820689646152
1.1482	627.6315923076726	1437.879848713724
1.1492	628.9337320272548	1439.6787611503557
1.1502000000000001	630.2374608428654	1441.4788066705735
1.1512	631.5427800098479	1443.2799856708393
1.1522000000000001	632.8496907843466	1445.0822985480197
1.1532	634.1581944233043	1446.8857456993803
1.1542	635.4682921844644	1448.690327522589
1.1552	636.7799853263716	1450.4960444157146
1.1562	638.0932751083703	1452.3028967772243
1.1572	639.4081627906082	1454.1108850059877
1.1582	640.7246496340329	1455.9200095012718
1.1592	642.0427369003962	1457.7302706627447
1.1602	643.3624258522512	1459.5416688904718
1.1612	644.6837177529555	1461.3542045849185
1.1622	646.0066138666693	1463.1678781469473
1.1632	647.331115458358	1464.9826899778195
1.1642	648.65722379379	1466.7986404791927
1.1652	649.9849401395403	1468.6157300531236
1.1662	651.3142657629879	1470.4339591020637
1.1672	652.6452019323193	1472.253328028863
1.1682	653.9777499165253	1474.0738372367662
1.1692	655.3119109854053	1475.8954871294152
1.1702	656.6476864095641	1477.7182781108459
1.1712	657.985077460416	1479.5422105854914
1.1722	659.3240854101814	1481.367284958178
1.1732	660.6647115318906	1483.1935016341279
1.1742	662.0069570993817	1485.020861018956
1.1752	663.3508233873036	1486.849363518674
1.1762	664.6963116711131	1488.6790095396834
1.1772	666.0434232270792	1490.5097994887828
1.1782	667.3921593322798	1492.341733773161
1.1792	668.7425212646054	1494.1748128004017
1.1802	670.0945103027568	1496.0090369784787
1.1812	671.448127726248	1497.8444067157604
1.1822	672.8033748154039	1499.6809224210049
1.1832	674.1602528513644	1501.5185845033634
1.1842	675.5187631160803	1503.3573933723767
1.1852	676.8789068923184	1505.197349437978
1.1862	678.2406854636578	1507.0384531104894
1.1872	679.6041001144939	1508.8807048006254
1.1882	680.9691521300359	1510.7241049194881
1.1892	682.3358427963095	1512.5686538785715
1.1902	683.7041734001556	1514.4143520897571
1.1912	685.0741452292322	1516.2611999653168
1.1922	686.4457595720136	1518.1091979179103
1.1932	687.8190177177923	1519.958346360587
1.1942	689.1939209566773	1521.808645706783
1.1952	690.570470579597	1523.6600963703236
1.1962	691.9486678782976	1525.5126987654205
1.1972	693.3285141453453	1527.3664533066742
1.1982	694.7100106741248	1529.2213604090707
1.1992	696.093158758842	1531.0774204879842
1.2002	697.4779596945222	1532.9346339591739
1.2012	698.8644147770125	1534.793001238787
1.2022	700.2525253029802	1536.6525227433542
1.2032	701.6422925699162	1538.5131988897947
1.2042	703.0337178761316	1540.3750300954102
1.2052	704.4268025207623	1542.2380167778902
1.2062	705.8215478037652	1544.1021593553062
1.2072	707.2179550259228	1545.9674582461168
1.2082	708.6160254888401	1547.833913869163
1.2092	710.0157604949482	1549.701526643671
1.2102	711.4171613475013	1551.5702969892495
1.2112	712.820229350581	1553.4402253258922
1.2122	714.224965809093	1555.311312073974
1.2132	715.631372028771	1557.183557654255
1.2142	717.0394493161738	1559.0569624878758
1.2152	718.449198978689	1560.9315269963608
1.2162	719.8606223245306	1562.8072516016155
1.2172	721.2737206627422	1564.6841367259287
1.2182	722.6884953031941	1566.5621827919686
1.2192	724.1049475565881	1568.441390222787
1.2202	725.523078734453	1570.3217594418152
1.2212	726.9428901491498	1572.2032908728665
1.2222	728.3643831138678	1574.0859849401331
1.2232	729.7875589426294	1575.9698420681893
1.2242	731.2124189502865	1577.8548626819882
1.2252	732.6389644525243	1579.7410472068636
1.2262	734.067196765859	1581.6283960685278
1.2272	735.4971172076406	1583.5169096930738
1.2282	736.9287270960514	1585.406588506972
1.2292	738.362027750108	1587.297432937073
1.2302	739.797020489661	1589.189443410605
1.2312	741.2337066353955	1591.0826203551755
1.2322	742.6720875088312	1592.9769641987687
1.2332	744.1121644323243	1594.8724753697481
1.2342	745.5539387290657	1596.7691542968535
1.2352	746.9974117230842	1598.667001409203
1.2362	748.4425847392439	1600.5660171362908
1.2372	749.889459103248	1602.4662019079897
1.2382	751.3380361416355	1604.3675561545463
1.2392	752.7883171817857	1606.2700803065868
1.2402	754.240303551915	1608.173774795111
1.2412	755.6939965810801	1610.0786400514967
1.2422	757.1493975991766	1611.9846765074951
1.2432	758.606507936941	1613.891884595235
1.2442	760.0653289259496	1615.8002647472192
1.2452	761.5258618986206	1617.709817396326
1.2462	762.9881081882129	1619.6205429758077
1.2472	764.4520691288284	1621.5324419192925
1.2482	765.9177460554098	1623.445514660781
1.2492	767.3851403037452	1625.3597616346508
1.2502	768.8542532104633	1627.2751832756496
1.2512	770.3250861130391	1629.1917800189024
1.2522	771.7976403497904	1631.1095522999046
1.2532	773.2719172598809	1633.0285005545275
1.2542	774.7479181833181	1634.9486252190127
1.2552	776.2256444609571	1636.8699267299771
1.2562	777.7050974344976	1638.792405524408
1.2572	779.1862784464872	1640.7160620396667
1.2582	780.6691888403193	1642.640896713485
1.2592	782.1538299602367	1644.5669099839688
1.2602	783.6402031513287	1646.4941022895935
1.2612	785.1283097595342	1648.4224740692073
1.2622	786.6181511316403	1650.3520257620287
1.2632	788.1097286152847	1652.2827578076485
1.2642	789.6030435589538	1654.2146706460271
1.2652	791.0980973119857	1656.1477647174968
1.2662	792.5948912245683	1658.0820404627584
1.2672	794.093426647742	1660.0174983228856
1.2682	795.593704933398	1661.9541387393194
1.2692	797.095727434281	1663.891962153873
1.2702	798.5994955039872	1665.8309690087272
1.2712	800.1050104969677	1667.771159746434
1.2722	801.6122737685257	1669.712534809913
1.2732	803.1212866748202	1671.6550946424545
1.2742	804.6320505728635	1673.5988396877156
1.2752000000000001	806.1445668205247	1675.5437703897242
1.2762	807.6588367765264	1677.4898871928742
1.2772000000000001	809.1748618004502	1679.4371905419305
1.2782	810.6926432527317	1681.3856808820235
1.2792000000000001	812.2121824946656	1683.3353586586536
1.2802	813.7334808884024	1685.2862243176867
1.2812	815.256539796952	1687.2382783053574
1.2822	816.7813605841831	1689.1915210682685
1.2832	818.3079446148217	1691.1459530533875
1.2842	819.8362932544557	1693.1015747080512
1.2852	821.3664078695302	1695.0583864799607
1.2862	822.8982898273539	1697.0163888171865
1.2872	824.4319404960934	1698.975582168162
1.2882	825.9673612447792	1700.93596698169
1.2892	827.5045534433021	1702.8975437069369
1.2902	829.0435184624166	1704.8603127934366
1.2912	830.5842576737385	1706.8242746910869
1.2922	832.1267724497488	1708.7894298501528
1.2932	833.6710641637904	1710.7557787212627
1.2942	835.2171341900727	1712.723321755412
1.2952	836.7649839036676	1714.6920594039589
1.2962	838.3146146805142	1716.6619921186282
1.2972	839.8660278974162	1718.6331203515078
1.2982	841.4192249320446	1720.605444555051
1.2992	842.9742071629356	1722.578965182074
1.3002	844.5309759694948	1724.5536826857588
1.3012	846.089532731993	1726.529597519649
1.3022	847.6498788315718	1728.5067101376546
1.3032	849.2120156502392	1730.485020994046
1.3042	850.7759445708741	1732.4645305434594
1.3052	852.341666977224	1734.4452392408928
1.3062	853.9091842539071	1736.4271475417077
1.3072	855.4784977864118	1738.4102559016278
1.3082	857.0496089610986	1740.394564776741
1.3092	858.6225191651979	1742.3800746234951
1.3102	860.1972297868143	1744.3667858987033
1.3112	861.7737422149229	1746.3546990595376
1.3122	863.352057839374	1748.3438145635353
1.3132	864.9321780508894	1750.3341328685926
1.3142	866.5141042410668	1752.3256544329697
1.3152	868.0978378023768	1754.3183797152863
1.3162	869.6833801281668	1756.3123091745254
1.3172	871.270732612658	1758.3074432700291
1.3182	872.8598966509489	1760.3037824615028
1.3192	874.4508736390137	1762.3013272090104
1.3202	876.0436649737047	1764.3000779729787
1.3212	877.6382720527503	1766.3000352141933
1.3222	879.234696274758	1768.3011993938014
1.3232	880.8329390392129	1770.3035709733094
1.3242	882.4330017464802	1772.307150414585
1.3252	884.0348857978033	1774.3119381798547
1.3262	885.6385925953069	1776.3179347317057
1.3272	887.2441235419951	1778.325140533084
1.3282	888.8514800417536	1780.333556047296
1.3292	890.4606634993487	1782.3431817380063
1.3302	892.0716753204305	1784.3540180692403
1.3312	893.6845169115287	1786.36606550538
1.3322	895.299189680059	1788.3793245111694
1.3332	896.9156950343184	1790.3937955517085
1.3342	898.534034383489	1792.409479092458
1.3352	900.1542091376364	1794.426375599235
1.3362	901.776220707712	1796.4444855382167
1.3372	903.4000705055519	1798.4638093759372
1.3382	905.0257599438792	1800.4843475792904
1.3392	906.6532904363017	1802.5061006155256
1.3402	908.282663397316	1804.5290689522521
1.3412	909.9138802423049	1806.5532530574355
1.3422	911.5469423875398	1808.5786533993996
1.3432	913.1818512501799	1810.6052704468248
1.3442	914.818608248274	1812.6331046687499
1.3452	916.4572148007595	1814.6621565345688
1.3462	918.0976723274649	1816.6924265140347
1.3472	919.7399822491078	1818.7239150772555
1.3482	921.3841459872981	1820.7566226946979
1.3492	923.0301649645355	1822.7905498371824
1.3502	924.6780406042135	1824.8256969758888
1.3512	926.3277743306163	1826.8620645823507
1.3522	927.9793675689225	1828.89965312846
1.3532	929.6328217452028	1830.9384630864624
1.3542	931.2881382864235	1832.978494928962
1.3552	932.9453186204432	1835.0197491289157
1.3562	934.6043641760177	1837.062226159639
1.3572	936.2652763827965	1839.105926494801
1.3582	937.9280566713263	1841.1508506084267
1.3592	939.5927064730491	1843.196998974896
1.3602	941.2592272203053	1845.2443720689448
1.3612	942.9276203463312	1847.2929703656628
1.3622	944.5978872852626	1849.342794340496
1.3632	946.2700294721326	1851.393844469244
1.3642	947.9440483428743	1853.4461212280617
1.3652	949.6199453343189	1855.4996250934573
1.3662	951.2977218841996	1857.5543565422954
1.3672	952.9773794311482	1859.610316051793
1.3682	954.658919414699	1861.6675040995228
1.3692	956.3423432752867	1863.72592116341
1.3702	958.027652454249	1865.785567721735
1.3712	959.7148483938255	1867.8464442531313
1.3722	961.4039325371593	1869.9085512365864
1.3732	963.0949063282967	1871.971889151441
1.3742	964.7877712121884	1874.03645847739
1.3752	966.4825286346893	1876.1022596944802
1.3762	968.1791800425602	1878.1692932831136
1.3772	969.8777268834665	1880.2375597240434
1.3782	971.578170605981	1882.3070594983778
1.3792	973.2805126595815	1884.3777930875756
1.3802	974.9847544946547	1886.4497609734506
1.3812	976.6908975624933	1888.522963638167
1.3822	978.3989433152998	1890.5974015642441
1.3832	980.108893206184	1892.6730752345513
1.3842	981.8207486891661	1894.7499851323123
1.3852	983.5345112191749	1896.8281317411013
1.3862	985.2501822520508	1898.9075155448465
1.3872	986.9677632445429	1900.9881370278258
1.3882	988.6872556543143	1903.069996674672
1.3892	990.4086609399371	1905.1530949703663
1.3902	992.1319805608982	1907.2374324002449
1.3912	993.857215977595	1909.323009449993
1.3922	995.5843686513405	1911.4098266056492
1.3932	997.3134400443593	1913.497884353602
1.3942	999.0444316197924	1915.5871831805928
1.3952	1000.7773448416941	1917.6777235737125
1.3962	1002.5121811750355	1919.7695060204046
1.3972	1004.2489420857022	1921.8625310084626
1.3982	1005.9876290404973	1923.9567990260316
1.3992	1007.7282435071402	1926.0523105616066
1.4002000000000001	1009.4707869542686	1928.149066104035
1.4012	1011.215260851437	1930.2470661425125
1.4022000000000001	1012.9616666691197	1932.3463111665876
1.4032	1014.7100058787089	1934.4468016661576
1.4042000000000001	1016.4602799525173	1936.5485381314713
1.4052	1018.2124903637769	1938.6515210531265
1.4062000000000001	1019.9666385866409	1940.7557509220726
1.4072	1021.7227260961829	1942.8612282296076
1.4082	1023.480754368399	1944.9679534673805
1.4092	1025.2407248802074	1947.0759271273905
1.4102	1027.0026391094477	1949.1851497019848
1.4112	1028.7664985348847	1951.2956216838622
1.4122	1030.5323046362053	1953.4073435660703
1.4132	1032.300058894021	1955.520315842006
1.4142	1034.0697627898687	1957.634539005416
1.4152	1035.8414178062103	1959.7500135503965
1.4162	1037.6150254264328	1961.8667399713922
1.4172	1039.3905871348513	1963.9847187631983
1.4182	1041.1681044167053	1966.1039504209573
1.4192	1042.9475787581641	1968.2244354401626
1.4202	1044.7290116463234	1970.3461743166547
1.4212	1046.5124045692082	1972.4691675466247
1.4222	1048.2977590157714	1974.593415626611
1.4232	1050.0850764758968	1976.7189190535016
1.4242	1051.874358440397	1978.8456783245322
1.4252	1053.6656064010165	1980.9736939372883
1.4262	1055.4588218504293	1983.1029663897023
1.4272	1057.2540062822422	1985.2334961800561
1.4282	1059.0511611909933	1987.3652838069793
1.4292	1060.8502880721546	1989.4983297694503
1.4302	1062.6513884221295	1991.6326345667942
1.4312	1064.454463738257	1993.7681986986863
1.4322	1066.2595155188087	1995.9050226651477
1.4332	1068.0665452629926	1998.0431069665487
1.4342	1069.8755544709506	2000.182452103607
1.4352	1071.6865446437616	2002.3230585773883
1.4362	1073.4995172834394	2004.464926889305
1.4372	1075.3144738929366	2006.6080575411186
1.4382	1077.1314159761414	2008.7524510349365
1.4392	1078.9502608256798	2010.8981078732152
1.4402	1080.7701141678024	2013.0450285002757
1.4412	1082.588740651793	2015.1932127390705
1.4422	1084.4061361131135	2017.3426588615453
1.4432	1086.2222963923593	2019.493365139157
1.4442	1088.0372173352605	2021.6453298428742
1.4452	1089.8508947926919	2023.7985512431849
1.4462	1091.663324620675	2025.953027610098
1.4472	1093.4745026803873	2028.108757213151
1.4482	1095.2844248381653	2030.2657383214114
1.4492	1097.0930869655126	2032.4239692034841
1.4502	1098.9004849391044	2034.5834481275142
1.4512	1100.7066146407938	2036.744173361192
1.4522	1102.511471957616	2038.9061431717569
1.4532	1104.315052781797	2041.0693558260034
1.4542	1106.117353010756	2043.2338095902837
1.4552	1107.918368547114	2045.3995027305145
1.4562	1109.7180952986957	2047.5664335121783
1.4572	1111.5165291785397	2049.7346002003314
1.4582	1113.3136661048993	2051.904001059605
1.4592	1115.1095020012524	2054.0746343542132
1.4602	1116.9040327963023	2056.2464983479535
1.4612	1118.6972544239884	2058.4195913042154
1.4622	1120.489162823486	2060.59391148598
1.4632	1122.2797539392168	2062.7694571558295
1.4642	1124.069023720851	2064.946226575948
1.4652	1125.856968123314	2067.1242180081285
1.4662	1127.6435831067897	2069.303429713773
1.4672	1129.4288646367295	2071.4838599539025
1.4682	1131.2128086838534	2073.665506989157
1.4692	1132.995411224159	2075.8483690798043
1.4702	1134.7766682389222	2078.032444485737
1.4712	1136.5565757147076	2080.2177314664855
1.4722	1138.3351296433684	2082.404228281215
1.4732	1140.1123260220563	2084.5919331887367
1.4742	1141.888160853222	2086.7808444475054
1.4752	1143.662630144624	2088.970960315628
1.4762	1145.435729909331	2091.1622790508673
1.4772	1147.207456165728	2093.3547989106446
1.4782	1148.9778049375211	2095.548518152046
1.4792	1150.7467722537428	2097.7434350318267
1.4802	1152.5143541487555	2099.9395478064116
1.4812	1154.2805466622578	2102.136854731905
1.4822	1156.045345839288	2104.3353540640896
1.4832	1157.8087477302308	2106.535044058437
1.4842	1159.5707483908197	2108.7359229701046
1.4852	1161.3313438821435	2110.937989053946
1.4862	1163.0905302706497	2113.141240564511
1.4872	1164.8483036281502	2115.3456757560534
1.4882	1166.6046600318252	2117.5512928825315
1.4892	1168.359595564229	2119.7580901976157
1.4902	1170.113106313292	2121.96606595469
1.4912	1171.8651883723285	2124.1752184068578
1.4922	1173.6158378400382	2126.385545806946
1.4932	1175.3650508205135	2128.5970464075085
1.4942	1177.112823423241	2130.8097184608296
1.4952	1178.8591517631091	2133.0235602189314
1.4962	1180.6040319604097	2135.2385699335737
1.4972	1182.3474601408434	2137.454745856261
1.4982	1184.0894324355245	2139.672086238246
1.4992	1185.829944980986	2141.8905893305337
1.5002	1187.5689939191795	2144.110253383883
1.5012	1189.306575397487	2146.331076648817
1.5022	1191.0426855687165	2148.5530573756196
1.5032	1192.7773205911144	2150.7761938143462
1.5042	1194.5104766283623	2153.0004842148223
1.5052	1196.2421498495883	2155.2259268266525
1.5062	1197.9723364293632	2157.4525198992187
1.5072	1199.7010325477127	2159.6802616816913
1.5082	1201.4282343901148	2161.9091504230264
1.5092	1203.1539381475086	2164.1391843719753
1.5102	1204.8781400162948	2166.3703617770843
1.5112	1206.6008361983424	2168.6026808867027
1.5122	1208.3220229009896	2170.8361399489822
1.5132	1210.0416963370524	2173.070737211886
1.5142	1211.7598527248224	2175.306470923187
1.5152	1213.4764882880763	2177.5433393304793
1.5162	1215.1915992560757	2179.7813406811733
1.5172	1216.9051818635749	2182.0204732225084
1.5182	1218.6172323508183	2184.260735201549
1.5192	1220.3277469635525	2186.502124865195
1.5202	1222.0367219530226	2188.7446404601824
1.5212	1223.7441535759806	2190.988280233087
1.5222	1225.4500380946865	2193.23304243033
1.5232	1227.1543717769136	2195.478925298181
1.5242	1228.857150895951	2197.7259270827612
1.5252000000000001	1230.5583717306079	2199.97404603005
1.5262	1232.2580305652164	2202.223280385885
1.5272000000000001	1233.9561236896363	2204.47362839597
1.5282	1235.6526473992567	2206.7250883058746
1.5292000000000001	1237.3475979950017	2208.9776583610424
1.5302	1239.0409717833318	2211.2313368067903
1.5312000000000001	1240.732765076249	2213.486121888318
1.5322	1242.422974191299	2215.742011850706
1.5332000000000001	1244.1115954515758	2217.999004938924
1.5342	1245.7986251857228	2220.2570993978306
1.5352000000000001	1247.4840597279394	2222.5162934721825
1.5362	1249.1678954179813	2224.7765854066324
1.5372	1250.8501286011654	2227.037973445737
1.5382	1252.530755628373	2229.30045583396
1.5392	1254.209772856052	2231.564030815674
1.5402	1255.8871766462212	2233.8286966351666
1.5412	1257.5629633664726	2236.0944515366423
1.5422	1259.237129389976	2238.3612937642292
1.5432	1260.9096710954793	2240.629221561978
1.5442	1262.580584867315	2242.8982331738703
1.5452	1264.249867095401	2245.16832684382
1.5462	1265.9175141752442	2247.439500815679
1.5472	1267.5835225079434	2249.711753333237
1.5482	1269.2478885001935	2251.9850826402308
1.5492	1270.9106085642854	2254.2594869803415
1.5502	1272.5716791181137	2256.5349645972055
1.5512	1274.2310965851739	2258.8115137344116
1.5522	1275.8888573945708	2261.0891326355095
1.5532	1277.544957981017	2263.3678195440093
1.5542	1279.1993947848391	2265.6475727033903
1.5552	1280.852164251977	2267.928390357099
1.5562	1282.5032628339911	2270.210270748558
1.5572	1284.15268698806	2272.493212121164
1.5582	1285.8004331769878	2274.7772127182993
1.5592	1287.4464978692035	2277.0622707833263
1.5602	1289.0908775387666	2279.348384559599
1.5612	1290.7335686653662	2281.6355522904605
1.5622	1292.3745677343272	2283.9237722192524
1.5632	1294.0138712366102	2286.2130425893124
1.5642	1295.6514756688161	2288.5033616439837
1.5652	1297.2873775331873	2290.7947276266136
1.5662	1298.9215733376107	2293.087138780561
1.5672	1300.5540595956197	2295.3805933491963
1.5682	1302.1848328263986	2297.675089575909
1.5692	1303.8138895547825	2299.9706257041094
1.5702	1305.4412263112608	2302.26719997723
1.5712	1307.0668396319802	2304.564810638733
1.5722	1308.6907260587466	2306.8634559321104
1.5732	1310.3128821390267	2309.16313410089
1.5742	1311.9333044259527	2311.463843388639
1.5752	1313.5519894783204	2313.7655820389637
1.5762	1315.168933860597	2316.068348295519
1.5772	1316.784134142918	2318.372140402006
1.5782	1318.3975869010937	2320.676956602181
1.5792	1320.0092887166084	2322.982795139853
1.5802	1321.6192361766243	2325.2896542588937
1.5812	1323.227425873983	2327.597532203235
1.5822	1324.833854407209	2329.906427216878
1.5832	1326.4385183805073	2332.21633754389
1.5842	1328.0414144037736	2334.527261428416
1.5852	1329.6425390925876	2336.839197114673
1.5862	1331.2418890682213	2339.1521428469623
1.5872	1332.8394609576378	2341.4660968696667
1.5882	1334.4352513934953	2343.781057427257
1.5892	1336.0292570141462	2346.0970227642933
1.5902	1337.6214744636432	2348.413991125431
1.5912	1339.2119003917373	2350.7319607554214
1.5922	1340.8005314538825	2353.050929899118
1.5932	1342.3873643112358	2355.370896801477
1.5942	1343.9723956306607	2357.691859707564
1.5952	1345.555622084727	2360.013816862553
1.5962	1347.137040351715	2362.336766511734
1.5972	1348.716647115615	2364.660706900513
1.5982	1350.2944390661314	2366.98563627442
1.5992	1351.870412898682	2369.3115528791054
1.6002	1353.4445653144019	2371.6384549603504
1.6012	1355.0168930201435	2373.9663407640646
1.6022	1356.5873927284802	2376.2952085362945
1.6032	1358.156061157705	2378.6250565232217
1.6042	1359.7228950318356	2380.955882971171
1.6052	1361.287891080613	2383.2876861266095
1.6062	1362.851046039506	2385.620464236153
1.6072	1364.4123566497094	2387.954215546568
1.6082	1365.971819658149	2390.2889383047745
1.6092	1367.52943181748	2392.62463075785
1.6102	1369.0851898860917	2394.9612911530335
1.6112	1370.6390906281056	2397.2989177377267
1.6122	1372.1911308133801	2399.6375087595
1.6132	1373.7413072175086	2401.977062466092
1.6142	1375.2896166218245	2404.3175771054175
1.6152	1376.836055813399	2406.659050925565
1.6162	1378.3806215850461	2409.001482174807
1.6172	1379.9233107353202	2411.344869101595
1.6182	1381.4641200685212	2413.6892099545717
1.6192	1383.0030463946919	2416.034502982565
1.6202	1384.5400865296235	2418.3807464345996
1.6212	1386.0752372948525	2420.727938559893
1.6222	1387.6084955176661	2423.076077607865
1.6232	1389.139858031099	2425.4251618281346
1.6242	1390.6693216739402	2427.77518947053
1.6252	1392.1968832907282	2430.126158785086
1.6262	1393.7225397317566	2432.4780680220492
1.6272	1395.2462878530723	2434.830915431882
1.6282	1396.768124516479	2437.184699265266
1.6292	1398.2880465895362	2439.5394177731014
1.6302	1399.8060509455624	2441.8950692065164
1.6312	1401.322134463634	2444.2516518168636
1.6322	1402.8362940285879	2446.6091638557286
1.6332	1404.348526531021	2448.967603574929
1.6342	1405.8588288672938	2451.3269692265217
1.6352	1407.3671979395276	2453.6872590628013
1.6362	1408.8736306556088	2456.048471336307
1.6372	1410.3781239291884	2458.4106042998237
1.6382	1411.880674679683	2460.773656206385
1.6392	1413.3812798322747	2463.137625309277
1.6402	1414.8799363179146	2465.502509862043
1.6412	1416.3766410733206	2467.8683081184818
1.6422	1417.8713910409808	2470.235018332656
1.6432	1419.3641831691516	2472.6026387588913
1.6442	1420.8550144118612	2474.971167651782
1.6452	1422.3438817289086	2477.340603266191
1.6462	1423.8307820858656	2479.710943857258
1.6472	1425.3157124540755	2482.082187680396
1.6482	1426.798669810656	2484.4543329912995
1.6492	1428.2796511384984	2486.8273780459444
1.6502000000000001	1429.7586534262693	2489.201321100594
1.6512	1431.2356736684105	2491.5761604117984
1.6522000000000001	1432.7107088651396	2493.9518942363998
1.6532	1434.183756022451	2496.328520831534
1.6542000000000001	1435.6548121521166	2498.706038454637
1.6552	1437.1238742716853	2501.0844453634413
1.6562000000000001	1438.5909394044847	2503.4637398159857
1.6572	1440.0560045796217	2505.843920070614
1.6582000000000001	1441.5190668319817	2508.2249843859795
1.6592	1442.9801232022303	2510.606931021048
1.6602000000000001	1444.439170736813	2512.9897582350995
1.6612	1445.8962064879554	2515.3734642877316
1.6622000000000001	1447.3512275136663	2517.7580474388656
1.6632	1448.8042308777335	2520.143505948743
1.6642000000000001	1450.2552136497275	2522.529838077934
1.6652	1451.704172905001	2524.917042087338
1.6662	1453.1511057246896	2527.3051162381857
1.6672	1454.5960091957115	2529.694058792046
1.6682	1456.0388804107674	2532.0838680108222
1.6692	1457.479716468342	2534.474542156762
1.6702	1458.9185144727035	2536.866079492454
1.6712	1460.3552715339038	2539.258478280836
1.6722	1461.789984767779	2541.6517367851934
1.6732	1463.2226512959505	2544.0458532691664
1.6742	1464.6532682458217	2546.440825996747
1.6752	1466.081832750583	2548.836653232289
1.6762	1467.508341949209	2551.2333332405037
1.6772	1468.9327929864585	2553.6308642864687
1.6782	1470.3551830128756	2556.0292446356257
1.6792	1471.7755091847903	2558.428472553788
1.6802	1473.1937686643162	2560.8285463071393
1.6812	1474.6099586193538	2563.229464162239
1.6822	1476.0240762235876	2565.631224386022
1.6832	1477.436118656488	2568.033825245807
1.6842	1478.84608310331	2570.437265009293
1.6852	1480.2539667550946	2572.8415419445664
1.6862	1481.6597668086672	2575.246654320101
1.6872	1483.0634804666392	2577.6526004047632
1.6882	1484.465104937406	2580.059378467812
1.6892	1485.8646374351488	2582.4669867789057
1.6902	1487.2620751798324	2584.8754236080986
1.6912	1488.6574153972078	2587.28468722585
1.6922	1490.050655318809	2589.694775903023
1.6932	1491.441792181956	2592.1056879108896
1.6942	1492.8308232297509	2594.517421521129
1.6952	1494.2177457110818	2596.9299750058376
1.6962	1495.6025568806185	2599.343346637524
1.6972	1496.985253998816	2601.757534689117
1.6982	1498.3658343319114	2604.1725374339667
1.6992	1499.7442951519247	2606.5883531458453
1.7002	1501.120633736659	2609.004980098953
1.7012	1502.4948473697	2611.4224165679184
1.7022	1503.8669333404139	2613.8406608278005
1.7032	1505.23688894395	2616.2597111540954
1.7042	1506.604711481238	2618.6795658227334
1.7052	1507.9703982589886	2621.100223110086
1.7062	1509.3339465896927	2623.5216812929657
1.7072	1510.6953537916218	2625.943938648631
1.7082	1512.0546171888261	2628.366993454786
1.7092	1513.4117341111364	2630.7908439895878
1.7102	1514.7667018941597	2633.215488531642
1.7112	1516.1195178792836	2635.6409253600136
1.7122	1517.4701794136713	2638.0671527542218
1.7132	1518.8186838502652	2640.494168994249
1.7142	1520.1650285477813	2642.9219723605365
1.7152	1521.509210870715	2645.350561133996
1.7162	1522.8512281893338	2647.779933596003
1.7172	1524.191077879683	2650.210088028407
1.7182	1525.5287573235794	2652.6410227135266
1.7192	1526.8642639086154	2655.07273593416
1.7202	1528.1975950281546	2657.5052259735803
1.7212	1529.5287480813347	2659.938491115544
1.7222	1530.8577204730632	2662.3725296442885
1.7232	1532.1845096140191	2664.807339844538
1.7242	1533.5091129206517	2667.2429200015044
1.7252	1534.83152781518	2669.679268400892
1.7262	1536.1517517255904	2672.116383328895
1.7272	1537.4697820856388	2674.5542630722066
1.7282	1538.785616334847	2676.9929059180154
1.7292	1540.0992519185033	2679.4323101540126
1.7302	1541.4106862876617	2681.872474068391
1.7312	1542.719916899141	2684.3133959498505
1.7322	1544.0269412155233	2686.755074087597
1.7332	1545.3317567051538	2689.1975067713493
1.7342	1546.63436084214	2691.640692291336
1.7352	1547.934751106351	2694.084628938305
1.7362	1549.2329249834143	2696.529315003517
1.7372	1550.5288799647187	2698.9747487787577
1.7382	1551.8226135474104	2701.420928556332
1.7392	1553.1141232343928	2703.8678526290714
1.7402	1554.4034065343265	2706.315519290334
1.7412	1555.690460961627	2708.763926834009
1.7422	1556.9752840364638	2711.213073554515
1.7432	1558.257873284761	2713.6629577468093
1.7442	1559.5382262381936	2716.113577706382
1.7452	1560.8163404341888	2718.5649317292655
1.7462	1562.0922134159237	2721.017018112032
1.7472	1563.3658427323246	2723.4698351517995
1.7482	1564.6372259380653	2725.92338114623
1.7492	1565.9063605935676	2728.3776543935373
1.7502	1567.1732442649975	2730.8326531924836
1.7512	1568.4378745242673	2733.2883758423864
1.7522	1569.7002489490308	2735.7448206431172
1.7532	1570.9603651226857	2738.201985895108
1.7542	1572.2182206343703	2740.659869899349
1.7552	1573.4738130789617	2743.118470957394
1.7562	1574.727140057077	2745.577787371362
1.7572	1575.9781991750697	2748.0378174439397
1.7582	1577.2269880450294	2750.498559478382
1.7592	1578.4735042847815	2752.960011778518
1.7602	1579.7177455178833	2755.422172648748
1.7612	1580.9597093736256	2757.885040394052
1.7622	1582.1993934870293	2760.3486133199863
1.7632	1583.4367954988456	2762.81288973269
1.7642	1584.671913055553	2765.2778679388844
1.7652	1585.9047438093573	2767.7435462458766
1.7662	1587.1352854181896	2770.209922961561
1.7672	1588.363535545705	2772.676996394424
1.7682	1589.5894918612812	2775.1447648535413
1.7692	1590.8131520400175	2777.613226648586
1.7702	1592.0345137627319	2780.082380089826
1.7712	1593.2535747159623	2782.552223488129
1.7722	1594.470332591962	2785.0227551549638
1.7732	1595.6847850886998	2787.4939734024024
1.7742	1596.896929909859	2789.9658765431222
1.7752000000000001	1598.106764764835	2792.4384628904095
1.7762	1599.3142873687332	2794.9117307581582
1.7772000000000001	1600.5194954423694	2797.3856784608774
1.7782	1601.722386712266	2799.8603043136877
1.7792000000000001	1602.9229589106526	2802.335606632329
1.7802	1604.1212097754621	2804.811583733157
1.7812000000000001	1605.3171370503317	2807.2882339331513
1.7822	1606.5107384845978	2809.765555549911
1.7832000000000001	1607.7020118332991	2812.243546901663
1.7842	1608.8909548571696	2814.7222063072604
1.7852000000000001	1610.0775653226422	2817.201532086187
1.7862	1611.2618410018424	2819.681522558556
1.7872000000000001	1612.4437796725904	2822.162176045116
1.7882	1613.6233791183956	2824.643490867251
1.7892000000000001	1614.8006371284594	2827.1254653469823
1.7902	1615.975551497669	2829.6080978069717
1.7912000000000001	1617.1481200265987	2832.0913865705243
1.7922	1618.3183405215066	2834.5753299615867
1.7932	1619.4862107943343	2837.0599263047548
1.7942	1620.6517286627036	2839.545173925271
1.7952	1621.8148919499145	2842.0310711490283
1.7962	1622.9756984849453	2844.517616302574
1.7972	1624.134146102449	2847.0048077131078
1.7982	1625.2902326427527	2849.492643708488
1.7992	1626.4439559518542	2851.981122617229
1.8002	1627.5953138814216	2854.47024276851
1.8012	1628.7443042887908	2856.9600024921697
1.8022	1629.8909250369643	2859.450400118714
1.8032	1631.035173994607	2861.941433979313
1.8042	1632.1770490360484	2864.433102405809
1.8052	1633.3165480412754	2866.925403730713
1.8062	1634.453668895936	2869.4183362872104
1.8072	1635.588409491332	2871.91189840916
1.8082	1636.720767724421	2874.4060884311
1.8092	1637.8507414978128	2876.900904688246
1.8102	1638.9783287197672	2879.3963455164953
1.8112	1640.103527304192	2881.892409252427
1.8122	1641.2263351706426	2884.3890942333082
1.8132	1642.3467502443168	2886.886398797089
1.8142	1643.464770456056	2889.3843212824117
1.8152	1644.5803937423411	2891.882860028608
1.8162	1645.6936180452915	2894.3820133757035
1.8172	1646.8044413126618	2896.881779664418
1.8182	1647.9128614978413	2899.3821572361685
1.8192	1649.0188765598502	2901.88314443307
1.8202	1650.1224844633396	2904.38473959794
1.8212	1651.2236831785858	2906.8869410742964
1.8222	1652.3224706814924	2909.3897472063636
1.8232	1653.4188449535852	2911.893156339071
1.8242	1654.5128039820115	2914.3971668180584
1.8252	1655.6043457595365	2916.9017769896736
1.8262	1656.693468284543	2919.4069852009798
1.8272	1657.780169561027	2921.91278979975
1.8282	1658.8644475985975	2924.4191891344785
1.8292	1659.9463004124723	2926.9261815543728
1.8302	1661.025726023478	2929.433765409364
1.8312	1662.1027224580453	2931.941939050101
1.8322	1663.1772877482088	2934.4507008279616
1.8332	1664.2494199316031	2936.9600490950443
1.8342	1665.319117051462	2939.4699822041775
1.8352	1666.3863771566146	2941.980498508918
1.8362	1667.4511983014843	2944.491596363555
1.8372	1668.5135785460855	2947.0032741231075
1.8382	1669.573515956022	2949.5155301433333
1.8392	1670.6310086024837	2952.0283627807235
1.8402	1671.686054562246	2954.5417703925104
1.8412	1672.7386519176646	2957.055751336664
1.8422	1673.7887987566762	2959.570303971899
1.8432	1674.8364931727933	2962.0854266576716
1.8442	1675.881733265104	2964.6011177541864
1.8452	1676.9245171382681	2967.1173756223925
1.8462	1677.9648429025153	2969.634198623991
1.8472	1679.0027086736427	2972.1515851214326
1.8482	1680.038112573012	2974.6695334779224
1.8492	1681.0710527275473	2977.1880420574184
1.8502	1682.1015272697327	2979.707109224637
1.8512	1683.1295343376096	2982.226733345052
1.8522	1684.1550720747737	2984.7469127848967
1.8532	1685.1781386303735	2987.2676459111676
1.8542	1686.1987321591073	2989.788931091625
1.8552	1687.2168508212199	2992.3107666947917
1.8562	1688.2324927825011	2994.833151089961
1.8572	1689.245656214283	2997.356082647194
1.8582	1690.2563392934364	2999.879559737322
1.8592	1691.2645402023693	3002.403580731948
1.8602	1692.2702571290245	3004.9281440034515
1.8612	1693.273488266875	3007.4532479249847
1.8622	1694.274231814924	3009.9788908704804
1.8632	1695.2724859777	3012.5050712146485
1.8642	1696.2682489652561	3015.0317873329814
1.8652	1697.2615189931653	3017.5590376017517
1.8662	1698.2522942825199	3020.08682039802
1.8672	1699.2405730599266	3022.615134099629
1.8682	1700.2263535575062	3025.143977085213
1.8692	1701.209634012889	3027.673347734193
1.8702	1702.1904126692125	3030.2032444267825
1.8712	1703.1686877751192	3032.7336655439867
1.8722	1704.1444575847543	3035.264609467607
1.8732	1705.1177203577604	3037.796074580239
1.8742	1706.0884743592783	3040.3280592652777
1.8752	1707.056717859941	3042.860561906916
1.8762	1708.0224491358736	3045.393580890149
1.8772	1708.985666468688	3047.927114600775
1.8782	1709.9463681454827	3050.4611614253963
1.8792	1710.904552458837	3052.9957197514195
1.8802	1711.860217706812	3055.530787967062
1.8812	1712.8133621929423	3058.0663644613473
1.8822	1713.7639842262397	3060.6024476241128
1.8832	1714.7120821211845	3063.1390358460053
1.8842	1715.6576541977272	3065.6761275184895
1.8852	1716.6006987812814	3068.213721033842
1.8862	1717.5412142027249	3070.7518147851592
1.8872	1718.4791987983936	3073.2904071663556
1.8882	1719.4146509100808	3075.8294965721675
1.8892	1720.3475688850328	3078.36908139815
1.8902	1721.2779510759474	3080.9091600406855
1.8912	1722.2057958409687	3083.44973089698
1.8922	1723.1311015436868	3085.9907923650667
1.8932	1724.0538665531326	3088.532342843807
1.8942	1724.9740892437771	3091.0743807328927
1.8952	1725.8917679955252	3093.6169044328462
1.8962	1726.806901193717	3096.1599123450246
1.8972	1727.71948722912	3098.703402871617
1.8982	1728.6295244979299	3101.247374415652
1.8992	1729.537011401766	3103.791825380993
1.9002000000000001	1730.441946347668	3106.336754172345
1.9012	1731.344327748093	3108.8821591952515
1.9022000000000001	1732.2441540209136	3111.4280388561
1.9032	1733.1414235894129	3113.974391562121
1.9042000000000001	1734.0361348822835	3116.521215721392
1.9052	1734.9282863336223	3119.0685097428336
1.9062000000000001	1735.8178763829292	3121.616272036219
1.9072	1736.7049034751026	3124.164501012168
1.9082000000000001	1737.5893660604377	3126.7131950821536
1.9092	1738.4712625946222	3129.2623526585003
1.9102000000000001	1739.3505915387334	3131.8119721543885
1.9112	1740.2273513592352	3134.3620519838523
1.9122000000000001	1741.101540527976	3136.9125905617866
1.9132	1741.9731575221829	3139.46358630394
1.9142000000000001	1742.8422008244615	3142.015037626926
1.9152	1743.7086689227901	3144.5669429482164
1.9162000000000001	1744.572560310519	3147.119300686149
1.9172	1745.433873486365	3149.6721092599223
1.9182000000000001	1746.2926069544098	3152.2253670896052
1.9192	1747.1487592240962	3154.7790725961313
1.9202	1748.0023288102245	3157.333224201303
1.9212	1748.853860852389	3159.887820327796
1.9222	1749.7055406376421	3162.442859683554
1.9232	1750.5573681147428	3164.9983421148568
1.9242	1751.4093432324948	3167.554267468113
1.9252	1752.2614659397461	3170.1106355898664
1.9262	1753.1137361853882	3172.6674463267927
1.9272	1753.966153918358	3175.224699525702
1.9282	1754.8187190876354	3177.782395033534
1.9292	1755.6714316422454	3180.340532697364
1.9302	1756.5242915312563	3182.899112364396
1.9312	1757.3772987037808	3185.4581338819694
1.9322	1758.2304531089753	3188.0175970975524
1.9332	1759.08375469604	3190.5775018587465
1.9342	1759.937203414219	3193.137848013284
1.9352	1760.7907992128007	3195.6986354090286
1.9362	1761.6445420411158	3198.2598638939744
1.9372	1762.4984318485401	3200.8215333162475
1.9382	1763.3524685844918	3203.3836435241033
1.9392	1764.206652198434	3205.94619436593
1.9402	1765.0609826398713	3208.509185690242
1.9412	1765.9154598583536	3211.0726173456883
1.9422	1766.7700838034725	3213.6364891810454
1.9432	1767.624854424864	3216.20080104522
1.9442	1768.4797716722067	3218.765552787248
1.9452	1769.3348354952227	3221.3307442562964
1.9462	1770.1900458436767	3223.8963753016587
1.9472	1771.0454026673772	3226.46244577276
1.9482	1771.9009059161747	3229.0289555191525
1.9492	1772.7565555399633	3231.5959043905186
1.9502	1773.6123514886797	3234.163292236668
1.9512	1774.4682937123036	3236.7311189075394
1.9522	1775.3243821608567	3239.2993842531987
1.9532	1776.1806167844045	3241.8680881238424
1.9542	1777.036997533054	3244.437230369791
1.9552	1777.893524356956	3247.0068108414966
1.9562	1778.7501972063023	3249.5768293895353
1.9572	1779.6070160313284	3252.1472858646134
1.9582	1780.4639807823112	3254.718180117562
1.9592	1781.3210914095707	3257.289511999341
1.9602	1782.1783478634688	3259.8612813610353
1.9612	1783.0357500944099	3262.433488053858
1.9622	1783.8932980528396	3265.006131929148
1.9632	1784.750991689247	3267.5792128383705
1.9642	1785.6088309541624	3270.1527306331163
1.9652	1786.466815798158	3272.7266851651034
1.9662	1787.3249461718483	3275.301076286174
1.9672	1788.1832220258896	3277.875903848298
1.9682	1789.0416433109792	3280.4511677035675
1.9692	1789.9002099778577	3283.026867704203
1.9702	1790.7589219773063	3285.6030037025484
1.9712	1791.617779260148	3288.1795755510734
1.9722	1792.4767817772472	3290.7565831023708
1.9732	1793.3359294795105	3293.33402620916
1.9742	1794.195222317885	3295.911904724284
1.9752	1795.05466024336	3298.4902185007095
1.9762	1795.9142432069664	3301.068967391528
1.9772	1796.7739711597753	3303.6481512499554
1.9782	1797.6338440528998	3306.227769929329
1.9792	1798.4938618374945	3308.8078232831126
1.9802	1799.3540244647536	3311.3883111648906
1.9812	1800.2143318859144	3313.969233428373
1.9822	1801.0747840522538	3316.5505899273917
1.9832	1801.9353809150905	3319.132380515902
1.9842	1802.7961224257836	3321.7146050479805
1.9852	1803.6570085357332	3324.2972633778295
1.9862	1804.5180391963797	3326.88035535977
1.9872	1805.3792143592057	3329.4638808482478
1.9882	1806.2405339757327	3332.047839697829
1.9892	1807.1019979975247	3334.6322317632043
1.9902	1807.9636063761839	3337.2170568991824
1.9912	1808.8253590633556	3339.8023149606975
1.9922	1809.6872560107236	3342.3880058028017
1.9932	1810.5492971700135	3344.974129280671
1.9942	1811.4114824929898	3347.5606852496007
1.9952	1812.2738119314592	3350.147673565009
1.9962	1813.1362854372671	3352.735094082432
1.9972	1813.9989029622998	3355.32294665753
1.9982	1814.8616644584831	3357.91123114608
1.9992	1815.724569877784	3360.4999474039823
2.0002	1816.5876191722084	3363.0890952872555
2.0012	1817.450812293803	3365.6786746520393
2.0022	1818.3141491946544	3368.268685354594
2.0032	1819.1776298268883	3370.8591272512954
2.0042	1820.0412541426713	3373.450000198644
2.0052	1820.905022094209	3376.0413040532567
2.0062	1821.768933633747	3378.633038671871
2.0072	1822.6329887135703	3381.225203911341
2.0082	1823.497187286004	3383.8177996286418
2.0092	1824.3615293034125	3386.410825680867
2.0102	1825.2260147182003	3389.0042819252303
2.0112	1826.0906434828096	3391.5981682190586
2.0122	1826.955415549724	3394.192484419802
2.0132	1827.8203308714658	3396.7872303850268
2.0142	1828.6853894005965	3399.382405972419
2.0152	1829.5505910897161	3401.978011039778
2.0162	1830.415935891465	3404.5740454450247
2.0172	1831.2814237585228	3407.170509046197
2.0182	1832.147054643607	3409.76740170145
2.0192	1833.0128284994748	3412.3647232690537
2.0202	1833.8787452789227	3414.9624736073974
2.0212	1834.7448049347856	3417.5606525749868
2.0222	1835.6110074199382	3420.159260030445
2.0232	1836.477352687293	3422.7582958325083
2.0242	1837.3438406898015	3425.357759840034
2.0252	1838.210471380454	3427.957651911992
2.0262000000000002	1839.0772447122806	3430.5579719074717
2.0272	1839.944160638348	3433.158719685673
2.0282	1840.811219111763	3435.7598951059176
2.0292	1841.6784200856698	3438.361498027639
2.0302000000000002	1842.5457635132532	3440.9635283103885
2.0312	1843.4132493477334	3443.56598581383
2.0322	1844.2808775423714	3446.1688703977443
2.0332	1845.148648050466	3448.7721819220274
2.0342000000000002	1846.0165608253535	3451.3759202466904
2.0352	1846.8846158204087	3453.980085231856
2.0362	1847.752812989045	3456.584676737765
2.0372	1848.621152284714	3459.1896946247725
2.0382000000000002	1849.4896336609056	3461.7951387533467
2.0392	1850.358257071146	3464.4010089840676
2.0402	1851.227022469001	3467.007305177633
2.0412	1852.0959298080745	3469.6140271948534
2.0422000000000002	1852.9649790420076	3472.2211748966533
2.0432	1853.834170124479	3474.8287481440675
2.0442	1854.7035030092059	3477.436746798248
2.0452	1855.5729776499427	3480.0451707204584
2.0462000000000002	1856.4425940004821	3482.6540197720765
2.0472	1857.3123520146535	3485.2632938145903
2.0482	1858.1822516463244	3487.8729927096033
2.0492	1859.0522928494004	3490.4831163188305