4.00000001e-15	6.302945748716805e-26	4.351707029680875e-12
4.73000011e-15	6.302945614818121e-25	4.385181901361303e-12
4.7599999e-15	6.302945614818122e-24	4.407498337424682e-12
4.91000012e-15	6.302945960723054e-23	4.546975920553448e-12
6.99000006e-15	7.551104552555234e-22	6.471769917429146e-12
9.89999996e-15	8.736777248382057e-21	9.149743617496096e-12
2.71999999e-14	1.0609016168266013e-19	2.5161794911850037e-11
1.27e-13	3.632001829948672e-18	1.1827716915866996e-10
6.93000019e-13	1.185672907833073e-16	6.415978632001786e-10
6.29500011e-12	6.08078550546753e-15	5.824592948002679e-9
1.58099991e-11	3.1003124302611025e-14	1.4628431042178087e-8
3.97200016e-11	1.517072015175184e-13	3.6749608457933496e-8
9.97599989e-11	7.182883240348137e-13	9.22785101539835e-8
2.50600013e-10	3.286319950903816e-12	2.318678910957376e-7
6.29399977e-10	1.4465520754295918e-11	5.824592479357286e-7
1.581e-9	6.08770373800491e-11	1.4628431488507032e-6
3.97200006e-9	2.44063831733988e-10	3.6755189243472444e-6
4.99999997e-9	3.281968243695604e-10	4.626757397902255e-6
9.97599958e-9	8.955255713010489e-10	9.233429602767239e-6
1.98999999e-8	2.3919883842892214e-9	0.000018422227181432718
3.97199997e-8	6.278062742691364e-9	0.00003676076869002455
7.9240003e-8	1.6250836532024102e-8	0.00007336532325373801
1.58099994e-7	4.16625735326936e-8	0.00014639588819459942
1.98999999e-7	5.453023833965633e-8	0.00018433386074536936
3.15499989e-7	1.0165922706985048e-7	0.00029217806962731534
4.99999999e-7	1.8903147176969427e-7	0.00046312206427136807
6.29400006e-7	2.5767685114929705e-7	0.0005830171702744923
7.92399987e-7	3.1427137022985945e-7	0.0007342111002008481
9.97599955e-7	4.2810757754965417e-7	0.000924458816112475
1.58099999e-6	7.937960432939077e-7	0.0014650748047310871
2.5060001e-6	1.4703190805623745e-6	0.002323142055344789
3.97199983e-6	2.7221601762999334e-6	0.003682771814327159
4.99999987e-6	3.533363099754519e-6	0.0046373577214907395
6.29399983e-6	4.806516235215354e-6	0.005835750937290783
7.92399987e-6	6.540169783530463e-6	0.007353269471100201
9.976e-6	8.892769939745593e-6	0.00925574675295693
0.00001256	0.000012094398348582906	0.011660343673287213
0.0000158099992	0.000015620397121178308	0.014678642936844455
0.0000199000006	0.00002124302644498996	0.018483597411292123
0.0000250600006	0.000028880830841330063	0.02327605434054899
0.0000315500001	0.00003712564126311091	0.02931265286766347
0.0000397199983	0.00005047980272260657	0.03691698437848694
0.0000499999987	0.0000686465036822138	0.046485161459495654
0.000062940002	0.00009329613847355502	0.058524884735550106
0.0000792400024	0.00012686900357063158	0.07375585817897791
0.00009976	0.00016207320464182103	0.09283642021870118
0.000110499997	0.00018047310421780854	0.10287881834411962
0.000125599996	0.00020531130997545192	0.1169381856728409
0.000158099996	0.0002791452756081232	0.14728854831510826
0.000199000002	0.0003629546942646731	0.18550547199285877
0.0002	0.0003652221626504233	0.1864462707257967
0.0012000000000000001	0.0013087123297136729	1.1277314456735463
0.0022	0.0024464107909377046	2.0689460723115425
0.0032	0.003834138158553995	3.01074051735494
0.0042	0.005432998611980342	3.9530085763711003
0.0052	0.007204748479297192	4.895677131653118
0.0062	0.00913021907107402	5.838700193432477
0.0072	0.011195606306660897	6.782043954492657
0.0082	0.013390742314792314	7.7256823818861875
0.009200000000000002	0.015707963923905676	8.669594740035306
0.0102	0.018143748820661547	9.613761412477249
0.0112	0.02065660172337953	10.558062288786616
0.0122	0.023281400743462043	11.502587662397199
0.013200000000000002	0.02601488850523169	12.447328292113735
0.0142	0.028854523801926463	13.392276092598586
0.0152	0.031798278006994404	14.337423940176182
0.0162	0.03484468870041029	15.282765516391164
0.0172	0.037993560578789484	16.228295193151475
0.0182	0.04124586035125676	17.17400798545351
0.0192	0.044601134165744405	18.119899510937056
0.0202	0.04805905644721679	19.065965820612377
0.0212	0.05161950094644305	20.012203340714585
0.022199999999999998	0.055282461983745416	20.95860882897471
0.0232	0.05904801051050116	21.90517933522478
0.0242	0.06291631922469816	22.85191216687324
0.0252	0.06688763680143224	23.798804861168456
0.0262	0.0709625721426565	24.74585516078465
0.0272	0.07514232939692184	25.69306100386567
0.0282	0.07942742673128575	26.640420524742286
0.0292	0.08381837374093425	27.5879320085302
0.030199999999999998	0.0883157143382602	28.535593875327503
0.0312	0.09292007581143248	29.483404667916613
0.0322	0.09763205867693299	30.431363042657186
0.0332	0.10245226337825604	31.37946775806372
0.0342	0.10738134747891202	32.327717665556136
0.0352	0.1124199712074008	33.2761117029791
0.0362	0.11756870112630158	34.224648887334766
0.0372	0.12282826160943958	35.17332830558919
0.0382	0.12819938743732295	36.122149113284046
0.0392	0.1336826579721771	37.07111052945526
0.0402	0.13927881671353287	38.02021182776247
0.0412	0.14498863918447077	38.969452336500545
0.0422	0.15081269800509858	39.91883143544095
0.0432	0.15675183936685252	40.868348547300464
0.044199999999999996	0.16280687443499875	41.818003141119846
0.0452	0.16897846152438015	42.76779472834849
0.0462	0.1752674779345991	43.717722856606116
0.0472	0.18167473276609758	44.667787112088234
0.0482	0.18820078198802065	45.61798711571967
0.0492	0.19484698746956491	46.568322515605686
0.0502	0.20161392723950297	47.518793001921516
0.0512	0.2085027022336653	48.46939828865797
0.0522	0.2155141191692875	49.42013812250884
0.0532	0.2226491252153272	50.371012275332745
0.0542	0.22990901293947266	51.32202054533065
0.0552	0.23729419561332937	52.27316276207441
0.0562	0.24480576448935978	53.22443876875505
0.0572	0.25244488065405113	54.17584843356655
0.0582	0.2602131771014121	55.127391649591075
0.0592	0.26811222990019107	56.079068341624684
0.0602	0.2761420682085266	57.030878463732975
0.0612	0.2843033953667632	57.9828219719376
0.0622	0.29259670569916935	58.93489883525954
0.0632	0.3010262474054091	59.88710903144401
0.06420000000000001	0.3095931193252937	60.839452606271124
0.06520000000000001	0.31829464023163	61.79192962141822
0.06620000000000001	0.3271324976881027	62.74454009545427
0.06720000000000001	0.33611361768407383	63.69728407142993
0.06820000000000001	0.3452307862093088	64.65016169501978
0.06920000000000001	0.3544927943440247	65.60317300104306
0.07020000000000001	0.3638980185419293	66.55631815078544
0.07120000000000001	0.37344648915697853	67.50959727785556
0.07220000000000001	0.3831441417608479	68.46301051208734
0.0732	0.3929818668470736	69.41655806277325
0.0742	0.4029762870603119	70.37024000800929
0.0752	0.4131292175386668	71.324056648071
0.0762	0.4234217606321059	72.27800830053977
0.0772	0.43387829043615755	73.23209502499401
0.0782	0.4445046539976257	74.18631719584049
0.0792	0.45530472668473376	75.14067525268662
0.08020000000000001	0.46548956567267613	76.09516967322078
0.08120000000000001	0.47269204917103375	77.04979118269716
0.08220000000000001	0.4805388835359908	78.00450139190447
0.08320000000000001	0.49108591613902247	78.95930699937124
0.08420000000000001	0.503733772307497	79.91423931803995
0.08520000000000001	0.5166160116155746	80.86932184691497
0.08620000000000001	0.5297379739036866	81.82455557386744
0.08720000000000001	0.5429527174931474	82.77994152579906
0.0882	0.5558524097801812	83.7354790368206
0.0892	0.5692168254821567	84.6911627961944
0.0902	0.5831202250165995	85.64699637517774
0.0912	0.597845498344929	86.60298407813195
0.0922	0.6128468741904607	87.55913324023776
0.0932	0.6281271801140337	88.51544510490257
0.0942	0.6436872624466652	89.47192091922258
0.0952	0.6595269411815963	90.42856191285084
0.09620000000000001	0.6756514593454127	91.38536928760588
0.09720000000000001	0.6922429487603199	92.34234427478287
0.09820000000000001	0.7099192227575915	93.2994899394296
0.09920000000000001	0.7281986692331386	94.25681559774708
0.10020000000000001	0.7464306511262182	95.21432552629987
0.10120000000000001	0.764120364175598	96.17201742272003
0.10220000000000001	0.7815313766354537	97.12988412790176
0.10320000000000001	0.7992262362201114	98.08792119352019
0.10420000000000001	0.817207524614863	99.04612971924682
0.1052	0.8354778259319728	100.00451080842254
0.1062	0.8540397144163596	100.9630655679763
0.1072	0.8728957543937769	101.9217951082308
0.1082	0.8920485002243966	102.88070054271496
0.1092	0.9115004962615184	103.83978298798299
0.1102	0.9312542768151508	104.7990435634395
0.11120000000000001	0.9513123661202072	105.75848339117091
0.11220000000000001	0.9716772783090816	106.7181035957824
0.11320000000000001	0.9923515173883937	107.67790530424045
0.11420000000000001	1.0133375772196673	108.63788964572099
0.11520000000000001	1.0346379415037517	109.59805775146232
0.11620000000000001	1.0562550837687765	110.55841075462334
0.11720000000000001	1.0781914673614779	111.51894979014632
0.11820000000000001	1.1004495454416872	112.47967599462442
0.11920000000000001	1.1230317609798137	113.44059050617356
0.1202	1.1459405467572186	114.40169446430869
0.1212	1.169178325369264	115.36298900982402
0.1222	1.1927475092308248	116.3244752846773
0.1232	1.2166505005843007	117.28615443187803
0.1242	1.2408896915098375	118.24802759537917
0.1252	1.2654674639377594	119.2100959199726
0.1262	1.2903861896628521	120.17236055118791
0.1272	1.3156482303606993	121.13482263519452
0.1282	1.3412559376057158	122.09748331870716
0.1292	1.367211652890867	123.06034374889411
0.1302	1.3935177076489582	124.02340507328883
0.1312	1.4201764232753875	124.98666843970413
0.1322	1.4471901412332555	125.95013499614937
0.1332	1.4745613418975803	126.91380589097639
0.1342	1.5022924775029431	127.87768227391476
0.13520000000000001	1.5303855009041663	128.84176529583846
0.13620000000000002	1.558842558589642	129.8060561050392
0.13720000000000002	1.5876659452452142	130.7705558487049
0.13820000000000002	1.6168579124232452	131.73526567402612
0.13920000000000002	1.646420701979925	132.70018672788373
0.14020000000000002	1.6763565461095686	133.66532015678564
0.14120000000000002	1.7066676673794927	134.6306671068061
0.14220000000000002	1.73735627876545	135.59622872352662
0.14320000000000002	1.7684245836875443	136.56200615197886
0.14420000000000002	1.799874776046581	137.52800053658962
0.1452	1.8317090402607052	138.49421302112717
0.1462	1.863929551302387	139.4606447486497
0.1472	1.8965384747358347	140.42729686145532
0.1482	1.9295379667543089	141.39417050103333
0.1492	1.9629301742177652	142.36126680801775
0.1502	1.9967172346906044	143.3285869221418
0.1512	2.0309012764794696	144.29613198219383
0.1522	2.065484262113608	145.2639031259752
0.1532	2.100467298234389	146.23190148923558
0.1542	2.135851121028121	147.20012820012855
0.1552	2.171638587995114	148.168584376932
0.1562	2.2078328546944888	149.1372711419232
0.1572	2.2444371576837248	150.1061896232083
0.1582	2.2814533097251197	151.07534095514168
0.1592	2.318883370668514	152.04472626919372
0.1602	2.356729392237416	153.01434669555906
0.1612	2.3980574387832987	153.98420336312992
0.1622	2.4551757484774477	154.95431631317808
0.1632	2.5282903579767573	155.92478131586702
0.1642	2.617421655138617	156.8956942315867
0.1652	2.7225946489954382	157.8671498772405
0.16620000000000001	2.843838906893745	158.83924207316963
0.16720000000000002	2.981188495282784	159.81206368856954
0.16820000000000002	3.1346819240143065	160.7857066854658
0.16920000000000002	3.3043620940223253	161.76026216131305
0.17020000000000002	3.4902762482583567	162.7358203902773
0.17120000000000002	3.692475925764122	163.71247086326005
0.17220000000000002	3.911016918769707	164.69030232671872
0.17320000000000002	4.145959232710895	165.66940282033627
0.17420000000000002	4.39736704906483	166.64985971358982
0.17520000000000002	4.66530869090833	167.6317597412663
0.1762	4.949856591108013	168.6151890379706
0.1772	5.251087263056087	169.6002331716698
0.1782	5.56908127386979	170.5869771763148
0.1792	5.9039232199771545	171.57550558357968
0.1802	6.2557017050150545	172.56590245375583
0.1812	6.6245093199698015	173.558251405838
0.1822	7.010442625493789	174.55263564683648
0.1832	7.413602136335179	175.5491380003484
0.1842	7.834092307820982	176.54784093442075
0.1852	8.272021524336555	177.54882658873436
0.1862	8.727502089747967	178.5521768011388
0.1872	9.20065021971608	179.55797313356592
0.1882	9.691586035853932	180.5662968973482
0.1892	10.200433561681642	181.5772291779683
0.1902	10.727320720335339	182.5908508592638
0.1912	11.27237933398892	183.6072426471109
0.1922	11.835745124949678	184.6264850926094
0.1932	12.417557718390864	185.64865861479123
0.1942	13.017960646686372	186.67384352287255
0.1952	13.637101355314345	187.70212003807006
0.1962	14.275131210298731	188.7335683150004
0.19720000000000001	14.932205507159287	189.76826846268133
0.19820000000000002	15.608483481342036	190.80630056515196
0.19920000000000002	16.304128320104358	191.84774470172982
0.20020000000000002	17.015695720169553	192.89268096692055
0.20120000000000002	17.72876668279574	193.94117152255535
0.20220000000000002	18.442899953125256	194.9932061782279
0.20320000000000002	19.158078132755946	196.04877265996205
0.20420000000000002	19.8742838942609	197.10785872896662
0.20520000000000002	20.591499980893854	198.17045218146603
0.20620000000000002	21.30970920629682	199.23654084853277
0.20720000000000002	22.02889445421019	200.30611259592183
0.20820000000000002	22.749038678184892	201.37915532390676
0.2092	23.47012490129701	202.45565696711768
0.2102	24.19213621586447	203.53560549438092
0.2112	24.915055783165823	204.61898890856025
0.2122	25.63886683316138	205.70579524640013
0.2132	26.3635526642162	206.79601257837015
0.2142	27.08909664282533	207.8896290085115
0.2152	27.815482203340988	208.98663267428475
0.2162	28.542692847701765	210.08701174641934
0.2172	29.270712145163802	211.19075442876445
0.2182	29.99952373203396	212.29784895814163
0.2192	30.72911131140485	213.40828360419866
0.2202	31.459458652891726	214.52204666926494
0.2212	32.19054959237139	215.63912648820843
0.2222	32.92236803172274	216.7595114282938
0.2232	33.654897938569285	217.88318988904211
0.2242	34.38812334602335	219.01015030209192
0.2252	35.12202835243207	220.14038113106142
0.2262	35.85659712112515	221.27387087141224
0.2272	36.59181388016428	222.41060805031432
0.22820000000000001	37.327662922094326	223.55058122651226
0.22920000000000001	38.06412860369601	224.6937789901926
0.23020000000000002	38.801195345740496	225.84018996285275
0.23120000000000002	39.53884763274534	226.98980279717074
0.23220000000000002	40.2770700127322	228.14260617687648
0.23320000000000002	41.01584709698604	229.29858881662398
0.23420000000000002	41.755163559816	230.45773946186483
0.23520000000000002	42.49500413831762	231.62004688872284
0.23620000000000002	43.23535363213676	232.7854999038697
0.23720000000000002	43.97619690323492	233.95408734440184
0.23820000000000002	44.717518875656076	235.12579807771834
0.23920000000000002	45.459304535294905	236.3006210013999
0.2402	46.20153892966655	237.47854504308884
0.2412	46.94420716767783	238.65955916037043
0.2422	47.68729441939961	239.84365234065456
0.2432	48.4307859158409	241.03081360105924
0.2442	49.17466694872404	242.22103198829447
0.2452	49.91892287026143	243.41429657854744
0.2462	50.663539092933476	244.61059647736852
0.2472	51.408501089267936	245.8099208195583
0.2482	52.153794391620494	247.01225876905548
0.2492	52.89940459195669	248.21759951882572
0.2502	53.64531734163505	249.42593229075138
0.2512	54.39151835119165	250.63724633552238
0.2522	55.13799339012559	251.8515309325274
0.2532	55.884728286686084	253.06877538974658
0.2542	56.631708927660476	254.28896904364464
0.2552	57.378921258163594	255.51210125906502
0.2562	58.12635128142824	256.7381614291249
0.2572	58.87398505859692	257.96713897511086
0.2582	59.62180870851465	259.1990233463756
0.2592	60.36980840752283	260.4338040202351
0.2602	61.1179703892547	261.6714705018671
0.2612	61.86628094443114	262.91201232420974
0.2622	62.61472642065837	264.1554190478615
0.2632	63.36329322222631	265.4016802609817
0.2642	64.11196780990798	266.6507855791914
0.2652	64.86073670076027	267.90272464547564
0.2662	65.60958646792561	269.1574871300863
0.2672	66.35850374043453	270.41506273044484
0.2682	67.10747520300959	271.67544117104717
0.2692	67.85648759587008	272.93861220336794
0.2702	68.60552771453794	274.20456560576633
0.2712	69.3545824096444	275.47329118339206
0.2722	70.10363858673793	276.7447787680923
0.2732	70.85268320609295	278.0190182183191
0.2742	71.60170328251972	279.2959994190378
0.2752	72.35068588517495	280.57571228163556
0.2762	73.09961813737353	281.8581467438309
0.2772	73.84848721640127	283.14329276958387
0.2782	74.59728035332833	284.4311403490066
0.2792	75.34598483282394	285.7216794982749
0.2802	76.09458799297157	287.01490025953973
0.2812	76.84307722508542	288.31079270084007
0.2822	77.59143997352768	289.60934691601597
0.2832	78.33966373552663	290.9105530246222
0.2842	79.0877360609956	292.2144011718424
0.2852	79.83564455235292	293.52088152840423
0.2862	80.58337686434267	294.8299842904945
0.2872	81.3309207038564	296.14169967967536
0.2882	82.07826382975533	297.4560179428004
0.28919999999999996	82.82539405269392	298.77292935193213
0.29019999999999996	83.57229923494396	300.0924242042596
0.29119999999999996	84.31896729021945	301.4144928220161
0.29219999999999996	85.06538618350247	302.73912555239804
0.29319999999999996	85.81154393086976	304.06631276748425
0.29419999999999996	86.55742859932016	305.3960448641554
0.29519999999999996	87.3030283066028	306.7283122640143
0.29619999999999996	88.04833122104603	308.0631054133065
0.29719999999999996	88.79332556138739	309.4004147828418
0.29819999999999997	89.53799959660397	310.7402308679153
0.29919999999999997	90.28234164574381	312.08254418823003
0.30019999999999997	91.02634007775804	313.4273452878195
0.30119999999999997	91.76998331133369	314.7746247349706
0.30219999999999997	92.51325981472718	316.1243731221472
0.30319999999999997	93.25615810559889	317.4765810659144
0.30419999999999997	93.99866675084799	318.8312392068626
0.30519999999999997	94.7407743664485	320.188338209533
0.30619999999999997	95.48246961728559	321.5478687623424
0.3072	96.22374121699286	322.9098215775091
0.3082	96.96457792779056	324.27418739097965
0.3092	97.70496856032386	325.64095696235495
0.3102	98.44490197350255	327.0101210748176
0.3112	99.18436707434091	328.3816705350594
0.3122	99.92335281779857	329.7555961732094
0.3132	100.6618482066219	331.1318888427621
0.3142	101.39984229118605	332.5105394205063
0.3152	102.13732416933786	333.8915388064541
0.3162	102.87428298623927	335.2748779237708
0.3172	103.61070793421143	336.6605477187048
0.3182	104.34658825257942	338.0485391605175
0.3192	105.08191322751775	339.43884324141476
0.3202	105.81667219189634	340.8314509764774
0.3212	106.55085452512732	342.2263534035931
0.3222	107.28444965301236	343.62354158338826
0.3232	108.01744704759057	345.02300659916006
0.3242	108.7498362269871	346.42473955680913
0.3252	109.48160675526256	347.8287315847728
0.3262	110.2127482422625	349.23497383395795
0.3272	110.94325034346832	350.6434574776754
0.3282	111.6731027598479	352.0541737115733
0.3292	112.40229523770745	353.4671137535719
0.3302	113.13081756854389	354.8822688437984
0.3312	113.85865958889744	356.29963024452167
0.3322	114.58581118020531	357.7191892400881
0.3332	115.31226226865557	359.1409371368571
0.3342	116.0380028250418	360.56486526313716
0.3352	116.76302286461834	361.9909649691227
0.3362	117.487312446956	363.4192276268304
0.3372	118.21086167579831	364.84964463003644
0.3382	118.93366069891863	366.282207394214
0.3392	119.65569970797742	367.716907356471
0.3402	120.37696893838023	369.1537359754876
0.3412	121.09745866913643	370.59268473145556
0.3422	121.81715922271823	372.033745126016
0.3432	122.53606096492025	373.47690868219877
0.3442	123.25415430471992	374.92216694436166
0.3452	123.97142969413805	376.36951147813
0.3462	124.68787762810015	377.81893387033637
0.3472	125.40348864429828	379.27042572896096
0.3482	126.1182533230533	380.7239786830719
0.3492	126.83216228717772	382.17958438276594
0.3502	127.5452062018392	383.6372344991097
0.3512	128.2573757744243	385.09692072408075
0.35219999999999996	128.9686617544029	386.5586347705092
0.35319999999999996	129.67905493319316	388.02236837201986
0.35419999999999996	130.38854614402692	389.48811328297404
0.35519999999999996	131.09712626181562	390.95586127841216
0.35619999999999996	131.8047862030166	392.4256041539962
0.35719999999999996	132.51151692550022	393.897333725953
0.35819999999999996	133.21730942841717	395.3710418310173
0.35919999999999996	133.92215475206623	396.84672032637513
0.36019999999999996	134.62604397776295	398.3243610896078
0.36119999999999997	135.32896822770817	399.80395601863563
0.36219999999999997	136.03091866485775	401.2854970316625
0.36319999999999997	136.73188649279203	402.76897606712015
0.36419999999999997	137.4318629555863	404.25438508361293
0.36519999999999997	138.13083933768158	405.7417160598631
0.36619999999999997	138.82880696375588	407.2309609946558
0.36719999999999997	139.52575719859578	408.7221119067846
0.36819999999999997	140.22168144696877	410.2151608349976
0.3692	140.91657115349568	411.71009983794295
0.3702	141.6104178025239	413.20692099411536
0.3712	142.30321291800092	414.7056164018025
0.3722	142.9949480633483	416.2061781790319
0.3732	143.68561484133602	417.7085984635176
0.3742	144.37520489395752	419.2128694126076
0.3752	145.0637099023049	420.71898320323095
0.3762	145.7511215864448	422.2269320318459
0.3772	146.4374317052945	423.73670811438717
0.3782	147.12263205649862	425.2483036862145
0.3792	147.80671447630627	426.7617110020609
0.3802	148.48967083944837	428.27692233598077
0.3812	149.17149305901577	429.7939299812993
0.3822	149.85217308633756	431.3127262505609
0.3832	150.5317029108598	432.83330347547866
0.3842	151.21007456002476	434.35565400688375
0.3852	151.88728009915062	435.87977021467503
0.3862	152.56331163131136	437.4056444877686
0.3872	153.2381612972174	438.9332692340483
0.3882	153.9118212750963	440.46263688031564
0.3892	154.58428378057408	441.99373987224027
0.3902	155.25554106655696	443.5265706743107
0.3912	155.9255854231135	445.06112176978513
0.3922	156.59440917735688	446.5973856606427
0.3932	157.26200469332798	448.13535486753426
0.3942	157.9283643718786	449.6750219297344
0.3952	158.5934806505551	451.2163794050926
0.3962	159.25734600348267	452.75941986998544
0.3972	159.91995294124945	454.30413591926845
0.3982	160.5812940107918	455.8505201662284
0.3992	161.24136179527918	457.39856524253577
0.4002	161.90014891400008	458.9482637981972
0.4012	162.5576480222478	460.4996085015085
0.4022	163.21385181120698	462.0525920390073
0.4032	163.86875300784038	463.60720711542683
0.4042	164.5223443747759	465.1634464536486
0.4052	165.17461871019432	466.7213027946562
0.4062	165.825568847717	468.2807688974892
0.4072	166.47518765629422	469.84183753919694
0.4082	167.12346804009397	471.40450151479246
0.4092	167.77040293839062	472.9687536372067
0.4102	168.4159853254547	474.5345867372434
0.4112	169.06020821044225	476.1019936635331
0.4122	169.70306463728534	477.67096728248845
0.4132	170.34454768458207	479.24150047825873
0.4142	170.98465046548773	480.81358615268516
0.4152	171.6233661276059	482.3872172252563
0.4162	172.2606878528799	483.9623866330633
0.41719999999999996	172.89660885748464	485.5390873307556
0.41819999999999996	173.53112239171912	487.1173122904969
0.41919999999999996	174.16422173989866	488.69705450192083
0.42019999999999996	174.79590022024806	490.2783069720872
0.42119999999999996	175.42615118479483	491.8610627254383
0.42219999999999996	176.05496801926273	493.44531480375525
0.42319999999999997	176.6823441429659	495.0310562661149
0.42419999999999997	177.3082730087029	496.6182801888462
0.42519999999999997	177.93274810265174	498.2069796654874
0.42619999999999997	178.55576294426447	499.797147806743
0.42719999999999997	179.17731108616275	501.38877774044107
0.42819999999999997	179.79738611403332	502.9818626114905
0.42919999999999997	180.41598164652424	504.5763955818389
0.43019999999999997	181.03309133514094	506.1723698304298
0.43119999999999997	181.64870886414298	507.7697785531608
0.4322	182.26282795044108	509.3686149628417
0.4332	182.87544234349437	510.9688722891525
0.4342	183.4865458252079	512.5705437786014
0.4352	184.0961322098308	514.1736226944838
0.4362	184.70419534385448	515.7781023168408
0.4372	185.31072910591104	517.3839759424172
0.4382	185.91572740667252	518.9912368846219
0.4392	186.51918418874976	520.5998784734852
0.4402	187.12109342659224	522.2098940556192
0.4412	187.72144912638782	523.8212769941767
0.4422	188.32024532596284	525.4340206688106
0.4432	188.9174760946828	527.0481184756338
0.4442	189.51313553335297	528.6635638271787
0.4452	190.10721777411953	530.280350152357
0.4462	190.6997169803711	531.8984708964199
0.4472	191.29062734664026	533.5179195209182
0.4482	191.87994309850575	535.1386895036628
0.4492	192.4676584924948	536.760774338685
0.4502	193.0537678159855	538.3841675361966
0.4512	193.63826538711007	540.0088626225514
0.4522	194.2211455546579	541.6348531402056
0.4532	194.80240269797912	543.2621326476788
0.4542	195.38203122688833	544.890694719515
0.4552	195.96002558156897	546.5205329462441
0.4562	196.53638023247743	548.1516409343433
0.4572	197.11108968024797	549.7840123061981
0.4582	197.68414845559758	551.4176407000642
0.4592	198.25555111923137	553.0525197700296
0.4602	198.82529226174816	554.6886431859758
0.4612	199.39336650354628	556.3260046335406
0.4622	199.95976849472967	557.9645978140793
0.4632	200.52449291501443	559.6044164446275
0.4642	201.0875344736356	561.2454542578638
0.4652	201.648887909254	562.8877050020715
0.4662	202.2085479898635	564.5311624411015
0.4672	202.7665095126988	566.1758203543357
0.4682	203.32276730414318	567.8216725366487
0.4692	203.8773162196365	569.4687127983718
0.4702	204.43015114358383	571.1169349652557
0.4712	204.9812669892639	572.7663328784334
0.4722	205.53065869873822	574.4169003943842
0.4732	206.07832124276032	576.0686313848968
0.4742	206.62424962068513	577.7215197370326
0.4752	207.16843886037884	579.3755593530901
0.4762	207.71088401812887	581.0307441505679
0.4772	208.2515801785543	582.6870680621292
0.4782	208.79052245451638	584.3445250355659
0.4792	209.32770598702936	586.0031090337619
0.48019999999999996	209.8631259451717	587.6628140346585
0.48119999999999996	210.3967775259973	589.3236340312179
0.48219999999999996	210.92865595444735	590.9855630313886
0.48319999999999996	211.45875648326202	592.6485950580686
0.48419999999999996	211.9870743928928	594.3127241490716
0.48519999999999996	212.5136049914148	595.977944357091
0.48619999999999997	213.03834361443958	597.6442497496648
0.48719999999999997	213.56128562502798	599.3116344091411
0.48819999999999997	214.08242641360337	600.9800924326428
0.48919999999999997	214.60176139786515	602.6496179320329
0.49019999999999997	215.11928602270245	604.3202050338805
0.49119999999999997	215.63499576010807	605.9918478794252
0.49219999999999997	216.14888610909267	607.6645406245435
0.49319999999999997	216.6609525955995	609.3382774397144
0.4942	217.17119077241875	611.0130525099847
0.4952	217.6795962191029	612.6888600349354
0.4962	218.18616454188162	614.3656942286473
0.4972	218.69089137357764	616.0435493196675
0.4982	219.19377237352205	617.7224195509751
0.4992	219.69480322747066	619.4022991799484
0.5002	220.19397964752	621.0831824783301
0.5012	220.69129737202377	622.7650637321942
0.5022	221.18675216550977	624.4479372419137
0.5032	221.68033981859665	626.1317973221255
0.5042	222.1720561479112	627.8166383016988
0.5052	222.66189699600577	629.502454523701
0.5062	223.14985823127589	631.1892403453647
0.5072	223.63593574787842	632.876990138056
0.5082	224.12012546564938	634.56569828724
0.5092	224.6024233300226	636.2553591924493
0.5102	225.08282531194826	637.9459672672509
0.5112	225.56132740781175	639.6375169392138
0.5122	226.03792563935284	641.3300026498767
0.5132	226.51261605358488	643.0234188547155
0.5142	226.98539472271463	644.717760023111
0.5152	227.45625774406182	646.4130206383173
0.5162	227.92520123997926	648.109195197429
0.5172	228.3922213577731	649.8062782113495
0.5182	228.85731426962354	651.5042642047599
0.5192	229.32047617250518	653.203147716086
0.5202	229.78170328810828	654.9029232974676
0.5212	230.24099186275978	656.6035855147264
0.5222	230.69833816734487	658.3051289473348
0.5232	231.1537384972284	660.0075481883842
0.5242	231.60718917217696	661.7108378445542
0.5252	232.0586865362809	663.414992536081
0.5262	232.50822695787656	665.1200068967261
0.5272	232.9558068294689	666.8258755737457
0.5282	233.40142256765424	668.5325932278598
0.5292	233.84507061304313	670.2401545332207
0.5302	234.28674743018377	671.9485541773829
0.5312	234.72644950748526	673.6577868612723
0.5322	235.16417335714115	675.3678472991551
0.5332	235.59991551505354	677.0787302186078
0.5342	236.03367254075698	678.7904303604868
0.5352	236.46544101734284	680.5029424788977
0.5362	236.8952175513837	682.2162613411654
0.5372	237.32299877285817	683.9303817278036
0.5382	237.74878133507585	685.645298432485
0.5392	238.17256191460237	687.3610062620111
0.5402	238.5943372111848	689.0775000362826
0.5412	239.01410394767723	690.794774588269
0.5422	239.43185886996653	692.5128247639794
0.5432	239.8475987468984	694.2316454224328
0.5442	240.2613203702035	695.9512314356281
0.5452	240.67302055442383	697.6715776885146
0.5462	241.08269613683953	699.3926790789634
0.5472	241.4903439773955	701.1145305177371
0.5482	241.89596095862854	702.8371269284609
0.5492	242.2995439855946	704.5604632475936
0.5502	242.70108998579616	706.2845344243983
0.5512	243.10059590910996	708.0093354209133
0.5522	243.49805872771478	709.7348612119235
0.5532	243.89347543601957	711.4611067849312
0.5542	244.28684305059167	713.1880671401273
0.5552	244.6781586100853	714.9157372903629
0.5562	245.06741917517013	716.6441122611205
0.5572	245.4546218284603	718.3731870904854
0.5582	245.83976367444342	720.1029568291174
0.5592	246.22284183940977	721.833416540222
0.5602	246.60385347138188	723.5645612995227
0.5612	246.98279574004408	725.2963861952322
0.5622	247.3596658366725	727.0288863280249
0.5632	247.7344609740649	728.7620568110076
0.5642	248.10717838647116	730.495892769693
0.5652	248.4778153295237	732.2303893419707
0.5662	248.84636908016793	733.9655416780797
0.5672	249.21283693659325	735.7013449405805
0.5682	249.57721621816407	737.4377943043274
0.5692	249.93950426535105	739.1748849564414
0.5702	250.29969843966242	740.9126120962815
0.5712	250.65779612357568	742.6509709354181
0.5722	251.0137947204693	744.3899566976054
0.5732	251.36769165455485	746.129564618754
0.5742	251.71948437080906	747.8697899469033
0.5752	252.06917033490632	749.610627942195
0.5762	252.41674703315098	751.3520738768451
0.5771999999999999	252.76221197241043	753.0941230351174
0.5781999999999999	253.10556268004785	754.8367707132968
0.5791999999999999	253.44679670385528	756.5800122196616
0.5801999999999999	253.78591161198707	758.3238428744572
0.5811999999999999	254.12290499289324	760.0682580098688
0.5821999999999999	254.4577744552532	761.8132529699953
0.5831999999999999	254.79051762790968	763.5588231108225
0.5841999999999999	255.1211321598027	765.3049638001961
0.5851999999999999	255.44961571990385	767.0516704177957
0.5861999999999999	255.7759659971506	768.798938355108
0.5871999999999999	256.100180700381	770.5467630154011
0.5882	256.42225755826837	772.295139813697
0.5892	256.74219431925644	774.0440641767466
0.5902	257.0601048386655	775.7935315430028
0.5912	257.37706824408224	777.5435375590198
0.5922	257.69555097749935	779.2940797102526
0.5932	258.0155542134812	781.0451596569401
0.5942	258.3370791299748	782.7967790557035
0.5952	258.66012690830235	784.5489395595703
0.5962	258.9846987331539	786.3016428179983
0.5972	259.31079579258034	788.0548904768993
0.5982	259.6384192779861	789.8086841786621
0.5992	259.9675703841219	791.5630255621762
0.6002	260.29825030907836	793.3179162628547
0.6012	260.63046025427815	795.0733579126575
0.6022	260.9642014244699	796.8293521401132
0.6032	261.29947502772075	798.5859005703431
0.6042	261.6362822754102	800.3430048250827
0.6052	261.97462438222277	802.100666522704
0.6062	262.31450256614175	803.8588872782382
0.6072	262.6559180484425	805.617668703397
0.6082	262.998872053686	807.3770124065951
0.6092	263.343365809712	809.1369199929711
0.6102	263.68940054763306	810.8973930644096
0.6112	264.0369775018282	812.6584332195625
0.6122	264.38609790993615	814.4200420538702
0.6132	264.73676301284945	816.1822211595822
0.6142	265.0889740547082	817.9449721257787
0.6152	265.442732282894	819.7082965383909
0.6162	265.79803894802353	821.4721959802217
0.6172	266.15489530394314	823.2366720309666
0.6182	266.5133026077222	825.0017262672332
0.6192	266.87326211964756	826.7673602625622
0.6202	267.2347751032178	828.5335755874471
0.6212	267.5978428251371	830.3003738093543
0.6222	267.9624665553097	832.0677564927424
0.6232	268.3286475668339	833.8357251990825
0.6242	268.6963871359971	835.6042814868773
0.6252	269.0656865422693	837.3734269116804
0.6262	269.4365470682982	839.1431630261161
0.6272	269.80896999990335	840.9134913798977
0.6282	270.18295662607096	842.6844135198472
0.6292	270.55850823894826	844.4559309899137
0.6302	270.93562613383835	846.2280453311923
0.6312	271.31431160919465	848.0007580819428
0.6322	271.694565966616	849.7740707776077
0.6332	272.0763905108411	851.5479849508312
0.6342	272.45978654974357	853.3225021314771
0.6352	272.84475539432674	855.0976238466466
0.6362	273.2312983587187	856.8733516206968
0.6372	273.619416760167	858.6496869752583
0.6382	274.00911191903407	860.426631429253
0.6392	274.4003851587921	862.2041864989113
0.6402	274.79323780601806	863.9823536977905
0.6412	275.187671190389	865.7611345367912
0.6422	275.5836866446772	867.5405305241753
0.6432	275.98128550474553	869.3205431655825
0.6442	276.3804691095427	871.1011739640481
0.6452	276.7812388010983	872.8824244200192
0.6462	277.1835959245188	874.6642960313719
0.6472	277.5875418279824	876.4467902934281
0.6482	277.9930778627349	878.2299086989714
0.6492	278.40020538308494	880.0136527382646
0.6502	278.80892574639967	881.7980238990651
0.6512	279.21924031310033	883.5830236666421
0.6522	279.63115044665795	885.3686535237917
0.6532	280.044657513589	887.154914950854
0.6542	280.45976288345105	888.9418094257284
0.6552	280.8764679288385	890.7293384238892
0.6562	281.29477402537856	892.5175034184023
0.6572	281.714682551727	894.3063058799399
0.6582	282.136194889564	896.0957472767968
0.6592	282.55931242359003	897.885829074905
0.6602	282.98403654152185	899.6765527378495
0.6612	283.4103686340886	901.4679197268837
0.6622	283.83831009502774	903.2599315009443
0.6632	284.2678623210812	905.0525895166663
0.6642	284.6990267119913	906.8458952283979
0.6652	285.13180467049716	908.6398500882159
0.6662	285.56619760233076	910.4344555459394
0.6672	286.0022069162131	912.2297130491455
0.6682	286.43983402385055	914.0256240431833
0.6692	286.8790803399312	915.8221899711885
0.6702	287.31994728212106	917.6194122740978
0.6712	287.7624362710605	919.4172923906632
0.6722	288.2065487303607	921.215831757466
0.6732	288.6522860866	923.0150318089312
0.6742	289.09964976932037	924.8148939773414
0.6752	289.54864121102406	926.6154196928505
0.6762	289.99926184717	928.4166103834981
0.6772	290.4515131161704	930.2184674752227
0.6782	290.90539645938753	932.0209923918757
0.6792	291.36091332113006	933.8241865552346
0.6802	291.8180651486501	935.6280513850171
0.6812	292.27685339213957	937.4325882988938
0.6822	292.7372795047272	939.2377987125024
0.6832	293.1993449424752	941.0436840394597
0.6842	293.6630511643761	942.8502456913764
0.6852	294.12839963234967	944.6574850778686
0.6862	294.59539181123955	946.465403606572
0.6872	295.0640291688104	948.2740026831538
0.6882	295.53431317574484	950.0832837113263
0.6892	296.0062453056404	951.8932480928597
0.6902	296.4798270350063	953.7038972275942
0.6912	296.9550598432608	955.5152325134529
0.6922	297.4319452127282	957.3272553464545
0.6932	297.91048462863563	959.1399671207254
0.6942	298.3906795791107	960.9533692285124
0.6952	298.8725315551782	962.767463060195
0.6962	299.35604205075765	964.5822500042973
0.6972	299.8412125626601	966.3977314475002
0.6982	300.32804459058576	968.2139087746541
0.6992	300.8165396371212	970.03078336879
0.7002	301.3066992077365	971.8483566111322
0.7012	301.79852481078257	973.6666298811094
0.7022	302.29201795748884	975.4856045563674
0.7032	302.7871801619603	977.30528201278
0.7041999999999999	303.28401294117504	979.1256636244609
0.7051999999999999	303.78251781498193	980.9467507637761
0.7061999999999999	304.2826963060976	982.7685448013538
0.7071999999999999	304.78454994010434	984.591047106097
0.7081999999999999	305.2880802454476	986.4142590451946
0.7091999999999999	305.7932887534334	988.2381819841329
0.7101999999999999	306.30017699822594	990.0628172867063
0.7111999999999999	306.8087465168454	991.8881663150288
0.7121999999999999	307.31899884916527	993.7142304295452
0.7132	307.8309355379104	995.5410109890422
0.7142	308.34455812865434	997.3685093506589
0.7152	308.8598681698172	999.1967268698983
0.7162	309.3768672126636	1001.0256649006376
0.7172	309.89555681130014	1002.8553247951394
0.7182	310.4159385226732	1004.6857079040622
0.7192	310.9380139065669	1006.516815576471
0.7202	311.4617845256011	1008.3486491598484
0.7212	311.98725194522905	1010.1812100001042
0.7222	312.51441773373523	1012.0144994415867
0.7232	313.04328346223343	1013.8485188270929
0.7242	313.5738507046648	1015.6832694978784
0.7252	314.10612103779545	1017.5187527936687
0.7262	314.6400960412149	1019.3549700526679
0.7272	315.1757772973338	1021.1919226115704
0.7282	315.713166391382	1023.02961180557
0.7292	316.2522649114069	1024.8680389683707
0.7302	316.793074448271	1026.7072054321957
0.7312	317.3355965956506	1028.5471125277984
0.7322	317.8798329500338	1030.387761584472
0.7332	318.4257851107183	1032.2291539300586
0.7342	318.97345467981	1034.0712908909597
0.7352	319.522843262221	1035.914173792146
0.7362	320.07395246566796	1037.7578039571663
0.7372	320.6267839006704	1039.602182708158
0.7382	321.1813391805486	1041.4473113658557
0.7392	321.7376199214225	1043.293191249602
0.7402	322.29562774220943	1045.1398236773553
0.7412	322.85536426462306	1046.9872099657011
0.7422	323.4168311131712	1048.8353514298592
0.7432	323.98002991515455	1050.6842493836948
0.7442	324.5449623006649	1052.5339051397264
0.7452	325.1116299025839	1054.3843200091358
0.7462	325.6800343565811	1056.2354953017773
0.7472	326.25017730111267	1058.0874323261862
0.7482	326.82206037741986	1059.9401323895881
0.7492	327.39568522952754	1061.7935967979079
0.7502	327.9710535042427	1063.6478268557785
0.7512	328.548166851153	1065.50282386655
0.7522	329.12702692262525	1067.3585891322984
0.7532	329.7076353738046	1069.215123953835
0.7542	330.28999386261205	1071.072429630713
0.7552	330.8741040497444	1072.9305074612391
0.7562	331.45996759867177	1074.7893587424796
0.7572	332.0475861756371	1076.6489847702712
0.7582	332.6369614496544	1078.5093868392273
0.7592	333.22809509250766	1080.3705662427487
0.7602	333.8209887787495	1082.2325242730303
0.7612	334.4156441857	1084.09526222107
0.7622	335.01206299344557	1085.9587813766777
0.7632	335.61024688483747	1087.8230830284829
0.7642	336.210197545491	1089.6881684639432
0.7652	336.811916663784	1091.5540389693524
0.7662	337.41540593085585	1093.420695829849
0.7672	338.0206670406066	1095.2881403294236
0.7682	338.6277016896954	1097.1563737509284
0.7692	339.2365115775397	1099.0253973760834
0.7702	339.8470984063143	1100.895212485486
0.7712	340.45946388094967	1102.7658203586172
0.7722	341.07360970913203	1104.6372222738523
0.7732	341.6895376013012	1106.5094195084657
0.7742	342.3072492706504	1108.3824133386406
0.7752	342.92674643312495	1110.2562050394763
0.7762	343.54803080742107	1112.1307958849955
0.7772	344.17110411498555	1114.0061871481528
0.7782	344.79596808001446	1115.882380100842
0.7792	345.42262442945207	1117.7593760139039
0.7802	346.05107489299047	1119.637176157133
0.7812	346.68132120306814	1121.5157817992863
0.7822	347.31336509486954	1123.39519420809
0.7832	347.94720830632417	1125.2754146502475
0.7842	348.5828525781055	1127.156444391446
0.7852	349.2202996536306	1129.0382846963653
0.7862	349.85955127905896	1130.9209368286831
0.7872	350.50060920329184	1132.8044020510843
0.7882	351.14347517797165	1134.688681625267
0.7892	351.7881509574814	1136.5737768119507
0.7902	352.43463829894324	1138.4596888708822
0.7912	353.0829389622185	1140.346419060844
0.7922	353.7330547099068	1142.2339686396608
0.7932	354.3849873073452	1144.122338864207
0.7942	355.03873852260784	1146.011530990413
0.7952	355.69431012650494	1147.901546273273
0.7962	356.3517038925825	1149.7923859668515
0.7972	357.01092159712164	1151.6840513242905
0.7982	357.67196501913793	1153.5765435978162
0.7992	358.33483594038074	1155.469864038746
0.8002	358.99953614533285	1157.3640138974952
0.8012	359.66606742121	1159.258994423584
0.8022	360.33443155795993	1161.1548068656439
0.8032	361.0046303482625	1163.0514524714251
0.8042	361.6766655875285	1164.9489324878027
0.8052	362.3505390738998	1166.8472481607832
0.8062	363.02625260824846	1168.7464007355113
0.8072	363.70380799417643	1170.646391456277
0.8082	364.38320703801514	1172.5472215665209
0.8092	365.0644515488252	1174.4488923088427
0.8102	365.74754333839564	1176.3514049250057
0.8112	366.43248422124367	1178.254760655944
0.8122	367.11927601461474	1180.1589607417695
0.8132	367.8079205384814	1182.0640064217778
0.8142	368.4984196155436	1183.9698989344542
0.8152	369.190775071228	1185.8766395174812
0.8162	369.8849887336878	1187.7842294077427
0.8172	370.5810624338025	1189.692669841333
0.8182	371.27899800517736	1191.601962053561
0.8192	371.9787972841433	1193.5121072789566
0.8202	372.6804621097567	1195.423106751278
0.8212	373.3839943237991	1197.3349617035171
0.8222	374.0893957707768	1199.2476733679057
0.8232	374.7966682979207	1201.161242975921
0.8242	375.5058137551865	1203.0756717582929
0.8252	376.216833995254	1204.990960945009
0.8262	376.929730873527	1206.9071117653211
0.8272	377.64450624813315	1208.8241254477512
0.8282	378.36116197992436	1210.7420032200969
0.8292	379.0796999324756	1212.6607463094379
0.8302	379.8001219720857	1214.5803559421418
0.8312	380.5224299677769	1216.5008333438695
0.8322	381.24662579129443	1218.4221797395817
0.8331999999999999	381.972711317107	1220.3443963535435
0.8341999999999999	382.7006884224065	1222.2674844093326
0.8351999999999999	383.4305589871077	1224.191445129842
0.8361999999999999	384.1623248938486	1226.1162797372876
0.8371999999999999	384.89598802799	1228.0419894532138
0.8382	385.6315502776159	1229.9685754984985
0.8392	386.3690135335329	1231.896039093359
0.8402	387.10837968927115	1233.824381457358
0.8412	387.84965064108303	1235.753603809408
0.8422	388.59282828794466	1237.683707367779
0.8432	389.33791453155465	1239.6146933501016
0.8442	390.0849112763351	1241.5465629733742
0.8452	390.8338204294311	1243.4793174539675
0.8462	391.584643900711	1245.4129580076306
0.8472	392.33738360276647	1247.3474858494963
0.8482	393.09204145091263	1249.2829021940859
0.8492	393.84861936318816	1251.2192082553154
0.8502	394.6071192603555	1253.1564052465005
0.8512	395.36754306590075	1255.094494380362
0.8522	396.12989270603396	1257.0334768690302
0.8532	396.89417010968936	1258.9733539240517
0.8542	397.66028313185933	1260.9141267563941
0.8552	398.4276545427773	1262.8557964664192
0.8562	399.1954744376405	1264.7983634770696
0.8572	399.9637426959401	1266.7418272641492
0.8582	400.73245919751935	1268.686187304544
0.8592	401.501623822572	1270.6314430762193
0.8602	402.2712364516421	1272.5775940582162
0.8612	403.04129696562177	1274.524639730648
0.8622	403.81180524575086	1276.472579574697
0.8632	404.5827611736157	1278.4214130726116
0.8642	405.35416463114785	1280.3711397077022
0.8652	406.1260155006229	1282.3217589643386
0.8662	406.89831366465984	1284.2732703279466
0.8672	407.67105900621954	1286.2256732850044
0.8682	408.4442514086037	1288.1789673230392
0.8692	409.21789075545416	1290.133151930625
0.8702	409.9919769307512	1292.088226597378
0.8712	410.76650981881323	1294.044190813955
0.8722	411.54148930429506	1296.0010440720487
0.8732	412.31691527218703	1297.958785864385
0.8742	413.0927876078144	1299.9174156847203
0.8752	413.86910619683545	1301.8769330278378
0.8762	414.6458709252413	1303.8373373895452
0.8772	415.4230816793542	1305.7986282666698
0.8782	416.20073834582695	1307.7608051570573
0.8792	416.9788408116417	1309.7238675595681
0.8802	417.7573889641089	1311.6878149740737
0.8812	418.5363826908661	1313.6526469014536
0.8822	419.31582187987743	1315.6183628435936
0.8832	420.095706419432	1317.5849623033805
0.8842	420.8760361981435	1319.5524447847017
0.8852	421.65681110494836	1321.5208097924396
0.8862	422.4380310291058	1323.4900568324706
0.8872	423.2196958601959	1325.4601854116609
0.8882	424.00180548811915	1327.4311950378637
0.8892	424.7843598030953	1329.403085219917
0.8902	425.5673586956623	1331.37585546764
0.8912	426.35080205667543	1333.3495052918295
0.8922	427.1346897773064	1335.3240342042586
0.8932	427.919021749042	1337.2994417176724
0.8942	428.7037978636835	1339.2757273457853
0.8952	429.4890180133458	1341.2528906032787
0.8962	430.27468209045605	1343.230931005798
0.8972	431.06078998775286	1345.2098480699492
0.8982	431.8473415982854	1347.189641313296
0.8992	432.6343368154125	1349.1703102543577
0.9002	433.4217755328016	1351.1518544126054
0.9012	434.20965764442786	1353.1342733084605
0.9022	434.9979830445733	1355.1175664632904
0.9032	435.78675162782537	1357.1017333994064
0.9042	436.575963289077	1359.0867736400612
0.9052	437.3656179235246	1361.0726867094456
0.9062	438.155715426668	1363.0594721326859
0.9072	438.946255694309	1365.047129435841
0.9082	439.7372386225506	1367.0356581459
0.9092	440.5286641077962	1369.025057790779
0.9102	441.32053204674855	1371.0153278993191
0.9112	442.11284233640896	1373.0064680012827
0.9122	442.9055948740762	1374.9984776273513
0.9132	443.698789557346	1376.9913563091234
0.9142	444.4924262841096	1378.9851035791103
0.9152	445.2865049525535	1380.9797189707351
0.9162	446.081025461158	1382.975202018329
0.9172	446.87598770869675	1384.9715522571287
0.9182	447.6713915942354	1386.9687692232742
0.9192	448.4672370171314	1388.9668524538063
0.9202	449.2635238770323	1390.9658014866625
0.9212	450.06025207387574	1392.965615860677
0.9222	450.8574215078879	1394.9662951155753
0.9232	451.6550320795831	1396.967838791974
0.9242	452.4530836897626	1398.9702464313762
0.9252	453.251576239514	1400.9735175761705
0.9262	454.0505096302103	1402.9776517696273
0.9272	454.84988376350884	1404.9826485558972
0.9282	455.64969854135103	1406.988507480008
0.9292	456.44995386596077	1408.9952280878617
0.9302	457.25064963984437	1411.0028099262333
0.9312	458.0517857657889	1413.0112525427667
0.9322	458.8533621468622	1415.0205554859733
0.9332	459.6553786864115	1417.0307183052291
0.9342	460.45783528806254	1419.0417405507721
0.9352	461.2607318557194	1421.0536217737008
0.9362	462.0640682935629	1423.0663615259698
0.9372	462.8678445060503	1425.0799593603895
0.9382	463.67206039791404	1427.0944148306216
0.9392	464.47671587416164	1429.109727491179
0.9402	465.28181084007423	1431.1258968974216
0.9412	466.08734520120595	1433.1429226055538
0.9422	466.8933188633834	1435.1608041726236
0.9432	467.6997317327044	1437.1795411565186
0.9442	468.5065837155376	1439.1991331159645
0.9452	469.3138747185216	1441.2195796105232
0.9462	470.12160464856385	1443.2408802005887
0.9472	470.9297734128403	1445.2630344473864
0.9482	471.7383809187944	1447.2860419129704
0.9492	472.5474270741364	1449.3099021602204
0.9502	473.35691178684266	1451.3346147528405
0.9512	474.1668349651544	1453.3601792553557
0.9522	474.9771965175776	1455.38659523311
0.9532	475.78799635288203	1457.4138622522653
0.9542	476.5992343801	1459.441979879797
0.9552	477.41091050852634	1461.4709476834933
0.9562	478.2230246477173	1463.5007652319523
0.9572	479.0355767074896	1465.5314320945797
0.9582	479.84856659792007	1467.5629478415872
0.9592	480.6619942293445	1469.595312043989
0.9601999999999999	481.4758595123573	1471.6285242736005
0.9611999999999999	482.2901623578108	1473.6625841030368
0.9621999999999999	483.1049026768138	1475.697491105708
0.9632	483.9200803807318	1477.7332448558195
0.9642	484.73569538118534	1479.7698449283685
0.9652	485.5517475900502	1481.8072908991423
0.9662	486.3682369194558	1483.8455823447157
0.9672	487.1851632817852	1485.884718842449
0.9682	488.00252658967383	1487.924699970486
0.9692	488.82032675600925	1489.9655253077515
0.9702	489.63856369393	1492.0071944339497
0.9712	490.45723731682506	1494.0497069295614
0.9722	491.2763475383334	1496.093062375842
0.9732	492.0958942723428	1498.1372603548198
0.9742	492.91587743298953	1500.1823004492937
0.9752	493.7362969346575	1502.2281822428308
0.9762	494.5571526919774	1504.274905319764
0.9772	495.3784446198265	1506.322469265191
0.9782	496.20017263332716	1508.3708736649712
0.9792	497.0223366478471	1510.4201181057242
0.9802	497.8449365789981	1512.4702021748274
0.9812	498.6679723426351	1514.5211254604137
0.9822	499.4914438548563	1516.5728875513705
0.9832	500.31535103200173	1518.6254880373363
0.9842	501.13969379065304	1520.678926508699
0.9852	501.96447204763274	1522.7332025565954
0.9862	502.78968572000326	1524.7883157729063
0.9872	503.61533472506653	1526.844265750257
0.9882	504.44141898036344	1528.901052082014
0.9892	505.2679384036727	1530.9586743622835
0.9902	506.0948929130108	1533.0171321859095
0.9912	506.92228242663083	1535.0764251484711
0.9922	507.7501068630219	1537.1365528462807
0.9932	508.5783661409091	1539.1975148763831
0.9942	509.40706017925174	1541.2593108365522
0.9952	510.2361888972437	1543.3219403252892
0.9962	511.06575221431234	1545.385402941822
0.9972	511.89575005011784	1547.449698286101
0.9982	512.7261823245527	1549.5148259587993
0.9992	513.5570489577409	1551.5807855613093
1.0002	514.3883498700377	1553.6475766957417
1.0012	515.2200849820285	1555.7151989649233
1.0022	516.0522542145283	1557.7836519723937
1.0032	516.8848574885815	1559.852935322407
1.0042	517.7178947254605	1561.9230486199249
1.0052	518.5513658466659	1563.9939914706197
1.0062	519.3852707739254	1566.0657634808686
1.0072	520.2196094291935	1568.1383642577548
1.0082	521.0543817346501	1570.2117934090627
1.0092	521.8895876127011	1572.286050543279
1.0102	522.7252269859765	1574.3611352695882
1.0112	523.5612997773312	1576.4370471978732
1.0122	524.3978059098428	1578.5137859387107
1.0132	525.2347453068127	1580.591351103373
1.0142	526.0721178917635	1582.669742303821
1.0152	526.9099235884405	1584.7489591527087
1.0162	527.7481623208096	1586.8290012633754
1.0172	528.5868340130576	1588.9098682498484
1.0182	529.4259385895905	1590.991559726838
1.0192	530.2654759750343	1593.0740753097382
1.0202	531.1054460942333	1595.1574146146227
1.0212	531.9458488722504	1597.2415772582456
1.0222	532.7866842343655	1599.3265628580364
1.0232	533.627952106076	1601.4123710321019
1.0242	534.469652413095	1603.4990013992208
1.0252	535.311785081352	1605.5864535788448
1.0262	536.1543500369919	1607.6747271910963
1.0272	536.9973472063732	1609.7638218567638
1.0282	537.8407765160698	1611.853737197305
1.0292	538.684637892868	1613.9444728348406
1.0302	539.5289312637677	1616.0360283921561
1.0312	540.3736565559809	1618.128403492697
1.0322	541.2188136969314	1620.2215977605697
1.0332	542.0644026142543	1622.3156108205376
1.0342	542.9104232357953	1624.4104422980213
1.0352	543.7568754896101	1626.5060918190952
1.0362	544.6037593039646	1628.6025590104878
1.0372	545.4510746073328	1630.6998434995774
1.0382	546.2988213283976	1632.797944914393
1.0392	547.1469993960495	1634.8968628836103
1.0402	547.9956087393872	1636.996597036553
1.0412	548.8446492877149	1639.0971470031875
1.0422	549.6941209705442	1641.1985124141243
1.0432	550.5440237175916	1643.3006929006142
1.0442	551.3943574587793	1645.4036880945487
1.0452	552.2451221242336	1647.507497628456
1.0462	553.0963176442856	1649.6121211355019
1.0472	553.9479439494689	1651.7175582494854
1.0482	554.8000009705215	1653.82380860484
1.0492	555.6524886383825	1655.9308718366294
1.0502	556.5054068841941	1658.0387475805487
1.0512	557.3587556392988	1660.1474354729191
1.0522	558.2125348352411	1662.2569351506907
1.0532	559.0667444037649	1664.3672462514362
1.0542	559.9213842768149	1666.4783684133542
1.0552	560.7764543865343	1668.5903012752633
1.0562	561.6319546652657	1670.7030444766035
1.0572	562.4878850455492	1672.816597657432
1.0582	563.3442454601241	1674.9309604584257
1.0592	564.2010358419249	1677.0461325208737
1.0602	565.058256124085	1679.1621134866823
1.0612	565.9159062399324	1681.2789029983678
1.0622	566.773986122992	1683.3965006990597
1.0632	567.6324957069829	1685.5149062324945
1.0642	568.4914349258198	1687.6341192430184
1.0652	569.350803713611	1689.7541393755826
1.0662	570.2106020046589	1691.874966275744
1.0672	571.0708297334588	1693.996599589662
1.0682	571.9314868346992	1696.119038964099
1.0692	572.7925732432601	1698.2422840464158
1.0702	573.6540888942139	1700.3663344845734
1.0712	574.5160337228237	1702.491189927129
1.0722	575.378407664544	1704.6168500232368
1.0732	576.2412106550189	1706.7433144226436
1.0742	577.1044426300826	1708.8705827756908
1.0752	577.9681035257584	1710.9986547333092
1.0762	578.8321932782587	1713.1275299470212
1.0772	579.6967118239838	1715.2572080689358
1.0782	580.5616590995224	1717.3876887517506
1.0792	581.4270350416499	1719.5189716487469
1.0802	582.2928395873291	1721.6510564137916
1.0812	583.1590726737088	1723.7839427013325
1.0822	584.0257342381243	1725.9176301664002
1.0832	584.8928242180955	1728.0521184646032
1.0842	585.7603425513283	1730.18740725213
1.0852	586.6282891757122	1732.3234961857436
1.0862	587.4966640293214	1734.460384922785
1.0872	588.3654670504133	1736.5980731211664
1.0882	589.2346981774286	1738.736560439375
1.0892	590.1043573489907	1740.8758465364672
1.0902	590.974444503905	1743.0159310720705
1.0912	591.8449595811588	1745.1568137063796
1.0922	592.7159025199207	1747.2984941001569
1.0932	593.5872732595398	1749.4409719147293
1.0942	594.4590717395462	1751.5842468119895
1.0952	595.3312978996491	1753.7283184543905
1.0962	596.2039516797382	1755.8731865049497
1.0972	597.077033019881	1758.0188506272414
1.0982	597.9505418603246	1760.1653104854008
1.0992	598.8244781414935	1762.3125657441192
1.1002	599.6988418039907	1764.4606160686446
1.1012	600.5736327885952	1766.6094611247781
1.1022	601.448851036264	1768.7591005788763
1.1032	602.3244964881299	1770.9095340978452
1.1042	603.2005690855017	1773.0607613491431
1.1052	604.0770687698631	1775.2127820007759
1.1062	604.9539954828741	1777.3655957212993
1.1072	605.831349166368	1779.5192021798134
1.1082	606.7091297623532	1781.6736010459656
1.1092	607.5873372130111	1783.828791989945
1.1102	608.4659714606972	1785.9847746824855
1.1112	609.3450324479389	1788.1415487948598
1.1122	610.2245201174371	1790.299113998883
1.1132	611.1044344120638	1792.4574699669067
1.1142	611.9847752748632	1794.616616371822
1.1152	612.8655426490503	1796.7765528870534
1.1162	613.7467364780111	1798.9372791865626
1.1172	614.6283567053018	1801.0987949448431
1.1182	615.5104032746489	1803.2610998369223
1.1192	616.3928761299474	1805.4241935383563
1.1202	617.2757752152625	1807.5880757252332
1.1212	618.1591004748271	1809.7527460741674
1.1222	619.0428518530434	1811.9182042623017
1.1232	619.9270292944805	1814.0844499673044
1.1242	620.8116327438755	1816.2514828673688
1.1252	621.6966621461321	1818.4193026412102
1.1262	622.582117446321	1820.587908968068
1.1272	623.4679985896787	1822.7573015277005
1.1282	624.354305521608	1824.9274800003875
1.1292	625.2410381876763	1827.098444066925
1.1302	626.128196533617	1829.2701934086285
1.1312	627.0157805053273	1831.4427277073278
1.1322	627.9037613916336	1833.6160466453684
1.1332	628.7919906037844	1835.7901498803146
1.1342	629.680332396438	1837.9650369392175
1.1352	630.5687863782448	1840.1407072302545
1.1362	631.4573521583109	1842.3171601623035
1.1372	632.3460293461951	1844.4943951449368
1.1382	633.2348175519098	1846.6724115884238
1.1392	634.1237163859183	1848.8512089037251
1.1402	635.0127254591362	1851.0307865024963
1.1412	635.901844382928	1853.211143797081
1.1422	636.7910727691085	1855.3922802005145
1.1432	637.6804102299403	1857.5741951265177
1.1442	638.5698563781344	1859.7568879895005
1.1452	639.459410826848	1861.9403582045557
1.1462	640.349073189685	1864.1246051874616
1.1472	641.2388430806936	1866.309628354677
1.1482	642.1287201143674	1868.4954271233435
1.1492	643.0187039056424	1870.6820009112803
1.1502000000000001	643.9087940698984	1872.8693491369868
1.1512	644.798990222956	1875.057471219637
1.1522000000000001	645.6892919810776	1877.2463665790817
1.1532	646.5796989609657	1879.436034635845
1.1542	647.470210779762	1881.6264748111241
1.1552	648.3608270550475	1883.8176865267876
1.1562	649.2515474048397	1886.0096692053728
1.1572	650.1423714475944	1888.2024222700873
1.1582	651.0332988022026	1890.3959451448036
1.1592	651.9243290879917	1892.5902372540625
1.1602	652.8154619247227	1894.785298023067
1.1612	653.7066969325911	1896.9811268776853
1.1622	654.5980337322246	1899.1777232444454
1.1632	655.489471944684	1901.3750865505374
1.1642	656.381011191461	1903.5732162238091
1.1652	657.2726510944781	1905.7721116927676
1.1662	658.1643912760871	1907.971772386575
1.1672	659.0562313590699	1910.1721977350498
1.1682	659.9481709666353	1912.373387168663
1.1692	660.8402097224208	1914.5753401185398
1.1702	661.7323472504896	1916.7780560164545
1.1712	662.6245831753317	1918.9815342948334
1.1722	663.5169171218616	1921.1857743867497
1.1732	664.4093487154188	1923.3907757259258
1.1742	665.3018775817652	1925.5965377467276
1.1752	666.194503347087	1927.803059884168
1.1762	667.0872256379913	1930.010341573902
1.1772	667.9800440815075	1932.2183822522275
1.1782	668.8729583050844	1934.427181356082
1.1792	669.7659679365917	1936.636738323045
1.1802	670.6590726043172	1938.8470525913312
1.1812	671.5522719369676	1941.0581235997956
1.1822	672.4455655636667	1943.269950787926
1.1832	673.3389531139555	1945.4825335958474
1.1842	674.2324342177905	1947.6958714643156
1.1852	675.126008505544	1949.9099638347209
1.1862	676.0196756080018	1952.1248101490817
1.1872	676.9134351563649	1954.3404098500487
1.1882	677.8072867822461	1956.5567623808984
1.1892	678.7012301176715	1958.7738671855366
1.1902	679.5952647950777	1960.9917237084928
1.1912	680.4893904473131	1963.2103313949226
1.1922	681.3836067076354	1965.429689690604
1.1932	682.2779132097123	1967.6497980419383
1.1942	683.1723095876196	1969.870655895946
1.1952	684.0667954758414	1972.0922627002692
1.1962	684.9613705092686	1974.3146179031667
1.1972	685.8560343231987	1976.5377209535159
1.1982	686.7507865533352	1978.7615713008095
1.1992	687.6456268357862	1980.9861683951556
1.2002	688.540554807064	1983.2115116872749
1.2012	689.4355701040853	1985.4376006285024
1.2022	690.3306723641685	1987.6644346707822
1.2032	691.2258612250353	1989.8920132666706
1.2042	692.1211363248076	1992.1203358693308
1.2052	693.0164973020092	1994.3494019325353
1.2062	693.9119437955629	1996.5792109106617
1.2072	694.8074754447921	1998.8097622586947
1.2082	695.7030918894172	2001.041055432221
1.2092	696.598792769558	2003.2730898874324
1.2102	697.4945777257306	2005.505865081121
1.2112	698.3904463988481	2007.7393804706812
1.2122	699.2863984302188	2009.9736355141044
1.2132	700.182433461547	2012.208629669983
1.2142	701.0785511349306	2014.4443623975046
1.2152	701.9747510928622	2016.6808331564546
1.2162	702.8710329782265	2018.9180414072114
1.2172	703.7673964343012	2021.155986610749
1.2182	704.6638411047552	2023.3946682286326
1.2192	705.5603666336491	2025.6340857230198
1.2202	706.4569726654331	2027.8742385566577
1.2212	707.3536588449477	2030.1151261928835
1.2222	708.2504248174217	2032.3567480956215
1.2232	709.1472702284733	2034.5991037293848
1.2242	710.0441947241068	2036.8421925592693
1.2252	710.9411979507149	2039.086014050959
1.2262	711.8382795550757	2041.3305676707187
1.2272	712.7354391843531	2043.5758528853976
1.2282	713.6326764860962	2045.821869162425
1.2292	714.5299911082384	2048.0686159698116
1.2302	715.4273826990961	2050.316092776146
1.2312	716.32485090737	2052.5642990505967
1.2322	717.2223953821414	2054.8132342629065
1.2332	718.1200157728746	2057.0628978833965
1.2342	719.017711729414	2059.3132893829616
1.2352	719.9154829019856	2061.5644082330705
1.2362	720.8133289411933	2063.816253905764
1.2372	721.7112494980217	2066.068825873656
1.2382	722.6092442238329	2068.3221236099284
1.2392	723.5073127703671	2070.576146588335
1.2402	724.4054547897409	2072.8308942831954
1.2412	725.3036699344489	2075.0863661693993
1.2422	726.2019578573597	2077.3425617224
1.2432	727.1003182117183	2079.5994804182174
1.2442	727.9987506511437	2081.8571217334343
1.2452	728.8972548296293	2084.115485145198
1.2462	729.7958304015411	2086.3745701312164
1.2472	730.6944770216182	2088.6343761697585
1.2482	731.5931943449716	2090.8949027396534
1.2492	732.491982027084	2093.15614932029
1.2502	733.3908397238079	2095.4181153916115
1.2512	734.2897670913669	2097.6808004341224
1.2522	735.1887637863537	2099.9442039288792
1.2532	736.0878294657299	2102.208325357495
1.2542	736.986963786825	2104.473164202135
1.2552	737.886166407337	2106.738719945519
1.2562	738.7854369853299	2109.0049920709153
1.2572	739.6847751792349	2111.271980062146
1.2582	740.5841806478483	2113.5396834035805
1.2592	741.4836530503325	2115.808101580138
1.2602	742.3831920462131	2118.077234077283
1.2612	743.282797295381	2120.3470803810287
1.2622	744.1824684580895	2122.617639977933
1.2632	745.0822051949551	2124.8889123550975
1.2642	745.9820071669561	2127.160897000168
1.2652	746.8818740354328	2129.4335934013325
1.2662	747.7818054620855	2131.7070010473194
1.2672	748.6818011089761	2133.9811194274002
1.2682	749.5818606385246	2136.2559480313816
1.2692	750.4819837135119	2138.5314863496133
1.2702	751.3821699970761	2140.8077338729786
1.2712	752.2824191527135	2143.0846900929
1.2722	753.182730844278	2145.362354501334
1.2732	754.0831047359801	2147.640726590771
1.2742	754.9835404923863	2149.919805854236
1.2752000000000001	755.8840377784189	2152.1995917852873
1.2762	756.7845962593545	2154.480083878012
1.2772000000000001	757.6852156008254	2156.7612816270307
1.2782	758.5858954688164	2159.0431845274916
1.2792000000000001	759.4866355296659	2161.325792075072
1.2802	760.3874354500653	2163.6091037659776
1.2812	761.2882948970573	2165.8931190969397
1.2822	762.1892135380372	2168.1778375652175
1.2832	763.0901910407498	2170.463258668591
1.2842	763.9912270732913	2172.7493819053684
1.2852	764.892321304107	2175.0362067743777
1.2862	765.793473401992	2177.3237327749707
1.2872	766.694683036089	2179.6119594070187
1.2882	767.5959498758898	2181.9008861709144
1.2892	768.4972735912329	2184.190512567568
1.2902	769.398653852304	2186.48083809841
1.2912	770.300090329635	2188.771862265386
1.2922	771.2015826941039	2191.06358457096
1.2932	772.1031306169332	2193.356004518109
1.2942	773.0047337696906	2195.6491216103263
1.2952	773.9063918242874	2197.942935351618
1.2962	774.8081044529795	2200.2374452465033
1.2972	775.7098713283639	2202.5326508000117
1.2982	776.6116921233817	2204.828551517685
1.2992	777.5135665113149	2207.1251469055737
1.3002	778.4154941657873	2209.4224364702386
1.3012	779.3174747607627	2211.720419718746
1.3022	780.2195079705461	2214.0190961586727
1.3032	781.1215934697814	2216.3184652980985
1.3042	782.0237309334517	2218.618526645611
1.3052	782.9259200368786	2220.9192797102996
1.3062	783.828160455722	2223.22072400176
1.3072	784.7304518659793	2225.5228590300885
1.3082	785.6327939439842	2227.825684305884
1.3092	786.5351863664068	2230.1291993402447
1.3102	787.4376288102542	2232.4334036447717
1.3112	788.3401209528671	2234.7382967315616
1.3122	789.2426624719224	2237.043878113212
1.3132	790.14525304543	2239.350147302816
1.3142	791.0478923517345	2241.657103813964
1.3152	791.9505800695131	2243.964747160741
1.3162	792.8533158777757	2246.273076857728
1.3172	793.7560994558639	2248.5820924199975
1.3182	794.6589304834519	2250.8917933631174
1.3192	795.5618086405436	2253.2021792031455
1.3202	796.4647336074746	2255.5132494566324
1.3212	797.3677050649097	2257.8250036406175
1.3222	798.2707226938435	2260.137441272631
1.3232	799.1737861755989	2262.45056187069
1.3242	800.0768951918282	2264.7643649533006
1.3252	800.9800494245109	2267.0788500394556
1.3262	801.883248555954	2269.394016648633
1.3272	802.7864922687912	2271.7098643007967
1.3282	803.689780245983	2274.0263925163945
1.3292	804.593112170815	2276.3436008163567
1.3302	805.4964877268989	2278.6614887220985
1.3312	806.3999065981704	2280.9800557555145
1.3322	807.3033684688902	2283.2993014389817
1.3332	808.2068730236421	2285.6192252953556
1.3342	809.1104199473335	2287.9398268479727
1.3352	810.0140089251945	2290.261105620646
1.3362	810.9176396427778	2292.5830611376687
1.3372	811.8213117859566	2294.905692923807
1.3382	812.725025040927	2297.2290005043064
1.3392	813.6287790942044	2299.5529834048853
1.3402	814.5325736326256	2301.877641151738
1.3412	815.4364083433461	2304.20297327153
1.3422	816.3402829138413	2306.528979291402
1.3432	817.2441970319046	2308.8556587389635
1.3442	818.1481503856487	2311.1830111422983
1.3452	819.052142663503	2313.511036029957
1.3462	819.9561735542147	2315.839732930962
1.3472	820.8602427468476	2318.1691013748027
1.3482	821.7643499307818	2320.499140891438
1.3492	822.6684947957128	2322.829851011291
1.3502	823.572677031652	2325.1612312652533
1.3512	824.4768963289247	2327.49328118468
1.3522	825.3811523781719	2329.8260003013934
1.3532	826.2854448703465	2332.159388147675
1.3542	827.1897734967166	2334.493444256275
1.3552	828.0941379488615	2336.828168160399
1.3562	828.9985379186743	2339.1635593937203
1.3572	829.902973098359	2341.4996174903686
1.3582	830.8074431804312	2343.8363419849347
1.3592	831.7119478577171	2346.1737324124674
1.3602	832.6164868233544	2348.5117883084763
1.3612	833.5210597707895	2350.8505092089254
1.3622	834.4256663937791	2353.1898946502365
1.3632	835.3303063863884	2355.5299441692873
1.3642	836.2349794429917	2357.870657303411
1.3652	837.1396852582704	2360.2120335903933
1.3662	838.0444235272146	2362.5540725684755
1.3672	838.9491939451207	2364.89677377635
1.3682	839.8539962075919	2367.2401367531625
1.3692	840.7588300105375	2369.5841610385082
1.3702	841.6636950501734	2371.9288461724354
1.3712	842.5685910230192	2374.274191695439
1.3722	843.4735176259004	2376.6201971484647
1.3732	844.3784745559464	2378.9668620729053
1.3742	845.2834615105909	2381.314186010603
1.3752	846.18847818757	2383.662168503843
1.3762	847.0935242849238	2386.0108090953604
1.3772	847.9985995009939	2388.3601073283326
1.3782	848.903703534425	2390.710062746383
1.3792	849.808836084162	2393.0606748935766
1.3802	850.7139968494522	2395.4119433144247
1.3812	851.6191855298422	2397.763867553876
1.3822	852.5244018251805	2400.1164471573256
1.3832	853.4296454356133	2402.4696816706055
1.3842	854.3349160615878	2404.823570639989
1.3852	855.240213403849	2407.178113612189
1.3862	856.1455371634407	2409.5333101343567
1.3872	857.0508870417042	2411.8891597540796
1.3882	857.9562627402792	2414.245662019385
1.3892	858.8616639611012	2416.6028164787326
1.3902	859.767090406403	2418.960622681021
1.3912	860.6725417787135	2421.3190801755823
1.3922	861.5780177808572	2423.6781885121823
1.3932	862.4835181159533	2426.0379472410195
1.3942	863.3890424874171	2428.398355912728
1.3952	864.294590598957	2430.759414078371
1.3962	865.200162154576	2433.1211212894427
1.3972	866.1057568585702	2435.48347709787
1.3982	867.0113744155291	2437.846481056008
1.3992	867.9170145303344	2440.2101327166406
1.4002000000000001	868.8226769081606	2442.5744316329815
1.4012	869.7283612544729	2444.93937735867
1.4022000000000001	870.6340672750291	2447.304969447774
1.4032	871.5397946758765	2449.6712074547863
1.4042000000000001	872.4455431633543	2452.0380909346272
1.4052	873.3513124440902	2454.4056194426394
1.4062000000000001	874.257102225003	2456.7737925345914
1.4072	875.1629122132989	2459.1426097666736
1.4082	876.0687421164744	2461.5120706955004
1.4092	876.9745916423137	2463.882174878109
1.4102	877.8804604988885	2466.2529218719546
1.4112	878.7863483945584	2468.6243112349166
1.4122	879.6922550379697	2470.9963425252918
1.4132	880.598180138056	2473.3690153017988
1.4142	881.5041234040359	2475.7423291235714
1.4152	882.4100845454147	2478.1162835501646
1.4162	883.3160632719824	2480.4908781415475
1.4172	884.2220592938146	2482.866112458109
1.4182	885.1280723212705	2485.241986060651
1.4192	886.0341020649944	2487.6184985103923
1.4202	886.9401482359132	2489.9956493689647
1.4212	887.8462105452378	2492.3734381984154
1.4222	888.7522887044618	2494.7518645612035
1.4232	889.6583824253609	2497.1309280202017
1.4242	890.5644914199928	2499.5106281386925
1.4252	891.4706154006973	2501.890964480371
1.4262	892.3767540800947	2504.2719366093434
1.4272	893.2829071710865	2506.653544090124
1.4282	894.1890743868544	2509.0357864876364
1.4292	895.0952554408603	2511.4186633672152
1.4302	896.001450046845	2513.802174294598
1.4312	896.9076579188293	2516.1863188359343
1.4322	897.813878771112	2518.5710965577773
1.4332	898.7201123182706	2520.9565070270874
1.4342	899.6263582751601	2523.342549811228
1.4352	900.5326163569139	2525.7292244779696
1.4362	901.4388862789411	2528.1165305954846
1.4372	902.3451677569292	2530.504467732351
1.4382	903.2514605068405	2532.893035457546
1.4392	904.1577642449142	2535.2822333404515
1.4402	905.0640786876645	2537.6720609508493
1.4412	905.970403551881	2540.062517858922
1.4422	906.8767385546275	2542.453603635252
1.4432	907.7830834132433	2544.845317850822
1.4442	908.68943784534	2547.237660077012
1.4452	909.5958015688041	2549.6306298856016
1.4462	910.5021743017943	2552.0242268487655
1.4472	911.4085557627429	2554.4184505390776
1.4482	912.3149456703538	2556.8133005295067
1.4492	913.2213437436035	2559.2087763934173
1.4502	914.127749701739	2561.604877704568
1.4512	915.0341632642802	2564.001604037114
1.4522	915.9405841510163	2566.398954965601
1.4532	916.8470120820075	2568.7969300649706
1.4542	917.7534467775839	2571.195528910554
1.4552	918.6598879583455	2573.5947510780766
1.4562	919.566335345161	2575.994596143653
1.4572	920.4727886591687	2578.39506368379
1.4582	921.3792476217748	2580.7961532753825
1.4592	922.2857119546542	2583.197864495717
1.4602	923.1921813797484	2585.600196922466
1.4612	924.0986556192677	2588.003150133691
1.4622	925.0051343956882	2590.4067237078416
1.4632	925.9116174317533	2592.810917223754
1.4642	926.8181044504721	2595.21573026065
1.4652	927.72459517512	2597.621162398138
1.4662	928.6310893292375	2600.0272132162095
1.4672	929.5375866366302	2602.4338822952423
1.4682	930.4440868213687	2604.841169215997
1.4692	931.3505896077877	2607.249073559618
1.4702	932.2570947204855	2609.6575949076305
1.4712	933.1636018843247	2612.0667328419445
1.4722	934.0701108244309	2614.476486944849
1.4732	934.9766212661924	2616.886856799015
1.4742	935.8831329352597	2619.2978419874926
1.4752	936.789645557546	2621.709442093713
1.4762	937.6961588592256	2624.121656701484
1.4772	938.6026725667349	2626.534485394995
1.4782	939.5091864067704	2628.94792775881
1.4792	940.4157001062903	2631.3619833778725
1.4802	941.3222133925121	2633.7766518375015
1.4812	942.2287259929138	2636.1919327233923
1.4822	943.1352376352326	2638.6078256216147
1.4832	944.041748047465	2641.0243301186156
1.4842	944.9482569578665	2643.4414458012134
1.4852	945.854764094951	2645.859172256603
1.4862	946.7612691874898	2648.2775090723494
1.4872	947.6677719645133	2650.696455836393
1.4882	948.574272155308	2653.116012137044
1.4892	949.480769489418	2655.536177562985
1.4902	950.387263696644	2657.9569517032687
1.4912	951.2937545070431	2660.3783341473195
1.4922	952.2002416509281	2662.800324484929
1.4932	953.1067248588678	2665.2229223062614
1.4942	954.0132038616855	2667.646127201845
1.4952	954.9196783904603	2670.06993876258
1.4962	955.8261481765248	2672.4943565797307
1.4972	956.7326129514672	2674.9193802449317
1.4982	957.639072447128	2677.3450093501806
1.4992	958.5455263956022	2679.771243487842
1.5002	959.4519745292374	2682.198082250646
1.5012	960.3584165806344	2684.6255252316873
1.5022	961.2648522826461	2687.053572024423
1.5032	962.1712813683778	2689.4822222226753
1.5042	963.0777035711859	2691.9114754206284
1.5052	963.984118624679	2694.34133121283
1.5062	964.8905262627161	2696.771789194187
1.5072	965.7969262194076	2699.202848959971
1.5082	966.7033182291133	2701.6345101058114
1.5092	967.6097020264441	2704.0667722276994
1.5102	968.5160773462594	2706.4996349219837
1.5112	969.422443923669	2708.9330977853747
1.5122	970.3288014940309	2711.367160414939
1.5132	971.2351497929526	2713.8018224081034
1.5142	972.141488556289	2716.237083362649
1.5152	973.0478175201434	2718.672942876717
1.5162	973.9541364208668	2721.109400548802
1.5172	974.8604449950574	2723.5464559777565
1.5182	975.7667429795601	2725.9841087627865
1.5192	976.6730301114671	2728.4223585034542
1.5202	977.579306128116	2730.861204799674
1.5212	978.4855707670911	2733.3006472517163
1.5222	979.3918237662218	2735.7406854602023
1.5232	980.2980648635834	2738.1813190261078
1.5242	981.204293797495	2740.6225475507576
1.5252000000000001	982.110510306522	2743.0643706358323
1.5262	983.0167141294725	2745.506787883359
1.5272000000000001	983.9229050053996	2747.949798895718
1.5282	984.8290826735995	2750.3934032756374
1.5292000000000001	985.7352468736118	2752.837600626197
1.5302	986.6413973452192	2755.2823905508235
1.5312000000000001	987.5475338284471	2757.7277726532934
1.5322	988.4536560635626	2760.1737465377287
1.5332000000000001	989.3597637910759	2762.6203118086014
1.5342	990.2658567517376	2765.0674680707275
1.5352000000000001	991.1719346865409	2767.5152149292717
1.5362	992.0779973367189	2769.963551989742
1.5372	992.9840444437459	2772.412478857993
1.5382	993.8900757493371	2774.8619951402247
1.5392	994.7960909954465	2777.312100442979
1.5402	995.7020899242692	2779.7627943731436
1.5412	996.6080722782382	2782.2140765379468
1.5422	997.514037800027	2784.6659465449625
1.5432	998.4199862325472	2787.118404002104
1.5442	999.3259173189487	2789.5714485176277
1.5452	1000.2318308026196	2792.02507970013
1.5462	1001.1377264271864	2794.4792971585493
1.5472	1002.0436039365122	2796.9341005021624
1.5482	1002.949463074698	2799.389489340587
1.5492	1003.855303586081	2801.845463283778
1.5502	1004.7611252152359	2804.3020219420314
1.5512	1005.6669277069723	2806.759164925979
1.5522	1006.5727108063369	2809.216891846591
1.5532	1007.4784742586113	2811.6752023151744
1.5542	1008.3842178093129	2814.1340959433733
1.5552	1009.2899412041934	2816.5935723431667
1.5562	1010.1956441892398	2819.05363112687
1.5572	1011.1013265106733	2821.5142719071337
1.5582	1012.0069879149491	2823.975494296943
1.5592	1012.9126281487557	2826.437297909615
1.5602	1013.818246959016	2828.8996823588036
1.5612	1014.7238440928851	2831.362647258493
1.5622	1015.6294192977514	2833.826192223002
1.5632	1016.5349723212353	2836.2903168669795
1.5642	1017.4405029111903	2838.755020805408
1.5652	1018.3460108157005	2841.220303653599
1.5662	1019.2514957830832	2843.6861650271967
1.5672	1020.1569575618856	2846.152604542174
1.5682	1021.0623959008864	2848.6196218148334
1.5692	1021.967810549095	2851.0872164618077
1.5702	1022.8732012557514	2853.5553881000583
1.5712	1023.7785677703249	2856.024136346872
1.5722	1024.6839098425157	2858.493460819868
1.5732	1025.5892272222522	2860.9633611369877
1.5742	1026.4945196596932	2863.4338369165043
1.5752	1027.399786905225	2865.9048877770124
1.5762	1028.305028709464	2868.3765133374363
1.5772	1029.210244823254	2870.848713217023
1.5782	1030.1154349976666	2873.3214870353463
1.5792	1031.0205989840013	2875.7948344123024
1.5802	1031.9257365337855	2878.2687549681136
1.5812	1032.830847398773	2880.7432483233233
1.5822	1033.7359313309441	2883.2183140988
1.5832	1034.640988082507	2885.693951915733
1.5842	1035.5460174058949	2888.1701613956357
1.5852	1036.4510190537667	2890.6469421603397
1.5862	1037.355992779008	2893.1242938320015
1.5872	1038.260938334729	2895.6022160330954
1.5882	1039.165855474265	2898.0807083864174
1.5892	1040.070743951176	2900.5597705150817
1.5902	1040.9756035192468	2903.039402042524
1.5912	1041.8804339324859	2905.5196025924965
1.5922	1042.785234945126	2908.000371789072
1.5932	1043.690006311623	2910.4817092566377
1.5942	1044.5947477866569	2912.963614619903
1.5952	1045.4994591251293	2915.4460875038894
1.5962	1046.4041400821664	2917.9291275339388
1.5972	1047.3087904131146	2920.412734335706
1.5982	1048.2134098735446	2922.896907535164
1.5992	1049.1179982192475	2925.381646758598
1.6002	1050.0225552062366	2927.8669516326113
1.6012	1050.927080590746	2930.3528217841185
1.6022	1051.8315741292317	2932.8392568403506
1.6032	1052.7360355783692	2935.326256428849
1.6042	1053.6404646950557	2937.8138201774705
1.6052	1054.5448612364073	2940.301947714382
1.6062	1055.4492249597615	2942.7906386680656
1.6072	1056.3535556226734	2945.279892667311
1.6082	1057.2578529829195	2947.769709341222
1.6092	1058.1621167984938	2950.2600883192117
1.6102	1059.0663468276096	2952.7510292310044
1.6112	1059.9705428286989	2955.2425317066322
1.6122	1060.8747045604114	2957.734595376439
1.6132	1061.778831781615	2960.227219871075
1.6142	1062.6829242513954	2962.7204048215012
1.6152	1063.5869817290552	2965.2141498589845
1.6162	1064.4910039741148	2967.7084546151023
1.6172	1065.3949907463104	2970.2033187217353
1.6182	1066.2989418055956	2972.698741811074
1.6192	1067.20285691214	2975.194723515613
1.6202	1068.1067358263292	2977.691263468155
1.6212	1069.0105783087643	2980.1883613018053
1.6222	1069.914384120262	2982.686016649977
1.6232	1070.818153021854	2985.184229146385
1.6242	1071.7218847747872	2987.682998425051
1.6252	1072.625579140523	2990.182324120298
1.6262	1073.5292358807374	2992.6822058667535
1.6272	1074.4328547573198	2995.1826432993475
1.6282	1075.3364355323738	2997.683636053313
1.6292	1076.2399779682169	3000.1851837641834
1.6302	1077.1434818273797	3002.687286067796
1.6312	1078.0469468726048	3005.1899426002856
1.6322	1078.9503728668494	3007.693152998092
1.6332	1079.8537595732814	3010.1969168979513
1.6342	1080.7571067552822	3012.7012339369035
1.6352	1081.6604141764442	3015.2061037522835
1.6362	1082.5636816005724	3017.711525981729
1.6372	1083.466908791682	3020.2175002631743
1.6382	1084.3700955140007	3022.7240262348528
1.6392	1085.2732415319658	3025.231103535294
1.6402	1086.1763466102263	3027.738731803327
1.6412	1087.0794105136408	3030.2469106780754
1.6422	1087.9824330072786	3032.7556397989624
1.6432	1088.8854138564177	3035.264918805704
1.6442	1089.7883528265477	3037.7747473383142
1.6452	1090.691249683365	3040.2851250371004
1.6462	1091.594104192777	3042.796051542667
1.6472	1092.496916120899	3045.3075264959107
1.6482	1093.3996852340554	3047.8195495380246
1.6492	1094.3024112987778	3050.332120310492
1.6502000000000001	1095.2050940818071	3052.8452384550933
1.6512	1096.107733350091	3055.3589036138983
1.6522000000000001	1097.0103288707853	3057.8731154292723
1.6532	1097.9128804112524	3060.38787354387
1.6542000000000001	1098.8153877390623	3062.9031776006386
1.6552	1099.7178506219914	3065.4190272428173
1.6562000000000001	1100.6202688280227	3067.935422113935
1.6572	1101.522642125345	3070.452361857812
1.6582000000000001	1102.4249702823538	3072.9698461185567
1.6592	1103.3272530676495	3075.487874540569
1.6602000000000001	1104.2294902500387	3078.0064467685374
1.6612	1105.1316815985329	3080.525562447439
1.6622000000000001	1106.0338268823482	3083.0452212225396
1.6632	1106.9359258709053	3085.5654227393916
1.6642000000000001	1107.8379783338307	3088.0861666438377
1.6652	1108.7399840409532	3090.6074525820045
1.6662	1109.6419427623066	3093.129280200308
1.6672	1110.5438542681288	3095.651649145451
1.6682	1111.4457183288598	3098.1745590644186
1.6692	1112.347534715144	3100.6980096044854
1.6702	1113.249303197828	3103.222000413209
1.6712	1114.1510235479618	3105.746531138434
1.6722	1115.0526955367968	3108.2716014282864
1.6732	1115.9543189357873	3110.797210931179
1.6742	1116.8558935165897	3113.3233592958063
1.6752	1117.7574190510616	3115.8500461711474
1.6762	1118.6588953112625	3118.377271206464
1.6772	1119.5603220694527	3120.9050340512995
1.6782	1120.4616990980935	3123.4333343554804
1.6792	1121.3630261698474	3125.9621717691152
1.6802	1122.2643030575769	3128.491545942592
1.6812	1123.1655295343446	3131.021456526582
1.6822	1124.0667053734137	3133.551903172035
1.6832	1124.967830348247	3136.0828855301834
1.6842	1125.8689042325059	3138.6144032525367
1.6852	1126.7699268000522	3141.1464559908864
1.6862	1127.6708978249462	3143.6790433973
1.6872	1128.571817081447	3146.2121651241273
1.6882	1129.472684344012	3148.745820823993
1.6892	1130.3734993872977	3151.2800101498037
1.6902	1131.2742619861576	3153.814732754739
1.6912	1132.1749719156444	3156.3499882922597
1.6922	1133.0756289510064	3158.8857764161
1.6932	1133.976232867691	3161.422096780273
1.6942	1134.8767834413416	3163.9589490390663
1.6952	1135.7772804477993	3166.496332847045
1.6962	1136.6777236631012	3169.0342478590474
1.6972	1137.578112863481	3171.5726937301883
1.6982	1138.4784478253687	3174.111670115856
1.6992	1139.37872832539	3176.651176671715
1.7002	1140.2789541403663	3179.1912130537003
1.7012	1141.1791250473148	3181.731778918023
1.7022	1142.0792408234472	3184.2728739211666
1.7032	1142.9793012461707	3186.8144977198867
1.7042	1143.8793060930873	3189.3566499712124
1.7052	1144.7792551419932	3191.899330332444
1.7062	1145.6791481708788	3194.4425384611536
1.7072	1146.5789849579292	3196.986274015185
1.7082	1147.4787652815226	3199.530536652652
1.7092	1148.378488920231	3202.07532603194
1.7102	1149.2781556528196	3204.6206418117035
1.7112	1150.1777652582477	3207.1664836508685
1.7122	1151.0773175156658	3209.7128512086274
1.7132	1151.9768122044186	3212.2597441444464
1.7142	1152.876249104042	3214.8071621180547
1.7152	1153.7756279942653	3217.3551047894557
1.7162	1154.6749486550084	3219.903571818915
1.7172	1155.5742108663846	3222.4525628669726
1.7182	1156.473414408697	3225.002077594429
1.7192	1157.3725590624413	3227.5521156623563
1.7202	1158.2716446083034	3230.102676732091
1.7212	1159.1706708271608	3232.6537604652376
1.7222	1160.0696375000812	3235.2053665236645
1.7232	1160.9685444083223	3237.757494569507
1.7242	1161.867391333332	3240.310144265164
1.7252	1162.7661780567498	3242.863315273303
1.7262	1163.6649043604023	3245.417007256851
1.7272	1164.5635700263074	3247.971219879003
1.7282	1165.4621748366715	3250.5259528032157
1.7292	1166.3607185738906	3253.0812056932104
1.7302	1167.259201020549	3255.636978212971
1.7312	1168.1576219594197	3258.1932700267444
1.7322	1169.0559811734638	3260.7500807990386
1.7332	1169.9542784458315	3263.307410194626
1.7342	1170.8525135598597	3265.8652578785386
1.7352	1171.7506862990742	3268.423623516071
1.7362	1172.6487964471874	3270.9825067727784
1.7372	1173.5468437880993	3273.541907314478
1.7382	1174.4448281058967	3276.101824807244
1.7392	1175.3427491848538	3278.6622589174144
1.7402	1176.2406068094308	3281.2232093115836
1.7412	1177.1384007642746	3283.7846756566087
1.7422	1178.036130834218	3286.3466576196024
1.7432	1178.9337968042803	3288.909154867939
1.7442	1179.8313984596657	3291.4721670692484
1.7452	1180.728935585765	3294.0356938914206
1.7462	1181.6264079681532	3296.599735002602
1.7472	1182.523815392591	3299.164290071197
1.7482	1183.4211576450239	3301.7293587658664
1.7492	1184.3184345115824	3304.2949407555284
1.7502	1185.2156457785802	3306.8610357093557
1.7512	1186.1127912325169	3309.42764329678
1.7522	1187.0098706600747	3311.994763187485
1.7532	1187.9068838481207	3314.562395051413
1.7542	1188.8038305837047	3317.1305385587593
1.7552	1189.7007106540602	3319.699193379974
1.7562	1190.5975238466042	3322.2683591857617
1.7572	1191.4942699489363	3324.838035647082
1.7582	1192.3909487488384	3327.408222435146
1.7592	1193.2875600342763	3329.9789192214203
1.7602	1194.1841035933962	3332.550125677622
1.7612	1195.0805792145281	3335.121841475724
1.7622	1195.9769866861827	3337.6940662879488
1.7632	1196.8733257970532	3340.2667997867725
1.7642	1197.7695963360138	3342.8400416449213
1.7652	1198.6657980921202	3345.4137915353745
1.7662	1199.561930854609	3347.9880491313615
1.7672	1200.4579944128982	3350.5628141063635
1.7682	1201.353988556585	3353.1380861341095
1.7692	1202.2499130754486	3355.713864888581
1.7702	1203.1457677594474	3358.290150044008
1.7712	1204.0415523987208	3360.8669412748714
1.7722	1204.9372667835867	3363.444238255898
1.7732	1205.8329107045438	3366.022040662068
1.7742	1206.7284839522695	3368.6003481686057
1.7752000000000001	1207.6239863176206	3371.1791604509863
1.7762	1208.5194175916326	3373.7584771849306
1.7772000000000001	1209.4147775655206	3376.3382980464094
1.7782	1210.3100660306773	3378.918622711638
1.7792000000000001	1211.2052827786745	3381.4994508570817
1.7802	1212.1004276012611	3384.080782159449
1.7812000000000001	1212.9955002903655	3386.6626162956973
1.7822	1213.8905006380928	3389.244952943028
1.7832000000000001	1214.785428436726	3391.8277917788896
1.7842	1215.6802834787254	3394.4111324809746
1.7852000000000001	1216.5750655567283	3396.994974727222
1.7862	1217.469774463549	3399.579318195814
1.7872000000000001	1218.3644099921785	3402.164162565178
1.7882	1219.2589719357848	3404.7495075139836
1.7892000000000001	1220.153460087712	3407.3353527211475
1.7902	1221.0478742414798	3409.921697865827
1.7912000000000001	1221.9422141907849	3412.5085426274236
1.7922	1222.8364797294983	3415.0958866855813
1.7932	1223.730670651668	3417.683729720187
1.7942	1224.6247867515167	3420.2720714113693
1.7952	1225.5188278234423	3422.860911439499
1.7962	1226.412793662018	3425.4502494851886
1.7972	1227.3066840619904	3428.0400852292905
1.7982	1228.2004988182828	3430.630418352901
1.7992	1229.0942377259908	3433.2212485373534
1.8002	1229.9879005803855	3435.812575464224
1.8012	1230.8814871769114	3438.404398815328
1.8022	1231.774997311187	3440.9967182727214
1.8032	1232.6684307790042	3443.589533518698
1.8042	1233.5617873763285	3446.182844235792
1.8052	1234.4550668992983	3448.7766501067754
1.8062	1235.3482691442255	3451.37095081466
1.8072	1236.2413939075939	3453.9657460426947
1.8082	1237.1344409860606	3456.561035474367
1.8092	1238.027410176455	3459.156818793402
1.8102	1238.920301275779	3461.7530956837627
1.8112	1239.8131140812052	3464.3498658296467
1.8122	1240.7058483900798	3466.9471289154912
1.8132	1241.5985039999193	3469.544884625968
1.8142	1242.4910807084127	3472.1431326459865
1.8152	1243.3835783134193	3474.74187266069
1.8162	1244.2759966129702	3477.3411043554606
1.8172	1245.1683354052664	3479.940827415911
1.8182	1246.060594488681	3482.5410415278934
1.8192	1246.9527736617563	3485.141746377491
1.8202	1247.8448727232055	3487.7429416510245
1.8212	1248.7368914719116	3490.3446270350464
1.8222	1249.6288297069282	3492.9468022163446
1.8232	1250.5206872274778	3495.549466881939
1.8242	1251.4124638329524	3498.152620719084
1.8252	1252.3041593229143	3500.756263415266
1.8262	1253.195773497094	3503.3603946582043
1.8272	1254.0873061553918	3505.9650141358507
1.8282	1254.978757097876	3508.5701215363893
1.8292	1255.870126124784	3511.1757165482354
1.8302	1256.7614130365212	3513.781798860036
1.8312	1257.6526176336615	3516.3883681606685
1.8322	1258.5437397169471	3518.995424139244
1.8332	1259.4347790872873	3521.6029664850994
1.8342	1260.3257355457602	3524.2109948878074
1.8352	1261.2166088936096	3526.819509037166
1.8362	1262.107398932249	3529.4285086232067
1.8372	1262.9981054632567	3532.037993336187
1.8382	1263.88872828838	3534.647962866597
1.8392	1264.7792672095306	3537.258416905153
1.8402	1265.6697220287888	3539.8693551428014
1.8412	1266.5600925484002	3542.4807772707163
1.8422	1267.4503785707773	3545.0926829803007
1.8432	1268.3405798984973	3547.705071963183
1.8442	1269.2306963343053	3550.317943911223
1.8452	1270.1207276811103	3552.9312985165047
1.8462	1271.0106737419876	3555.54513547134
1.8472	1271.9005343201768	3558.1594544682666
1.8482	1272.7903092190843	3560.7742552000504
1.8492	1273.6799982422797	3563.3895373596815
1.8502	1274.5696011934983	3566.0053006403773
1.8512	1275.45911787664	3568.6215447355794
1.8522	1276.3485480957684	3571.238269338956
1.8532	1277.2378916551118	3573.855474144399
1.8542	1278.1271483590626	3576.4731588460268
1.8552	1279.0163180121767	3579.0913231381796
1.8562	1279.905400419174	3581.7099667154243
1.8572	1280.7943953849374	3584.3290892725504
1.8582	1281.6833027145137	3586.9486905045715
1.8592	1282.5721222131122	3589.568770106723
1.8602	1283.4608536861056	3592.189327774467
1.8612	1284.349496939029	3594.810363203484
1.8622	1285.238051777581	3597.431876089681
1.8632	1286.1265180076211	3600.0538661291835
1.8642	1287.0148954351723	3602.676333018342
1.8652	1287.9031838664193	3605.299276453727
1.8662	1288.7913831077087	3607.9226961321324
1.8672	1289.6794929655484	3610.5465917505703
1.8682	1290.5675132466085	3613.170963006276
1.8692	1291.4554437577196	3615.795809596704
1.8702	1292.3432843058745	3618.421131219531
1.8712	1293.231034698226	3621.0469275726523
1.8722	1294.1186947420892	3623.673198354184
1.8732	1295.006264244938	3626.2999432624597
1.8742	1295.893743014408	3628.927161996036
1.8752	1296.781130858295	3631.554854253685
1.8762	1297.6684275845544	3634.1830197343993
1.8772	1298.555633001302	3636.8116581373897
1.8782	1299.4427469168138	3639.4407691620854
1.8792	1300.3297691395242	3642.0703525081326
1.8802	1301.2166994780284	3644.7004078753976
1.8812	1302.1035377410797	3647.3309349639603
1.8822	1302.9902837375919	3649.961933474123
1.8832	1303.8769372766358	3652.593403106399
1.8842	1304.7634981674435	3655.225343561524
1.8852	1305.6499662194028	3657.857754540445
1.8862	1306.5363412420627	3660.4906357443297
1.8872	1307.4226230451281	3663.123986874558
1.8882	1308.3088114384639	3665.7578076327277
1.8892	1309.1949062320914	3668.392097720651
1.8902	1310.0809072361908	3671.026856840356
1.8912	1310.9668142610992	3673.662084694084
1.8922	1311.8526271173116	3676.297780984294
1.8932	1312.7383456154791	3678.9339454136552
1.8942	1313.623969566412	3681.570577685055
1.8952	1314.5094987810749	3684.2076775015908
1.8962	1315.3949330705912	3686.845244566577
1.8972	1316.28027224624	3689.483278583539
1.8982	1317.1655161194572	3692.1217792562165
1.8992	1318.050664501834	3694.7607462885608
1.9002000000000001	1318.9357172051193	3697.400179384738
1.9012	1319.820674041216	3700.040078249123
1.9022000000000001	1320.7055348221847	3702.6804425863065
1.9032	1321.5902993602397	3705.321272101088
1.9042000000000001	1322.4749674677519	3707.9625664984815
1.9052	1323.359538957247	3710.604325483709
1.9062000000000001	1324.244013641406	3713.246548762206
1.9072	1325.1283913330647	3715.889236039617
1.9082000000000001	1326.0126718452138	3718.5323870218
1.9092	1326.896854990998	3721.176001414819
1.9102000000000001	1327.7809405837177	3723.8200789249518
1.9112	1328.6649284368257	3726.464619258684
1.9122000000000001	1329.5488183639306	3729.1096221227112
1.9132	1330.432610178794	3731.755087223938
1.9142000000000001	1331.316303695332	3734.4010142694797
1.9152	1332.1998987276127	3737.0474029666575
1.9162000000000001	1333.0833950898602	3739.6942530230044
1.9172	1333.9667925964493	3742.3415641462584
1.9182000000000001	1334.85009106191	3744.989336044369
1.9192	1335.7332903009235	3747.63756842549
1.9202	1336.616390128325	3750.286260997985
1.9212	1337.499440952472	3752.935413470426
1.9222	1338.3826449883006	3755.5850255779114
1.9232	1339.2660021826737	3758.235097161031
1.9242	1340.1495124824992	3760.8856280605073
1.9252	1341.0331758347322	3763.536618117206
1.9262	1341.9169921863722	3766.1880671721265
1.9272	1342.8009614844664	3768.8399750664084
1.9282	1343.6850836761057	3771.4923416413267
1.9292	1344.5693587084284	3774.1451667382953
1.9302	1345.4537865286181	3776.798450198864
1.9312	1346.3383670839034	3779.45219186472
1.9322	1347.223100321559	3782.106391577687
1.9332	1348.107986188905	3784.7610491797254
1.9342	1348.9930246333067	3787.41616451293
1.9352	1349.8782156021753	3790.0717374195356
1.9362	1350.763559042966	3792.7277677419083
1.9372	1351.649054903181	3795.384255322553
1.9382	1352.534703130366	3798.0412000041088
1.9392	1353.4205036721137	3800.6986016293513
1.9402	1354.3064564760596	3803.3564600411887
1.9412	1355.1925614898862	3806.014775082668
1.9422	1356.078818661319	3808.673546596967
1.9432	1356.9652279381303	3811.3327744274006
1.9442	1357.8517892681357	3813.9924584174173
1.9452	1358.7385025991966	3816.6525984106
1.9462	1359.6253678792184	3819.313194250665
1.9472	1360.512385056151	3821.9742457814637
1.9482	1361.3995540779897	3824.6357528469794
1.9492	1362.2868748927735	3827.297715291331
1.9502	1363.1743474485859	3829.960132958768
1.9512	1364.061971693555	3832.623005693676
1.9522	1364.9497475758533	3835.286333340571
1.9532	1365.8376750436976	3837.950115744104
1.9542	1366.7257540453481	3840.614352749056
1.9552	1367.61398452911	3843.279044200342
1.9562	1368.5023664433322	3845.944189943009
1.9572	1369.390899736408	3848.6097898222365
1.9582	1370.2795843567744	3851.275843683335
1.9592	1371.1684202529116	3853.942351371747
1.9602	1372.0574073733444	3856.609312733046
1.9612	1372.946545666642	3859.276727612938
1.9622	1373.8358350814153	3861.9445958572583
1.9632	1374.725275566321	3864.6129173119753
1.9642	1375.614867070058	3867.281691823186
1.9652	1376.5046095413695	3869.9509192371206
1.9662	1377.3945029290412	3872.620599400136
1.9672	1378.2845471819037	3875.2907321587236
1.9682	1379.1747422488297	3877.961317359501
1.9692	1380.0650880787357	3880.632354849219
1.9702	1380.955584620581	3883.3038444747554
1.9712	1381.846231823369	3885.975786083119
1.9722	1382.7370296361453	3888.6481795214477
1.9732	1383.6279780079988	3891.321024637009
1.9742	1384.5190768880616	3893.9943212771977
1.9752	1385.4103262255094	3896.66806928954
1.9762	1386.301725969559	3899.3422685216888
1.9772	1387.1932760694713	3902.0169188214263
1.9782	1388.0849764745499	3904.692020036662
1.9792	1388.9768271341409	3907.3675720154356
1.9802	1389.868827997633	3910.043574605912
1.9812	1390.760979014458	3912.720027656387
1.9822	1391.653280134089	3915.3969310152816
1.9832	1392.5457313060438	3918.074284531145
1.9842	1393.4383324798798	3920.7520880526536
1.9852	1394.3310836051992	3923.430341428612
1.9862	1395.223984631645	3926.1090445079494
1.9872	1396.1170355089034	3928.788197139724
1.9882	1397.0102361867018	3931.4677991731196
1.9892	1397.903586614811	3934.147850457447
1.9902	1398.7970867430429	3936.8283508421423
1.9912	1399.6907365212517	3939.5093001767686
1.9922	1400.5845358993336	3942.1906983110143
1.9932	1401.4784848272266	3944.872545094694
1.9942	1402.372583254911	3947.5548403777475
1.9952	1403.2668311324085	3950.23758401024
1.9962	1404.1612284097826	3952.920775842362
1.9972	1405.0557750371386	3955.6044157244305
1.9982	1405.9504709646233	3958.2885035068844
1.9992	1406.8453161424252	3960.97303904029
2.0002	1407.740310520774	3963.658022175337
2.0012	1408.6354540499415	3966.343452762839
2.0022	1409.5307466802408	3969.029330653738
2.0032	1410.4261883620254	3971.7156556990917
2.0042	1411.3217790456913	3974.40242775009
2.0052	1412.2175186816753	3977.089646658042
2.0062	1413.1134072204557	3979.7773122743833
2.0072	1414.009444612551	3982.465424450669
2.0082	1414.9056308085217	3985.153983038581
2.0092	1415.8019657589687	3987.8429878899224
2.0102	1416.698449414535	3990.5324388566214
2.0112	1417.5950817259027	3993.222335790725
2.0122	1418.4918626437966	3995.9126785444064
2.0132	1419.3887921189812	3998.6034669699607
2.0142	1420.2858701022626	4001.2947009198047
2.0152	1421.1830965444863	4003.9863802464756
2.0162	1422.0804713965397	4006.6785048026354
2.0172	1422.97799460935	4009.3710744410664
2.0182	1423.875666133886	4012.064089014674
2.0192	1424.7734859211553	4014.757548376482
2.0202	1425.6714539222073	4017.451452379639
2.0212	1426.5695700881317	4020.145800877412
2.0222	1427.4678343700587	4022.840593723193
2.0232	1428.3662467191568	4025.535830770488
2.0242	1429.2648070866371	4028.231511872929
2.0252	1430.1635154237504	4030.9276368842684
2.0262000000000002	1431.062371681787	4033.6242056583783
2.0272	1431.961375812077	4036.3212180492483
2.0282	1432.860527765991	4039.018673910991
2.0292	1433.75982749494	4041.716573097838
2.0302000000000002	1434.659274950375	4044.4149154641427
2.0312	1435.5588700837852	4047.113700864373
2.0322	1436.458612846701	4049.812929153121
2.0332	1437.3585031906928	4052.512600185096
2.0342000000000002	1438.25854106737	4055.2127138151277
2.0352	1439.1587264283814	4057.913269898162
2.0362	1440.0590592254161	4060.6142682892664
2.0372	1440.9595394102025	4063.315708843626
2.0382000000000002	1441.8601669345092	4066.0175914165457
2.0392	1442.7609417501421	4068.7199158634444
2.0402	1443.661863808949	4071.4226820398644
2.0412	1444.562933062815	4074.125889801463
2.0422000000000002	1445.464149463667	4076.829539004018
2.0432	1446.3655129634674	4079.53362950342
2.0442	1447.2670235142211	4082.2381611556816
2.0452	1448.168681067971	4084.9431338169315
2.0462000000000002	1449.0704855767992	4087.6485473434163
2.0472	1449.9724369928263	4090.354401591497
2.0482	1450.8745352682122	4093.060696417655
2.0492	1451.776780355156	4095.767431678486