4.00000001e-15	6.302945748716805e-26	4.351707029680875e-12
4.73000011e-15	6.302945614818121e-25	4.385181901361303e-12
4.7599999e-15	6.302945614818122e-24	4.407498337424682e-12
4.91000012e-15	6.302945960723054e-23	4.546975920553448e-12
6.99000006e-15	7.551104552555234e-22	6.471769917429146e-12
9.89999996e-15	8.736777248382057e-21	9.149743617496096e-12
2.71999999e-14	1.0609016168266013e-19	2.5161794911850037e-11
1.27e-13	3.632001829948672e-18	1.1827716915866996e-10
6.93000019e-13	1.185672907833073e-16	6.415978632001786e-10
6.29500011e-12	6.08078550546753e-15	5.824592948002679e-9
1.58099991e-11	3.1003124302611025e-14	1.4628431042178087e-8
3.97200016e-11	1.517072015175184e-13	3.6749608457933496e-8
9.97599989e-11	7.182883240348137e-13	9.22785101539835e-8
2.50600013e-10	3.286319950903816e-12	2.318678910957376e-7
6.29399977e-10	1.4465520754295918e-11	5.824592479357286e-7
1.581e-9	6.08770373800491e-11	1.4628431488507032e-6
3.97200006e-9	2.44063831733988e-10	3.6755189243472444e-6
4.99999997e-9	3.281968243695604e-10	4.626757397902255e-6
9.97599958e-9	8.955255713010489e-10	9.233429602767239e-6
1.98999999e-8	2.3919883842892214e-9	0.000018422227181432718
3.97199997e-8	6.278062742691364e-9	0.00003676076869002455
7.9240003e-8	1.6250836532024102e-8	0.00007336532325373801
1.58099994e-7	4.16625735326936e-8	0.00014639588819459942
1.98999999e-7	5.453023833965633e-8	0.00018433386074536936
3.15499989e-7	1.0165922706985048e-7	0.00029217806962731534
4.99999999e-7	1.8903147176969427e-7	0.00046312206427136807
6.29400006e-7	2.5767685114929705e-7	0.0005830171702744923
7.92399987e-7	3.1427137022985945e-7	0.0007342111002008481
9.97599955e-7	4.2810757754965417e-7	0.000924458816112475
1.58099999e-6	7.937960432939077e-7	0.0014650748047310871
2.5060001e-6	1.4703190805623745e-6	0.002323142055344789
3.97199983e-6	2.7221601762999334e-6	0.003682771814327159
4.99999987e-6	3.533363099754519e-6	0.0046373577214907395
6.29399983e-6	4.806516235215354e-6	0.005835750937290783
7.92399987e-6	6.540169783530463e-6	0.007353269471100201
9.976e-6	8.892769939745593e-6	0.00925574675295693
0.00001256	0.000012094398348582906	0.011660343673287213
0.0000158099992	0.000015620397121178308	0.014678642936844455
0.0000199000006	0.00002124302644498996	0.018483597411292123
0.0000250600006	0.000028880830841330063	0.02327605434054899
0.0000315500001	0.00003712564126311091	0.02931265286766347
0.0000397199983	0.00005047980272260657	0.03691698437848694
0.0000499999987	0.0000686465036822138	0.046485161459495654
0.000062940002	0.00009329613847355502	0.058524884735550106
0.0000792400024	0.00012686900357063158	0.07375585817897791
0.00009976	0.00016207320464182103	0.09283642021870118
0.000110499997	0.00018047310421780854	0.10287881834411962
0.000125599996	0.00020531130997545192	0.1169381856728409
0.000158099996	0.0002791452756081232	0.14728854831510826
0.000199000002	0.0003629546942646731	0.18550547199285877
0.0002	0.0003650583071244091	0.1864427078218159
0.0012000000000000001	0.0013466049411602658	1.1275971610957916
0.0022	0.002455108305668602	2.0687210373335083
0.0032	0.003812223176184099	3.010410550403603
0.0042	0.00538453801925565	3.9525640867652974
0.0052	0.007134838681918645	4.895111985067526
0.0062	0.009044443181747304	5.8380104901013175
0.0072	0.011099364315429313	6.781227311407052
0.0082	0.013288901261313737	7.724737450537292
0.009200000000000002	0.015604610713678623	8.668520813741077
0.0102	0.018040353301134987	9.612558595061211
0.0112	0.02054783351248316	10.556731419232952
0.0122	0.023168066602161235	11.501128259176713
0.013200000000000002	0.025896690855570843	12.445739980656334
0.0142	0.028730019184670826	13.390558505199591
0.0152	0.03166521728859245	14.335576634145086
0.0162	0.03470119812554972	15.280787929646516
0.0172	0.037836738766238436	16.226186682788917
0.0182	0.04106970434592438	17.171767778985014
0.0192	0.04439823115754606	18.117526548891174
0.0202	0.04782065752549319	19.063458712897607
0.0212	0.05133549713433751	20.009560333189462
0.022199999999999998	0.05494144199299119	20.955827773583447
0.0232	0.05863726971728658	21.902257666791122
0.0242	0.062421823490611636	22.848846883313566
0.0252	0.06629408227902825	23.795592504624484
0.0262	0.07025333571733394	24.74249180340419
0.0272	0.07429935540058367	25.68954223335844
0.0282	0.07843140005362925	26.636741427287106
0.0292	0.0826488747892057	27.584087159634738
0.030199999999999998	0.08695112930176095	28.531577336996474
0.0312	0.09133755165494525	29.47920998312654
0.0322	0.09580759445298409	30.42698322888799
0.0332	0.10036074457684964	31.374895304283374
0.0342	0.10499658950380039	32.32294453050735
0.0352	0.10971470898789738	33.27112931490412
0.0362	0.11451469276292252	34.219448143403454
0.0372	0.11939624445668824	35.16789957426367
0.0382	0.12435908861434157	36.116482235303494
0.0392	0.12940283977713982	37.06519481901902
0.0402	0.13452740129900645	38.01403607476173
0.0412	0.13973260401311757	38.96300481172227
0.0422	0.14501818376699288	39.912099892824436
0.0432	0.15038409742060924	40.861320228609976
0.044199999999999996	0.15583025915011514	41.8106647790742
0.0452	0.16135653492519444	42.76013254935196
0.0462	0.16696303960005504	43.709722585619105
0.0472	0.17264982959930486	44.65943397783702
0.0482	0.17841680377044622	45.60926585575819
0.0492	0.18426425046201192	46.55921738310704
0.0502	0.19019204690138916	47.50928776352113
0.0512	0.19620068085045986	48.459476229865004
0.0522	0.202290097436141	49.409782054550206
0.0532	0.20846061851848205	50.36020453679673
0.0542	0.2147127246042472	51.31074300820382
0.0552	0.22104652306020128	52.26139683394501
0.0562	0.22746284799546093	53.2121654040904
0.0572	0.23396190893151658	54.16304814528547
0.0582	0.2405429681343657	55.11404450795555
0.0592	0.2472062087272501	56.0651539487044
0.0602	0.2539534197146404	57.01637594550537
0.0612	0.2607861079536531	57.96771002337284
0.0622	0.2677029254735965	58.91915574763113
0.0632	0.27470330029104106	59.870712675875396
0.06420000000000001	0.2817885843030227	60.822380370625545
0.06520000000000001	0.2889624783537954	61.77415842881872
0.06620000000000001	0.29621912290036023	62.726046517143466
0.06720000000000001	0.30356512134950536	63.6780442231778
0.06820000000000001	0.3109987196606734	64.63015124540779
0.06920000000000001	0.3185192452641958	65.58236726548807
0.07020000000000001	0.3261307183157193	66.5346919641908
0.07120000000000001	0.3338259990813663	67.48712508931138
0.07220000000000001	0.3416171796163616	68.43966629465386
0.0732	0.34950559142314447	69.39231541123708
0.0742	0.35747359354305663	70.34507229399077
0.0752	0.3655421866208823	71.29793656244539
0.0762	0.37371507624905465	72.2509081260853
0.0772	0.3819883596442931	73.20398694565185
0.0782	0.39042640509817245	74.15717293240058
0.0792	0.3984710463901473	75.11046681392047
0.08020000000000001	0.403288614968077	76.06386236612174
0.08120000000000001	0.4077353778522446	77.01731801953818
0.08220000000000001	0.41521606787025334	77.97082836378799
0.08320000000000001	0.4250900676308153	78.92442964673111
0.08420000000000001	0.4351212721804384	79.87814960667932
0.08520000000000001	0.44531126546124034	80.83198870119114
0.08620000000000001	0.45566143459496444	81.78594739568089
0.08720000000000001	0.4661730344765406	82.74002616085755
0.0882	0.4768471014708135	83.69422547103558
0.0892	0.48768535333951374	84.64854580150623
0.0902	0.49868928823060216	85.60298763616402
0.0912	0.5098598269102842	86.55755146479702
0.0922	0.521197855085372	87.51223777655144
0.0932	0.5327046186704061	88.46704705956061
0.0942	0.5443813075858008	89.42197980485216
0.0952	0.5562289980519333	90.37703650566169
0.09620000000000001	0.5682482423443148	91.33221765617296
0.09720000000000001	0.5805524599166338	92.28752374606051
0.09820000000000001	0.5935405247387125	93.24295641221582
0.09920000000000001	0.6069019164692195	94.19852133436336
0.10020000000000001	0.620215535299818	95.15422094953152
0.10120000000000001	0.6331598754453026	96.1100534434085
0.10220000000000001	0.6459033641465368	97.06601385230445
0.10320000000000001	0.6588102221682982	98.02209895228404
0.10420000000000001	0.6718812375885372	98.97830911813578
0.1052	0.6851171853869681	99.93464472501785
0.1062	0.6985188271297595	100.89110614832312
0.1072	0.7120869110714209	101.84769376354612
0.1082	0.7258249409369397	102.80440794615609
0.1092	0.7397463643759785	103.76124909687626
0.1102	0.7538586318216615	104.71821773231727
0.11120000000000001	0.7681631276485297	105.67531442742417
0.11220000000000001	0.7826612270002872	106.63253975925088
0.11320000000000001	0.7973542957752406	107.5898943068215
0.11420000000000001	0.8122436906135961	108.54737865099654
0.11520000000000001	0.8273307588864813	109.50499337434339
0.11620000000000001	0.84261683868663	110.46273906101158
0.11720000000000001	0.8581032588205058	111.42061629661201
0.11820000000000001	0.8737913388019128	112.37862566810034
0.11920000000000001	0.8896823888468335	113.33676776366417
0.1202	0.9057777098695381	114.29504317261407
0.1212	0.9220785934798498	115.25345248527823
0.1222	0.9385863219813876	116.21199629290034
0.1232	0.9553021683708145	117.17067518754108
0.1242	0.9722273963380079	118.12948976198265
0.1252	0.9893632602671592	119.0884406096364
0.1262	1.0067110052383863	120.04752832445337
0.1272	1.0242718670303381	121.00675350083782
0.1282	1.0420470721233237	121.96611673356338
0.1292	1.060037837703086	122.92561861769187
0.1302	1.0782453716651155	123.88525974849462
0.1312	1.0966708726195187	124.8450407213764
0.1322	1.1153155205191672	125.80496213180147
0.1332	1.1341804395357389	126.7650245751516
0.1342	1.1532667499487492	127.72522864630909
0.13520000000000001	1.1725757157056849	128.68557493963667
0.13620000000000002	1.1921085282976502	129.64606405005418
0.13720000000000002	1.2118663204989781	130.60669657249412
0.13820000000000002	1.2318502262723872	131.5674731014729
0.13920000000000002	1.252061370311055	132.52839423110848
0.14020000000000002	1.2725008680454901	133.48946055506246
0.14120000000000002	1.2931698256506063	134.45067266648363
0.14220000000000002	1.3140693400529833	135.41203115795344
0.14320000000000002	1.3352004989383448	136.37353662143292
0.14420000000000002	1.3565643807592354	137.33518964821107
0.1452	1.3781620547427427	138.29699082885486
0.1462	1.3999945808984793	139.25894075316066
0.1472	1.422063010026582	140.22104001010686
0.1482	1.4443683837259276	141.18328918780813
0.1492	1.4669117344023703	142.1456888734707
0.1502	1.4896940852771017	143.10823965334913
0.1512	1.5127164503951116	144.07094211270402
0.1522	1.5359798346336921	145.0337968357611
0.1532	1.5594852337111362	145.99680440567155
0.1542	1.5832336341952555	146.95996540447294
0.1552	1.6072260135122673	147.92328041305188
0.1562	1.6314633399555214	148.8867500111071
0.1572	1.6559465726943714	149.85037477711398
0.1582	1.6806766617831297	150.81415528828973
0.1592	1.7056545481699943	151.77809212055973
0.1602	1.730881164390601	152.74218584852463
0.1612	1.7564104170861459	153.70643704543264
0.1622	1.782588792345915	154.67084661020496
0.1632	1.8099517219433188	155.63541756443354
0.1642	1.8384997863132875	156.6001561775827
0.1652	1.8682335866592268	157.5650686462866
0.16620000000000001	1.8991537446429745	158.53016109579735
0.16720000000000002	1.9312609020823999	159.49543958139688
0.16820000000000002	1.964555720656407	160.46091008977277
0.16920000000000002	1.9990388816171327	161.42657854035997
0.17020000000000002	2.034711085509107	162.39245078664877
0.17120000000000002	2.07157305189519	163.35853261746067
0.17220000000000002	2.10962551908907	164.32482975819264
0.17320000000000002	2.148869243894143	165.29134787203103
0.17420000000000002	2.1893050013485764	166.25809256113587
0.17520000000000002	2.230933584476393	167.2250693677966
0.1762	2.273755804044379	168.19228377555987
0.1772	2.3177724883246875	169.15974121033045
0.1782	2.3629844828629287	170.12744704144598
0.1792	2.4093926502516307	171.09540658272607
0.1802	2.456997869908904	172.06362509349708
0.1812	2.5058010378621574	173.03210777959256
0.1822	2.5558030665367477	174.00085979433067
0.1832	2.607004884549405	174.9698862394689
0.1842	2.659407436506302	175.93919216613668
0.1852	2.7130116828056714	176.90878257574693
0.1862	2.767818599444808	177.8786624208866
0.1872	2.823829177831356	178.8488366061871
0.1882	2.8810444245987794	179.81930998917525
0.1892	2.9394653614258712	180.79008738110497
0.1902	2.9990930248602323	181.76117354777062
0.1912	3.059928466145579	182.73257321030215
0.1922	3.121972751052807	183.70429104594282
0.1932	3.1852269597147003	184.6763316888098
0.1942	3.2496921864641837	185.6486997306381
0.1952	3.3153695396760523	186.6213997215086
0.1962	3.38226014161206	187.59443617056004
0.19720000000000001	3.4503651282692958	188.56781354668587
0.19820000000000002	3.519685649231766	189.54153627921613
0.19920000000000002	3.590222867525095	190.515608758585
0.20020000000000002	3.6619779594742643	191.49003533698382
0.20120000000000002	3.7349521145643254	192.46482032900087
0.20220000000000002	3.8091465353040013	193.43996801224725
0.20320000000000002	3.8845624370921055	194.41548262797002
0.20420000000000002	3.961201048086722	195.3913683816526
0.20520000000000002	4.039063609077052	196.3676294436025
0.20620000000000002	4.118151373357898	197.34426994952733
0.20720000000000002	4.198465606606683	198.32129400109864
0.20820000000000002	4.280007586762986	199.29870566650476
0.2092	4.36277860391048	200.2765089809919
0.2102	4.446779960161285	201.2547079473949
0.2112	4.532012969542589	202.23330653665678
0.2122	4.618478957885569	203.2123086883382
0.2132	4.706179262716522	204.191718311117
0.2142	4.795115233150124	205.17153928327733
0.2152	4.885288229784836	206.15177545318966
0.2162	4.976699624600329	207.132430639781
0.2172	5.069350800856953	208.11350863299626
0.2182	5.163243152997152	209.09501319425036
0.2192	5.258378086548805	210.07694805687183
0.2202	5.354757018030435	211.05931692653772
0.2212	5.452381374858273	212.04212348170032
0.2222	5.551252595255085	213.02537137400554
0.2232	5.651372128160767	214.0090642287036
0.2242	5.752741433144661	214.99320564505186
0.2252	5.8553619803195165	215.97779919670978
0.2262	5.959235250257131	216.9628484321271
0.2272	6.064362733905545	217.94835687492414
0.22820000000000001	6.17074593250784	218.93432802426554
0.22920000000000001	6.27838635752245	219.9207653552267
0.23020000000000002	6.387285530544986	220.90767231915387
0.23120000000000002	6.497444983231492	221.8950523440172
0.23220000000000002	6.60886625722319	222.88290883475767
0.23320000000000002	6.721550904072583	223.8712451736278
0.23420000000000002	6.835500485170947	224.8600647205258
0.23520000000000002	6.95071657167717	225.849370813324
0.23620000000000002	7.067200744447907	226.83916676819132
0.23720000000000002	7.184954593969018	227.82945587991009
0.23820000000000002	7.303979720288278	228.82024142218702
0.23920000000000002	7.4242777329493	229.8115266479588
0.2402	7.545850250926695	230.80331478969234
0.2412	7.668698902562405	231.79560905967972
0.2422	7.792825325503173	232.7884126503278
0.2432	7.918231166639192	233.7817287344432
0.2442	8.044918082043825	234.77556046551177
0.2452	8.172887736914454	235.7699109779739
0.2462	8.302141805514362	236.7647833874945
0.2472	8.432681971115683	237.76018079122875
0.2482	8.564509925943373	238.7561062680831
0.2492	8.697627371120175	239.75256287897193
0.2502	8.832036016612587	240.74955366706988
0.2512	8.967737581177781	241.7470816580599
0.2522	9.104733792311485	242.74514986037715
0.2532	9.243026386196759	243.7437612654488
0.2542	9.382617107653727	244.74291884792984
0.2552	9.523507710090165	245.7426255659351
0.2562	9.665699955452974	246.74288436126722
0.2572	9.809195614180517	247.74369815964104
0.2582	9.953996465155793	248.7450698709043
0.2592	10.100104295660424	249.74700238925462
0.2602	10.247520901329482	250.74949859345315
0.2612	10.396248086107066	251.75256134703457
0.2622	10.546287662202715	252.75619349851388
0.2632	10.697641450048513	253.76039788158957
0.2642	10.850311278257013	254.765177315344
0.2652	11.004298983579856	255.77053460444017
0.2662	11.159606410867122	256.7764725393156
0.2672	11.3162354130274	257.782993896373
0.2682	11.474187850988516	258.79010143816805
0.2692	11.633465593659023	259.79779791359425
0.2702	11.79407051789025	260.80608605806464
0.2712	11.956004508439127	261.81496859369116
0.2722	12.119269457931551	262.82444822946064
0.2732	12.283867266826471	263.8345276614086
0.2742	12.44979984338053	264.8452095727898
0.2752	12.617069103613368	265.85649663424715
0.2762	12.785676971273485	266.8683915039766
0.2772	12.955625377804745	267.880896827891
0.2782	13.126916262313413	268.89401523978034
0.2792	13.299551571535766	269.90774936147034
0.2802	13.473533259806283	270.92210180297803
0.2812	13.64886328902639	271.9370751626656
0.2822	13.825543628633735	272.95267202739154
0.2832	14.003576255571959	273.96889497265954
0.2842	14.182963154261053	274.98574656276537
0.2852	14.363706316568171	276.00322935094147
0.2862	14.545807741778988	277.02134587949945
0.2872	14.729269436569522	278.0400986799705
0.2882	14.914093414978481	279.05949027324385
0.28919999999999996	15.100281698380005	280.07952316970267
0.29019999999999996	15.287836315457026	281.100199869359
0.29119999999999996	15.476759302174923	282.1215228619858
0.29219999999999996	15.667052701755729	283.1434946272473
0.29319999999999996	15.8587185646528	284.1661176348282
0.29419999999999996	16.051758948525823	285.1893943445597
0.29519999999999996	16.2461759182164	286.21332720654505
0.29619999999999996	16.441971545723934	287.2379186612826
0.29719999999999996	16.63914791018195	288.263171139787
0.29819999999999997	16.83770709783492	289.2890870637092
0.29919999999999997	17.037651202015393	290.31566884545447
0.30019999999999997	17.238982323121572	291.34291888829875
0.30119999999999997	17.441702568595222	292.37083958650334
0.30219999999999997	17.645814052900075	293.39943332542816
0.30319999999999997	17.851318897500512	294.42870248164337
0.30419999999999997	18.058219230840663	295.4586494230395
0.30519999999999997	18.266517188323864	296.48927650893575
0.30619999999999997	18.476214912292463	297.52058609018724
0.3072	18.687314552008015	298.5525805092905
0.3082	18.89981826363179	299.5852621004878
0.3092	19.113728210205668	300.6186331898697
0.3102	19.32904656163332	301.6526960954764
0.3112	19.545775494661726	302.68745312739776
0.3122	19.763917192863126	303.72290658787205
0.3132	19.983473846617127	304.7590587713831
0.3142	20.204447653093254	305.79591196475627
0.3152	20.42684081623378	306.83346844725344
0.3162	20.650655546736843	307.8717304906662
0.3172	20.875894062039887	308.91070035940834
0.3182	21.1025585863034	309.9503803106066
0.3192	21.33065135039494	310.99077259419073
0.3202	21.560174591873462	312.031879452982
0.3212	21.79113055497395	313.07370312278096
0.3222	22.02352149059225	314.1162458324534
0.3232	22.257349656270268	315.1595098040158
0.3242	22.492617316181445	316.2034972527196
0.3252	22.729326741116385	317.24821038713407
0.3262	22.967480208468917	318.2936514092283
0.3272	23.207080002222252	319.3398225144522
0.3282	23.448128412935564	320.38672589181647
0.3292	23.690627737730637	321.4343637239714
0.3302	23.93458028027897	322.48273818728484
0.3312	24.179988350788907	323.531851451919
0.3322	24.42685426599323	324.58170568190656
0.3332	24.651702069250558	325.6323030352255
0.3342	24.7573855161927	326.6835753696222
0.3352	24.757385518520763	327.7351641215247
0.3362	24.757385524327553	328.7867528734342
0.3372	24.757385533613057	329.83834162536084
0.3382	24.757385546377286	330.8899303773151
0.3392	24.757385562620232	331.9415191293071
0.3402	24.757385582341904	332.99310788134693
0.3412	24.75738560554229	334.04469663344474
0.3422	24.7573856322214	335.0962853856106
0.3432	24.757385662379228	336.14787413785433
0.3442	24.757385696015778	337.199462890186
0.3452	24.75738573313105	338.2510516426153
0.3462	24.757385773725037	339.3026403951522
0.3472	24.757385817797747	340.35422914780634
0.3482	24.757385865349175	341.4058179005874
0.3492	24.757385916379327	342.457406653505
0.3502	24.757385970888198	343.5089954065688
0.3512	24.75738602887579	344.56058415978816
0.35219999999999996	24.7573860903421	345.6121729131726
0.35319999999999996	24.757386155287133	346.6637616667316
0.35419999999999996	24.75738622371088	347.71535042047446
0.35519999999999996	24.757386295613355	348.76693917441054
0.35619999999999996	24.757386370994546	349.81852792854903
0.35719999999999996	24.757386449854458	350.8701166828991
0.35819999999999996	24.75738653219309	351.92170543747
0.35919999999999996	24.757386618010443	352.9732941922707
0.36019999999999996	24.75738670730652	354.02488294731035
0.36119999999999997	24.75738680008131	355.07647170259787
0.36219999999999997	24.757386896334825	356.1280604581423
0.36319999999999997	24.75738699606706	357.1796492139524
0.36419999999999997	24.757387099278013	358.23123797003717
0.36519999999999997	24.757387205967685	359.2828267264053
0.36619999999999997	24.757387316136082	360.3344154830655
0.36719999999999997	24.757387429783197	361.38600424002664
0.36819999999999997	24.757387546909033	362.4375929972972
0.3692	24.75738766751359	363.4891817548859
0.3702	24.757387791596866	364.54077051280126
0.3712	24.757387919158862	365.59235927105175
0.3722	24.757388050199577	366.6439480296459
0.3732	24.757388184719016	367.6955367885921
0.3742	24.757388322717173	368.7471255478988
0.3752	24.75738846419405	369.79871430757424
0.3762	24.757388609149647	370.8503030676268
0.3772	24.757388757583968	371.90189182806455
0.3782	24.757388909497003	372.9534805888959
0.3792	24.757389064888763	374.0050693501289
0.3802	24.757389223759244	375.05665811177175
0.3812	24.757389386108443	376.1082468738324
0.3822	24.757389551936363	377.1598356363189
0.3832	24.757389721243	378.2114243992393
0.3842	24.757389894028364	379.26301316260157
0.3852	24.757390070292445	380.31460192641356
0.3862	24.757390250035247	381.3661906906831
0.3872	24.757390433256766	382.41777945541804
0.3882	24.75739061995701	383.4693682206262
0.3892	24.757390810135973	384.5209569863153
0.3902	24.757391003793657	385.57254575249306
0.3912	24.757391200930062	386.62413451916706
0.3922	24.757391401545185	387.67572328634503
0.3932	24.75739160563903	388.7273120540345
0.3942	24.75739181321159	389.778900822243
0.3952	24.757392024262877	390.83048959097806
0.3962	24.75739223879288	391.8820783602472
0.3972	24.757392456801607	392.93366713005776
0.3982	24.75739267828905	393.98525590041714
0.3992	24.75739290325522	395.0368446713328
0.4002	24.757393131700105	396.088433442812
0.4012	24.757393363623713	397.14002221486203
0.4022	24.75739359902604	398.1916109874901
0.4032	24.757393837907088	399.2431997607035
0.4042	24.75739408026686	400.29478853450934
0.4052	24.757394326105345	401.3463773089147
0.4062	24.757394575422556	402.3979660839269
0.4072	24.757394828218484	403.44955485955285
0.4082	24.757395084493137	404.50114363579956
0.4092	24.757395344246508	405.5527324126741
0.4102	24.7573956074786	406.60432119018344
0.4112	24.757395874189413	407.65590996833447
0.4122	24.757396144378944	408.70749874713414
0.4132	24.7573964180472	409.75908752658927
0.4142	24.75739669519417	410.8106763067067
0.4152	24.757396975819866	411.86226508749326
0.4162	24.75739725992428	412.9138538689557
0.41719999999999996	24.757397547507416	413.96544265110066
0.41819999999999996	24.757397838569272	415.017031433935
0.41919999999999996	24.75739813310985	416.0686202174654
0.42019999999999996	24.757398431129147	417.1202090016984
0.42119999999999996	24.757398732627163	418.1717977866406
0.42219999999999996	24.757399037603903	419.2233865722986
0.42319999999999997	24.75739934605936	420.27497535867894
0.42419999999999997	24.75739965799354	421.32656414578815
0.42519999999999997	24.757399973406436	422.3781529336327
0.42619999999999997	24.75740029229806	423.42974172221903
0.42719999999999997	24.7574006146684	424.4813305115536
0.42819999999999997	24.75740094051746	425.5329193016428
0.42919999999999997	24.757401269845243	426.5845080924929
0.43019999999999997	24.757401602651743	427.63609688411043
0.43119999999999997	24.75740193893697	428.6876856765015
0.4322	24.757402278700912	429.73927446967247
0.4332	24.757402621943577	430.7908632636295
0.4342	24.75740296866496	431.84245205837897
0.4352	24.757403318865066	432.89404085392687
0.4362	24.757403672543894	433.9456296502795
0.4372	24.75740402970144	434.99721844744295
0.4382	24.75740439033771	436.0488072454233
0.4392	24.757404754452697	437.10039604422667
0.4402	24.757405122046407	438.15198484385905
0.4412	24.757405493118835	439.2035736443265
0.4422	24.757405867669988	440.25516244563505
0.4432	24.757406245699862	441.30675124779054
0.4442	24.757406627208454	442.35834005079903
0.4452	24.757407012195767	443.40992885466636
0.4462	24.757407400661798	444.46151765939845
0.4472	24.757407792606553	445.51310646500116
0.4482	24.757408188030027	446.5646952714803
0.4492	24.757408586932225	447.6162840788416
0.4502	24.75740898931314	448.667872887091
0.4512	24.75740939517278	449.7194616962342
0.4522	24.757409804511138	450.7710505062769
0.4532	24.757410217328214	451.82263931722474
0.4542	24.757410633624016	452.8742281290835
0.4552	24.757411053398535	453.9258169418589
0.4562	24.75741147665178	454.9774057555564
0.4572	24.75741190338374	456.0289945701817
0.4582	24.757412333594424	457.08058338574034
0.4592	24.757412767283828	458.1321722022379
0.4602	24.75741320445195	459.18376101967993
0.4612	24.757413645098797	460.23534983807184
0.4622	24.757414089224362	461.2869386574192
0.4632	24.75741453682865	462.33852747772755
0.4642	24.757414987911663	463.39011629900216
0.4652	24.75741544247339	464.4417051212485
0.4662	24.75741590051384	465.493293944472
0.4672	24.75741636203301	466.54488276867795
0.4682	24.7574168270309	467.5964715938718
0.4692	24.757417295507512	468.64806042005875
0.4702	24.757417767462847	469.6996492472442
0.4712	24.757418242896904	470.7512380754334
0.4722	24.757418721809678	471.80282690463156
0.4732	24.757419204201177	472.85441573484394
0.4742	24.757419690071394	473.9060045660757
0.4752	24.757420179420336	474.9575933983321
0.4762	24.757420672247992	476.0091822316183
0.4772	24.757421168554373	477.0607710659393
0.4782	24.757421668339475	478.11235990130047
0.4792	24.757422171603295	479.16394873770673
0.48019999999999996	24.75742267834584	480.2155375751631
0.48119999999999996	24.757423188567103	481.2671264136749
0.48219999999999996	24.75742370226709	482.3187152532469
0.48319999999999996	24.7574242194458	483.3703040938843
0.48419999999999996	24.757424740103225	484.421892935592
0.48519999999999996	24.757425264239377	485.47348177837495
0.48619999999999997	24.757425791854246	486.5250706222382
0.48719999999999997	24.75742632294784	487.57665946718663
0.48819999999999997	24.757426857520155	488.62824831322513
0.48919999999999997	24.757427395571188	489.67983716035866
0.49019999999999997	24.757427937100942	490.731426008592
0.49119999999999997	24.757428482109415	491.78301485793
0.49219999999999997	24.75742903059661	492.83460370837764
0.49319999999999997	24.757429582562526	493.88619255993956
0.4942	24.757430138007166	494.93778141262067
0.4952	24.757430696930527	495.9893702664257
0.4962	24.757431259332606	497.04095912135944
0.4972	24.75743182521341	498.09254797742653
0.4982	24.75743239457293	499.1441368346318
0.4992	24.757432967411177	500.1957256929799
0.5002	24.757433543728144	501.24731455247553
0.5012	24.75743412352383	502.2989034131233
0.5022	24.75743470679824	503.3504922749279
0.5032	24.757435293551367	504.40208113789396
0.5042	24.75743588378322	505.453670002026
0.5052	24.757436477493794	506.50525886732873
0.5062	24.757437074683086	507.55684773380665
0.5072	24.757437675351103	508.60843660146423
0.5082	24.757438279497837	509.6600254703062
0.5092	24.757438887123296	510.7116143403369
0.5102	24.757439498227477	511.7632032115609
0.5112	24.757440112810375	512.8147920839828
0.5122	24.757440730872	513.8663809576068
0.5132	24.75744135241234	514.9179698324375
0.5142	24.757441977431405	515.9695587084793
0.5152	24.757442605929192	517.0211475857366
0.5162	24.757443237905697	518.0727364642139
0.5172	24.757443873360927	519.1243253439154
0.5182	24.757444512294875	520.1759142248455
0.5192	24.757445154707547	521.2275031070087
0.5202	24.75744580059894	522.2790919904091
0.5212	24.757446449969052	523.3306808750511
0.5222	24.75744710281789	524.3822697609392
0.5232	24.757447759145442	525.4338586480774
0.5242	24.75744841895172	526.4854475364699
0.5252	24.75744908223672	527.5370364261213
0.5262	24.75744974900044	528.5886253170354
0.5272	24.757450419242886	529.6402142092168
0.5282	24.757451092964054	530.6918031026695
0.5292	24.75745177016394	531.7433919973977
0.5302	24.75745245084255	532.7949808934055
0.5312	24.757453134999878	533.8465697906971
0.5322	24.75745382263593	534.8981586892768
0.5332	24.757454513750705	535.9497475891484
0.5342	24.757455208344197	537.0013364903162
0.5352	24.757455906416414	538.0529253927845
0.5362	24.75745660796735	539.1045142965569
0.5372	24.75745731299701	540.1561032016376
0.5382	24.75745802150539	541.2076921080309
0.5392	24.757458733492488	542.2592810157404
0.5402	24.757459448958315	543.3108699247705
0.5412	24.757460167902863	544.3624588351249
0.5422	24.75746089032613	545.4140477468079
0.5432	24.75746161622812	546.4656366598233
0.5442	24.75746234560883	547.517225574175
0.5452	24.757463078468263	548.5688144898669
0.5462	24.757463814806417	549.6204034069032
0.5472	24.75746455462329	550.6719923252874
0.5482	24.757465297918888	551.7235812450238
0.5492	24.75746604469321	552.7751701661158
0.5502	24.75746679494625	553.8267590885678
0.5512	24.757467548678015	554.8783480123833
0.5522	24.757468305888498	555.9299369375663
0.5532	24.757469066577706	556.9815258641205
0.5542	24.757469830745634	558.0331147920498
0.5552	24.75747059839228	559.084703721358
0.5562	24.757471369517656	560.1362926520488
0.5572	24.757472144121753	561.187881584126
0.5582	24.757472922204567	562.2394705175934
0.5592	24.757473703766106	563.2910594524548
0.5602	24.757474488806363	564.3426483887137
0.5612	24.757475277325344	565.3942373263739
0.5622	24.75747606932305	566.4458262654392
0.5632	24.757476864799475	567.4974152059134
0.5642	24.757477663754624	568.5490041477999
0.5652	24.757478466188495	569.6005930911025
0.5662	24.757479272101083	570.6521820358248
0.5672	24.757480081492396	571.7037709819705
0.5682	24.757480894362434	572.7553599295431
0.5692	24.75748171071119	573.8069488785465
0.5702	24.75748253053867	574.8585378289839
0.5712	24.75748335384487	575.9101267808593
0.5722	24.757484180629792	576.9617157341759
0.5732	24.75748501089344	578.0133046889374
0.5742	24.757485844635806	579.0648936451474
0.5752	24.757486681856896	580.1164826028096
0.5762	24.75748752255671	581.1680715619271
0.5771999999999999	24.757488366735238	582.2196605225037
0.5781999999999999	24.757489214392496	583.2712494845429
0.5791999999999999	24.757490065528476	584.3228384480481
0.5801999999999999	24.757490920143173	585.3744274130228
0.5811999999999999	24.757491778236595	586.4260163794704
0.5821999999999999	24.757492639808742	587.4776053473945
0.5831999999999999	24.757493504859607	588.5291943167985
0.5841999999999999	24.757494373389196	589.5807832876858
0.5851999999999999	24.757495245397507	590.6323722600597
0.5861999999999999	24.75749612088454	591.6839612339237
0.5871999999999999	24.757496999850297	592.7355502092812
0.5882	24.75749788229477	593.7871391861356
0.5892	24.75749876821797	594.8387281644902
0.5902	24.757499657619896	595.8903171443485
0.5912	24.757500550500538	596.9419061257137
0.5922	24.757501446859905	597.9934951085891
0.5932	24.757502346697997	599.0450840929782
0.5942	24.757503250014807	600.0966730788841
0.5952	24.75750415681034	601.1482620663103
0.5962	24.757505067084598	602.1998510552601
0.5972	24.757505980837575	603.2514400457367
0.5982	24.757506898069277	604.3030290377433
0.5992	24.7575078187797	605.3546180312832
0.6002	24.757508742968845	606.4062070263597
0.6012	24.757509670636715	607.4577960229759
0.6022	24.757510601783306	608.5093850211352
0.6032	24.757511536408618	609.5609740208408
0.6042	24.757512474512655	610.6125630220957
0.6052	24.757513416095414	611.6641520249034
0.6062	24.75751436115689	612.7157410292667
0.6072	24.757515309697094	613.7673300351892
0.6082	24.75751626171602	614.8189190426738
0.6092	24.757517217213664	615.8705080517236
0.6102	24.757518176190036	616.922097062342
0.6112	24.75751913864513	617.9736860745319
0.6122	24.757520104578944	619.0252750882966
0.6132	24.757521073991484	620.076864103639
0.6142	24.757522046882745	621.1284531205622
0.6152	24.757523023252727	622.1800421390695
0.6162	24.757524003101434	623.2316311591638
0.6172	24.757524986428862	624.2832201808484
0.6182	24.757525973235012	625.3348092041261
0.6192	24.757526963519886	626.3863982290002
0.6202	24.757527957283482	627.4379872554733
0.6212	24.7575289545258	628.489576283549
0.6222	24.75752995524684	629.54116531323
0.6232	24.75753095944661	630.5927543445193
0.6242	24.757531967125093	631.64434337742
0.6252	24.757532978282303	632.695932411935
0.6262	24.757533992918237	633.7475214480673
0.6272	24.757535011032893	634.79911048582
0.6282	24.75753603262627	635.850699525196
0.6292	24.75753705769837	636.9022885661982
0.6302	24.757538086249195	637.9538776088295
0.6312	24.75753911827874	639.005466653093
0.6322	24.75754015378701	640.0570556989915
0.6332	24.757541192774003	641.1086447465278
0.6342	24.757542235239715	642.1602337957052
0.6352	24.757543281184155	643.2118228465262
0.6362	24.784226915215324	644.2634118989938
0.6372	25.04148301367511	645.3150428409988
0.6382	25.79470460731922	646.3670772683507
0.6392	26.550912578624754	647.4202919231261
0.6402	27.310113761372953	648.4746896309662
0.6412	28.072315007914057	649.5302732193594
0.6422	28.837523189196688	650.5870455176615
0.6432	29.605745194798004	651.645009357116
0.6442	30.376987932953693	652.7041675708741
0.6452	31.15125833058786	653.7645229940148
0.6462	31.9285633333437	654.826078463565
0.6472	32.70890990561398	655.8888368185196
0.6482	33.49230503057123	656.9528008998609
0.6492	34.27875571019904	658.0179735505786
0.6502	35.06826896532262	659.0843576156897
0.6512	35.86085183563998	660.1519559422577
0.6522	36.656511379753084	661.2207713794127
0.6532	37.45525467519927	662.2908067783702
0.6542	38.25708881848271	663.3620649924512
0.6552	39.06202092510595	664.4345488771011
0.6562	39.87005812960185	665.5082612899089
0.6572	40.68120758556534	666.5832050906268
0.6582	41.495476465685826	667.6593831411894
0.6592	42.31287196177876	668.7367983057318
0.6602	43.13340128481862	669.8154534506097
0.6612	43.95707166497117	670.8953514444179
0.6622	44.783890351625956	671.976495158009
0.6632	45.61386461342941	673.0588874645127
0.6642	46.4470017383174	674.142531239354
0.6652	47.28330903354864	675.2274293602719
0.6662	48.122793825737595	676.3135847073386
0.6672	48.965463460888074	677.4010001629773
0.6682	49.811325304426454	678.4896786119812
0.6692	50.660386741235705	679.5796229415317
0.6702	51.512655175688764	680.6708360412172
0.6712	52.368138031682534	681.7633208030503
0.6722	53.226842752672106	682.8570801214873
0.6732	54.088776801704846	683.9521168934459
0.6742	54.953947661454634	685.0484340183231
0.6752	55.82236283425651	686.1460343980135
0.6762	56.69402984214107	687.2449209369275
0.6772	57.568956226869446	688.3450965420091
0.6782	58.44714954996797	689.4465641227534
0.6792	59.328617392763405	690.5493265912254
0.6802	60.21336735641782	691.6533868620767
0.6812	61.10140706196436	692.7587478525643
0.6822	61.99274415034219	693.8654124825675
0.6832	62.88738628243237	694.973383674606
0.6842	63.78534113909333	696.0826643538571
0.6852	64.68661642119719	697.1932574481739
0.6862	65.59121984966502	698.3051658881018
0.6872	66.4991591655039	699.4183926068972
0.6882	67.4104421298422	700.5329405405438
0.6892	68.32507652396677	701.6488126277704
0.6902	69.24307014935894	702.7660118100683
0.6912	70.16443082773156	703.8845410317084
0.6922	71.08916640106568	705.0044032397583
0.6932	72.01728473164742	706.1256013840997
0.6942	72.94879370210532	707.2481384174455
0.6952	73.88370121544708	708.3720172953565
0.6962	74.8220151950973	709.4972409762588
0.6972	75.76374358493518	710.623812421461
0.6982	76.70889434933153	711.7517345951703
0.6992	77.65747547318693	712.8810104645102
0.7002	78.60949496196973	714.0116429995369
0.7012	79.5649608417538	715.1436351732565
0.7022	80.52388115925689	716.2769899616413
0.7032	81.48626398187874	717.4117103436469
0.7041999999999999	82.45211739773987	718.5477993012285
0.7051999999999999	83.42144951572001	719.6852598193582
0.7061999999999999	84.39426846549654	720.8240948860407
0.7071999999999999	85.37058239758368	721.9643074923307
0.7081999999999999	86.35039948337148	723.1059006323491
0.7091999999999999	87.33372791516457	724.2488773032991
0.7101999999999999	88.32057590622188	725.3932405054833
0.7111999999999999	89.31095169079592	726.53899324232
0.7121999999999999	90.30486352417189	727.6861385203589
0.7132	91.30231968270803	728.8346793492985
0.7142	92.30332846387475	729.9846187420015
0.7152	93.30789818629516	731.1359597145117
0.7162	94.31603718978447	732.2887052860696
0.7172	95.32775383539091	733.4428584791291
0.7182	96.34305650543546	734.5984223193735
0.7192	97.36195360355275	735.7553998357319
0.7202	98.3844535547315	736.9137940603947
0.7212	99.41056480535507	738.0736080288302
0.7222	100.4402958232426	739.2348447798004
0.7232	101.47365509769006	740.397507355377
0.7242	102.5106511395109	741.5615988009573
0.7252	103.5512924810781	742.7271221652805
0.7262	104.59558767636497	743.8940805004434
0.7272	105.64354530098669	745.0624768619156
0.7282	106.69517395224261	746.2323143085567
0.7292	107.75048224915726	747.403595902631
0.7302	108.80947883252284	748.5763247098237
0.7312	109.87217236494106	749.7505037992566
0.7322	110.93857153086549	750.9261362435041
0.7332	112.00868503664394	752.1032251186084
0.7342	113.08252161056065	753.2817735040954
0.7352	114.16009000287909	754.4617844829904
0.7362	115.24139898588498	755.6432611418338
0.7372	116.32645735392876	756.8262065706964
0.7382	117.41527392346867	758.0106238631952
0.7392	118.5078575331143	759.1965161165089
0.7402	119.60421704366931	760.3838864313932
0.7412	120.7043613381753	761.5727379121968
0.7422	121.80829932195498	762.763073666876
0.7432	122.91603992265642	763.9548968070114
0.7442	124.0275920902963	765.1482104478221
0.7452	125.14296479730402	766.3430177081813
0.7462	126.2621670385662	767.5393217106325
0.7472	127.38520783147037	768.7371255814041
0.7482	128.51209621594944	769.9364324504247
0.7492	129.64284125452647	771.1372454513386
0.7502	130.77745203235918	772.3395677215211
0.7512	131.91593765728462	773.543402402094
0.7522	133.05830725986408	774.7487526379401
0.7532	134.20456999342827	775.9556215777192
0.7542	135.35473503412214	777.1640123738824
0.7552	136.50881158095083	778.3739281826886
0.7562	137.66680885582446	779.5853721642181
0.7572	138.82873610360403	780.7983474823891
0.7582	139.99460259214703	782.0128573049716
0.7592	141.1644176123532	783.2289048036032
0.7602	142.33819047821103	784.4464931538046
0.7612	143.51565921410406	785.6656255349933
0.7622	144.6953006303953	786.8863047744466
0.7632	145.87533218159527	788.1085316938511
0.7642	147.0557496049596	789.3323047765078
0.7652	148.23654864030934	790.557622504109
0.7662	149.41772503004597	791.7844833567477
0.7672	150.59927451916647	793.0128858129277
0.7682	151.78119285527845	794.2428283495731
0.7692	152.96347578861486	795.4743094420376
0.7702	154.1461190720489	796.7073275641143
0.7712	155.32911846110886	797.9418811880452
0.7722	156.51246971399257	799.1779687845304
0.7732	157.69616859158225	800.4155888227381
0.7742	158.88021085745888	801.6547397703132
0.7752	160.06459227791697	802.8954200933877
0.7762	161.2493086219784	804.1376282565889
0.7772	162.43435566140724	805.3813627230496
0.7782	163.61972917072407	806.6266219544175
0.7792	164.8054249272196	807.8734044108636
0.7802	165.99143871096948	809.1217085510922
0.7812	167.17776630484772	810.3715328323497
0.7822	168.3644034945412	811.6228757104341
0.7832	169.55134606856308	812.8757356397037
0.7842	170.7385898182673	814.130111073087
0.7852	171.92613053786155	815.3860004620909
0.7862	173.1139640244216	816.6434022568101
0.7872	174.30208607790482	817.9023149059366
0.7882	175.4904925011634	819.1627368567679
0.7892	176.6791790999584	820.4246665552167
0.7902	177.86814168297252	821.6881024458195
0.7912	179.0573760618242	822.9530429717453
0.7922	180.24687805108044	824.219486574805
0.7932	181.4366434682699	825.4874316954599
0.7942	182.6266681338968	826.7568767728309
0.7952	183.81694787145304	828.0278202447065
0.7962	185.00747850743224	829.300260547553
0.7972	186.19825587134181	830.5741961165216
0.7982	187.3892757957163	831.8496253854585
0.7992	188.58053411613048	833.1265467869127
0.8002	189.77202667121148	834.4049587521451
0.8012	190.963749302652	835.6848597111372
0.8022	192.15569785522288	836.9662480925994
0.8032	193.34786817678534	838.2491223239796
0.8042	194.54025611830414	839.5334808314724
0.8052	195.73285753385935	840.8193220400267
0.8062	196.92566828065907	842.1066443733548
0.8072	198.11868421905186	843.3954462539409
0.8082	199.31190121253874	844.6857261030492
0.8092	200.50531512778568	845.9774823407328
0.8102	201.69892183463534	847.2707133858413
0.8112	202.89271720611958	848.5654176560303
0.8122	204.0866971184713	849.8615935677689
0.8132	205.2808574511362	851.1592395363482
0.8142	206.47519408678488	852.4583539758898
0.8152	207.66970291132466	853.758935299354
0.8162	208.86437981391137	855.0609819185478
0.8172	210.05922068696086	856.3644922441334
0.8182	211.25422142616085	857.6694646856364
0.8192	212.4493779304826	858.9758976514538
0.8202	213.64468610219188	860.283789548862
0.8212	214.84014184686131	861.5931387840257
0.8222	216.03574107338088	862.9039437620046
0.8232	217.23147969396987	864.216202886763
0.8242	218.42735362418793	865.5299145611766
0.8252	219.62335878294644	866.8450771870415
0.8262	220.8194910925194	868.1616891650814
0.8272	222.01574647855475	869.4797488949558
0.8282	223.21212087008539	870.7992547752683
0.8292	224.4086101995402	872.1202052035742
0.8302	225.60521040275486	873.4425985763881
0.8312	226.80191741898278	874.7664332891925
0.8322	227.99872719090595	876.091707736445
0.8331999999999999	229.19563566464544	877.4184203115861
0.8341999999999999	230.39263878977295	878.7465694070481
0.8351999999999999	231.58973251932008	880.076153414261
0.8361999999999999	232.78691280979004	881.4071707236615
0.8371999999999999	233.98417562116768	882.7396197247007
0.8382	235.18151691693026	884.0734988058515
0.8392	236.37893266405734	885.408806354616
0.8402	237.57641883304188	886.7455407575338
0.8412	238.77397139789983	888.0837004001891
0.8422	239.97158633618093	889.4232836672185
0.8432	241.1692596289784	890.7642889423183
0.8442	242.36698726093948	892.1067146082527
0.8452	243.56476522027538	893.4505590468606
0.8462	244.76258949877123	894.7958206390634
0.8472	245.9604560917961	896.1424977648727
0.8482	247.15836099831307	897.4905888033975
0.8492	248.35630022088884	898.8400921328515
0.8502	249.5542697657034	900.1910061305606
0.8512	250.75226564256053	901.5433291729707
0.8522	251.95038219320384	902.8970596356544
0.8532	253.1490622285068	904.2521960085921
0.8542	254.34851616190113	905.6087373043539
0.8552	255.5487423693732	906.9666827842079
0.8562	256.74973922752395	908.3260317092512
0.8572	257.95150511356997	909.6867833404102
0.8582	259.1540384053455	911.0489369384433
0.8592	260.3573374813033	912.4124917639409
0.8602	261.56140072051613	913.7774470773276
0.8612	262.7662265026784	915.1438021388631
0.8622	263.97181320810716	916.5115562086435
0.8632	265.17815921774394	917.8807085466029
0.8642	266.38526291315543	919.2512584125142
0.8652	267.5931226765356	920.6232050659908
0.8662	268.80173689070637	921.9965477664875
0.8672	270.0111039391193	923.3712857733024
0.8682	271.22122220585726	924.7474183455773
0.8692	272.4320900756346	926.1249447422997
0.8702	273.64370593379994	927.5038642223036
0.8712	274.8560681663365	928.8841760442713
0.8722	276.0691751598638	930.265879466734
0.8732	277.2830253016387	931.6489737480733
0.8742	278.49761697955677	933.0334581465225
0.8752	279.7129485821541	934.4193319201682
0.8762	280.92901849860783	935.8065943269507
0.8772	282.1458251187378	937.195244624666
0.8782	283.36336683300766	938.5852820709663
0.8792	284.58164203252664	939.9767059233623
0.8802	285.8006491090499	941.3695154392229
0.8812	287.02038645498084	942.7637098757783
0.8822	288.24085246337165	944.1592884901195
0.8832	289.4620455279245	945.5562505392003
0.8842	290.6839640429933	946.9545952798385
0.8852	291.9066064035844	948.3543219687168
0.8862	293.12997100535847	949.7554298623846
0.8872	294.35405624463107	951.1579182172585
0.8882	295.578860518374	952.5617862896236
0.8892	296.8043822242169	953.9670333356352
0.8902	298.0306197604481	955.3736586113193
0.8912	299.2575715260158	956.7816613725745
0.8922	300.4852359205296	958.1910408751723
0.8932	301.7136113442613	959.6017963747593
0.8942	302.9426961981464	961.0139271268572
0.8952	304.17248888378504	962.4274323868651
0.8962	305.4029878034432	963.8423114100598
0.8972	306.6341913600543	965.2585634515974
0.8982	307.86609795721944	966.6761877665141
0.8992	309.09870599920964	968.0951836097278
0.9002	310.3320138909664	969.5155502360391
0.9012	311.5660200381025	970.9372869001319
0.9022	312.8007228469043	972.3603928565755
0.9032	314.03612072433145	973.7848673598246
0.9042	315.2722120780191	975.2107096642217
0.9052	316.5089953162787	976.637919023997
0.9062	317.7464688480988	978.0664946932703
0.9072	318.98463108314667	979.496435926052
0.9082	320.2234804317692	980.9277419762437
0.9092	321.46301530499375	982.36041209764
0.9102	322.7032341145298	983.7944455439293
0.9112	323.9441352727694	985.2298415686946
0.9122	325.18571719278896	986.6665994254153
0.9132	326.4279782883499	988.1047183674676
0.9142	327.6709169738994	989.544197648126
0.9152	328.91453166457256	990.9850365205642
0.9162	330.1588207761923	992.4272342378562
0.9172	331.40378272527107	993.8707900529773
0.9182	332.64941592901187	995.3157032188057
0.9192	333.8957188053091	996.7619729881227
0.9202	335.1426897727498	998.2095986136146
0.9212	336.3903272506144	999.658579347873
0.9222	337.6386296588783	1001.1089144433967
0.9232	338.88759541821236	1002.5606031525919
0.9242	340.13722294998433	1004.0136447277738
0.9252	341.38751067625947	1005.4680384211675
0.9262	342.63845701980216	1006.9237834849093
0.9272	343.8900604040762	1008.3808791710472
0.9282	345.1423192532464	1009.8393247315422
0.9292	346.39523199217945	1011.2991194182696
0.9302	347.6487970464447	1012.7602624830196
0.9312	348.90301284231555	1014.2227531774988
0.9322	350.15787780676976	1015.6865907533306
0.9332	351.4133903674914	1017.1517744620569
0.9342	352.6695489528711	1018.6183035551386
0.9352	353.9263519920073	1020.086177283957
0.9362	355.18379791470727	1021.5553948998145
0.9372	356.4418851514877	1023.0259556539356
0.9382	357.7006121335764	1024.4978587974683
0.9392	358.95997729291264	1025.971103581485
0.9402	360.21997906214824	1027.445689256983
0.9412	361.4806158746486	1028.921615074886
0.9422	362.74188616449356	1030.3988802860445
0.9432	364.0037883664791	1031.8774841412383
0.9442	365.26632091611657	1033.3574258911751
0.9452	366.52948224963524	1034.8387047864937
0.9462	367.7932708039825	1036.3213200777639
0.9472	369.0576850168253	1037.8052710154877
0.9482	370.32272332655026	1039.2905568501
0.9492	371.5883841722653	1040.77717683197
0.9502	372.85466599380004	1042.2651302114018
0.9512	374.12156723170733	1043.7544162386355
0.9522	375.3890863272637	1045.2450341638487
0.9532	376.6572217224699	1046.736983237156
0.9542	377.92597186005304	1048.2302627086121
0.9552	379.19533518346594	1049.7248718282106
0.9562	380.4653101368896	1051.2208098458866
0.9572	381.73589516523236	1052.7180760115164
0.9582	383.00708871413224	1054.216669574919
0.9592	384.2788892299574	1055.7165897858579
0.9601999999999999	385.5512951598061	1057.2178358940398
0.9611999999999999	386.82430495150936	1058.7204071491183
0.9621999999999999	388.0979170536301	1060.2243028006926
0.9632	389.37212991546494	1061.7295220983094
0.9642	390.64694198704484	1063.2360642914641
0.9652	391.92235171913603	1064.743928629601
0.9662	393.1983575632403	1066.253114362114
0.9672	394.47495797159667	1067.7636207383491
0.9682	395.7521513971823	1069.275447007604
0.9692	397.0299362937117	1070.7885924191285
0.9702	398.30831111563987	1072.303056222127
0.9712	399.58727431816175	1073.8188376657588
0.9722	400.8668243572127	1075.3359359991377
0.9732	402.1469596894707	1076.854350471335
0.9742	403.427678772356	1078.374080331379
0.9752	404.7089800640324	1079.8951248282565
0.9762	405.990862023408	1081.4174832109131
0.9772	407.2733231101357	1082.9411547282548
0.9782	408.55636178461486	1084.4661386291484
0.9792	409.8399765079909	1085.9924341624226
0.9802	411.1241657421571	1087.5200405768685
0.9812	412.4089279497549	1089.0489571212415
0.9822	413.69426159417486	1090.579183044261
0.9832	414.98016513955696	1092.1107175946115
0.9842	416.26663705079227	1093.643560020944
0.9852	417.5536757935232	1095.177709571877
0.9862	418.84127983414385	1096.7131654959956
0.9872	420.1294476398017	1098.2499270418552
0.9882	421.4181776783976	1099.7879934579803
0.9892	422.7074684185869	1101.3273639928652
0.9902	423.99731832978057	1102.868037894977
0.9912	425.28772588214457	1104.4100144127538
0.9922	426.57868954660245	1105.953292794607
0.9932	427.8702077948345	1107.497872288922
0.9942	429.1622790992798	1109.0437521440592
0.9952	430.45490193313594	1110.5909316083544
0.9962	431.74807477035984	1112.1394099301192
0.9972	433.04179608566966	1113.6891863576436
0.9982	434.33606435454385	1115.240260139195
0.9992	435.6308780532227	1116.7926305230194
1.0002	436.9262356587097	1118.3462967573432
1.0012	438.2221356487712	1119.9012580903736
1.0022	439.5185765019366	1121.4575137702975
1.0032	440.81555669750173	1123.0150630452863
1.0042	442.11307471552595	1124.573905163492
1.0052	443.4111290368362	1126.134039373053
1.0062	444.70971814302493	1127.6954649220897
1.0072	446.0088405164532	1129.2581810587103
1.0082	447.3084946402489	1130.8221870310074
1.0092	448.60867899831027	1132.3874820870624
1.0102	449.90939207530323	1133.9540654749424
1.0112	451.2106323566659	1135.5219364427053
1.0122	452.51239832860546	1137.0910942383969
1.0132	453.8146884781017	1138.661538110054
1.0142	455.11750129290624	1140.233267305704
1.0152	456.42083526154363	1141.8062810733668
1.0162	457.72468887331183	1143.380578661054
1.0172	459.02906061828344	1144.9561593167716
1.0182	460.3339489873049	1146.5330222885184
1.0192	461.6393524719993	1148.1111668242895
1.0202	462.94526956476477	1149.6905921720745
1.0212	464.2516987587776	1151.271297579861
1.0222	465.5586385479899	1152.8532822956324
1.0232	466.86608742713315	1154.436545567371
1.0242	468.17404389171656	1156.0210866430573
1.0252	469.48250643802936	1157.6069047706717
1.0262	470.79147356314087	1159.1939991981956
1.0272	472.10094376489985	1160.7823691736096
1.0282	473.41091554193775	1162.3720139448983
1.0292	474.7213873936664	1163.9629327600471
1.0302	476.03235782028156	1165.5551248670463
1.0312	477.3438253227607	1167.148589513889
1.0322	478.655788402866	1168.743325948574
1.0332	479.9682455631428	1170.3393334191048
1.0342	481.28119530692254	1171.9366111734926
1.0352	482.59463613832116	1173.535158459754
1.0362	483.9085665622414	1175.1349745259151
1.0372	485.2229850843717	1176.7360586200089
1.0382	486.5378902111892	1178.3384099900793
1.0392	487.85328044995725	1179.9420278841783
1.0402	489.1691543087289	1181.5469115503706
1.0412	490.4855102963452	1183.1530602367309
1.0422	491.80234692243806	1184.7604731913475
1.0432	493.119662697428	1186.3691496623198
1.0442	494.43745613252753	1187.9790888977627
1.0452	495.75572573973955	1189.590290145804
1.0462	497.07447003185985	1191.2027526545874
1.0472	498.39368752247515	1192.8164756722715
1.0482	499.7133767259669	1194.431458447033
1.0492	501.0335361575086	1196.047700227064
1.0502	502.3541643330689	1197.6652002605758
1.0512	503.6752597694103	1199.2839577957973
1.0522	504.99682098409136	1200.903972080978
1.0532	506.3188464954651	1202.5252423643858
1.0542	507.64133482268227	1204.1477678943108
1.0552	508.96428448568923	1205.7715479190633
1.0562	510.28769400523083	1207.396581686977
1.0572	511.6115619028485	1209.0228684464068
1.0582	512.9358867008834	1210.6504074457328
1.0592	514.2606669224746	1212.2791979333579
1.0602	515.5859010915611	1213.9092391577105
1.0612	516.9115877328818	1215.5405303672444
1.0622	518.2377253719766	1217.17307081044
1.0632	519.5643125351854	1218.806859735804
1.0642	520.8913477496505	1220.441896391871
1.0652	522.2188295433158	1222.0781800272039
1.0662	523.5467564449281	1223.7157098903942
1.0672	524.8751269840366	1225.3544852300633
1.0682	526.2039396909951	1226.9945052948633
1.0692	527.5331930969603	1228.6357693334762
1.0702	528.8628857338945	1230.2782765946167
1.0712	530.1930161345641	1231.9220263270306
1.0722	531.5235828325422	1233.567017779498
1.0732	532.8545843622062	1235.2132502008308
1.0742	534.1860192587419	1236.8607228398773
1.0752	535.5178753462967	1238.509434945519
1.0762	536.8500478345923	1240.1593857567186
1.0772	538.1822931824526	1241.810574416516
1.0782	539.5146091286271	1243.4629998434145
1.0792	540.8469934136109	1245.1166609558247
1.0802	542.17944377965	1246.77155667207
1.0812	543.511957970739	1248.4276859103836
1.0822	544.8445337326267	1250.0850475889165
1.0832	546.1771688128144	1251.743640625733
1.0842	547.5098609605603	1253.4034639388174
1.0852	548.8426079268795	1255.0645164460734
1.0862	550.1754074645462	1256.726797065327
1.0872	551.5082573280946	1258.3903047143267
1.0882	552.8411552738229	1260.0550383107484
1.0892	554.1740990597915	1261.7209967721938
1.0902	555.5070864458274	1263.3881790161945
1.0912	556.8401151935244	1265.0565839602127
1.0922	558.1731830662453	1266.7262105216441
1.0932	559.5062878291226	1268.3970576178178
1.0942	560.8394272490617	1270.0691241660008
1.0952	562.1725990947408	1271.7424090833968
1.0962	563.5058011366139	1273.416911287151
1.0972	564.8390311469103	1275.0926296943483
1.0982	566.1722868996394	1276.7695632220195
1.0992	567.5055661705885	1278.4477107871392
1.1002	568.8388667373274	1280.1270713066297
1.1012	570.1721863792078	1281.8076436973615
1.1022	571.5055228773665	1283.489426876157
1.1032	572.8388740147252	1285.1724197597894
1.1042	574.1722375759934	1286.856621264987
1.1052	575.505611347669	1288.5420303084334
1.1062	576.838993118041	1290.2286458067708
1.1072	578.1723806771886	1291.9164666765992
1.1082	579.5057718169855	1293.605491834481
1.1092	580.839164331099	1295.2957201969402
1.1102	582.1725560149932	1296.9871506804668
1.1112	583.505944665929	1298.6797822015153
1.1122	584.8393280829669	1300.3736136765099
1.1132	586.1727040669666	1302.0686440218426
1.1142	587.5060704205908	1303.7648721538783
1.1152	588.8394249483039	1305.4622969889533
1.1162	590.1727654563765	1307.1609174433806
1.1172	591.5060897528829	1308.8607324334475
1.1182	592.8393956477065	1310.5617408754213
1.1192	594.172680952538	1312.2639416855473
1.1202	595.5059434808793	1313.9673337800537
1.1212	596.8391810480422	1315.6719160751506
1.1222	598.1723914711519	1317.3776874870339
1.1232	599.5055725691473	1319.084646931885
1.1242	600.838722162783	1320.7927933258738
1.1252	602.1718380746294	1322.5021255851595
1.1262	603.5049181290753	1324.2126426258935
1.1272	604.8379601523285	1325.9243433642189
1.1282	606.1709619724178	1327.6372267162749
1.1292	607.5039214191924	1329.3512915981953
1.1302	608.8368363243262	1331.0665369261137
1.1312	610.1697045213155	1332.7829616161607
1.1322	611.5025238454841	1334.5005645844706
1.1332	612.8352921339809	1336.2193447471782
1.1342	614.168007225784	1337.9393010204244
1.1352	615.5006669616997	1339.6604323203546
1.1362	616.8332691843656	1341.3827375631226
1.1372	618.1658117382503	1343.1062156648907
1.1382	619.4982924696561	1344.8308655418325
1.1392	620.8307092267183	1346.5566861101331
1.1402	622.1630598594083	1348.2836762859922
1.1412	623.4953422195335	1350.011834985624
1.1422	624.8275541607394	1351.7411611252612
1.1432	626.1596935385095	1353.471653621153
1.1442	627.491758210168	1355.203311389571
1.1452	628.8237460348794	1356.936133346806
1.1462	630.1556548736514	1358.670118409174
1.1472	631.4874825893343	1360.4052654930147
1.1482	632.8192270466233	1362.1415735146948
1.1492	634.1508861120589	1363.8790413906079
1.1502000000000001	635.4824576540286	1365.6176680371782
1.1512	636.8139395427673	1367.3574523708592
1.1522000000000001	638.1453296503597	1369.0983933081386
1.1532	639.4766258507394	1370.8404897655366
1.1542	640.8078260196917	1372.5837406596097
1.1552	642.1389280348544	1374.3281449069514
1.1562	643.4699297757178	1376.073701424193
1.1572	644.8008291236271	1377.8204091280063
1.1582	646.1316239617821	1379.5682669351042
1.1592	647.4623121752401	1381.3172737622435
1.1602	648.7928916509144	1383.067428526224
1.1612	650.1233602775784	1384.818730143893
1.1622	651.4537159458635	1386.5711775321438
1.1632	652.7839565482624	1388.32476960792
1.1642	654.1140799791292	1390.0795052882142
1.1652	655.4440841346805	1391.8353834900722
1.1662	656.7739669129955	1393.5924031305915
1.1672	658.1037262140201	1395.3505631269265
1.1682	659.4333599395627	1397.1098623962855
1.1692	660.7628659933009	1398.8702998559368
1.1702	662.0922422807774	1400.6318744232053
1.1712	663.4214867094053	1402.3945850154794
1.1722	664.750597188465	1404.1584305502067
1.1732	666.0795716291088	1405.9234099449006
1.1742	667.4084079443589	1407.6895221171374
1.1752	668.7371040491108	1409.4567659845613
1.1762	670.0656578601319	1411.2251404648832
1.1772	671.3940672960641	1412.994644475884
1.1782	672.7223302774238	1414.7652769354138
1.1792	674.0504447266042	1416.5370367613968
1.1802	675.3784085678733	1418.3099228718286
1.1812	676.7062197273785	1420.083934184781
1.1822	678.033876133144	1421.8590696184003
1.1832	679.3613757150748	1423.635328090913
1.1842	680.6887164049543	1425.4127085206217
1.1852	682.0158961364485	1427.1912098259115
1.1862	683.3429128451044	1428.9708309252483
1.1872	684.6697644683519	1430.7515707371815
1.1882	685.9964489455039	1432.5334281803443
1.1892	687.3229642177588	1434.3164021734572
1.1902	688.6493082281988	1436.100491635326
1.1912	689.9754789217938	1437.8856954848475
1.1922	691.3014742453984	1439.672012641006
1.1932	692.6272921477567	1441.459442022879
1.1942	693.9529305794999	1443.2479825496355
1.1952	695.2783874931494	1445.0376331405394
1.1962	696.6036608431154	1446.8283927149491
1.1972	697.9287485857006	1448.6202601923212
1.1982	699.2536486790973	1450.4132344922082
1.1992	700.5783590833915	1452.207314534264
1.2002	701.9028777605612	1454.0024992382416
1.2012	703.2272026744796	1455.7987875239978
1.2022	704.5513317909126	1457.5961783114906
1.2032	705.8752630775234	1459.394670520785
1.2042	707.1989945038694	1461.1942630720498
1.2052	708.522524041406	1462.994954885563
1.2062	709.8458496634852	1464.7967448817096
1.2072	711.168969345358	1466.5996319809863
1.2082	712.4918810641736	1468.4036151039988
1.2092	713.8145827989814	1470.2086931714675
1.2102	715.1370725307302	1472.0148651042248
1.2112	716.4593482422708	1473.82212982322
1.2122	717.7814079183547	1475.6304862495165
1.2132	719.1032495456366	1477.4399333042977
1.2142	720.4248711126731	1479.2504699088643
1.2152	721.7462706099259	1481.0620949846382
1.2162	723.0674460297593	1482.8748074531616
1.2172	724.3883953664443	1484.6886062361014
1.2182	725.7091166161557	1486.5034902552459
1.2192	727.0296077769761	1488.319458432511
1.2202	728.3498668488942	1490.1365096899378
1.2212	729.6698918338063	1491.9546429496959
1.2222	730.9896807355168	1493.773857134083
1.2232	732.3092315597388	1495.5941511655283
1.2242	733.6285423140946	1497.415523966591
1.2252	734.9476110081168	1499.2379744599648
1.2262	736.2664356532482	1501.0615015684757
1.2272	737.5850142628433	1502.8861042150866
1.2282	738.9033448521667	1504.7117813228945
1.2292	740.2214254383975	1506.5385318151368
1.2302	741.5392540406258	1508.3663546151874
1.2312	742.8568286798562	1510.195248646562
1.2322	744.1741473790065	1512.0252128329164
1.2332	745.4912081629099	1513.85624609805
1.2342	746.8080090583135	1515.6883473659045
1.2352	748.1245480938813	1517.5215155605683
1.2362	749.440823300192	1519.3557496062742
1.2372	750.7568327097428	1521.191048427404
1.2382	752.0725743569461	1523.0274109484862
1.2392	753.3880462781334	1524.8648360942004
1.2402	754.7032465115537	1526.7033227893764
1.2412	756.0181730973753	1528.5428699589968
1.2422	757.332824077685	1530.383476528196
1.2432	758.6471974964902	1532.2251414222646
1.2442	759.9612913997174	1534.0678635666468
1.2452	761.2751038352153	1535.9116418869462
1.2462	762.5886328527519	1537.7564753089212
1.2472	763.9018765040188	1539.602362758492
1.2482	765.2148328426277	1541.4493031617371
1.2492	766.527499924115	1543.297295444898
1.2502	767.8398758059382	1545.1463385343773
1.2512	769.1519585474796	1546.9964313567423
1.2522	770.4637462100445	1548.8475728387245
1.2532	771.7752368568633	1550.6997619072222
1.2542	773.0864285530905	1552.5529974892993
1.2552	774.3973193658068	1554.4072785121903
1.2562	775.7079073640172	1556.2626039032964
1.2572	777.0181906186539	1558.1189725901916
1.2582	778.3281672025747	1559.9763835006197
1.2592	779.6378351905653	1561.8348355624992
1.2602	780.9471926593374	1563.6943277039204
1.2612	782.2562376875314	1565.5548588531503
1.2622	783.5649683557152	1567.416427938631
1.2632	784.8733827463856	1569.2790338889822
1.2642	786.1814789439674	1571.1426756330018
1.2652	787.4892550348156	1573.0073520996677
1.2662	788.7967091072138	1574.873062218137
1.2672	790.1038392513763	1576.7398049177498
1.2682	791.410643559447	1578.607579128028
1.2692	792.7171201255011	1580.476383778678
1.2702	794.0232670455442	1582.3462177995902
1.2712	795.329082417514	1584.2170801208424
1.2722	796.6345643412782	1586.0889696726974
1.2732	797.9397109186386	1587.9618853856086
1.2742	799.2445202533277	1589.8358261902163
1.2752000000000001	800.5489904510116	1591.7107910173527
1.2762	801.8531196192885	1593.58677879804
1.2772000000000001	803.1569058676909	1595.4637884634947
1.2782	804.4603473076836	1597.3418189451245
1.2792000000000001	805.7634420526663	1599.2208691745332
1.2802	807.0661882179722	1601.1009380835194
1.2812	808.3685839208692	1602.982024604079
1.2822	809.6706272805607	1604.8641276684057
1.2832	810.972316418183	1606.7472462088901
1.2842	812.2736494568102	1608.6313791581256
1.2852	813.57462452145	1610.5165254489034
1.2862	814.8752397390472	1612.402684014219
1.2872	816.1754932384815	1614.2898537872686
1.2882	817.4753831505701	1616.1780337014545
1.2892	818.774907608066	1618.067222690382
1.2902	820.0740647456597	1619.9574196878646
1.2912	821.3728526999776	1621.8486236279198
1.2922	822.6712696095846	1623.7408334447757
1.2932	823.9693136149822	1625.634048072868
1.2942	825.2669828586107	1627.5282664468436
1.2952	826.5642754848475	1629.4234875015593
1.2962	827.8611896400084	1631.3197101720848
1.2972	829.1577234723476	1633.216933393702
1.2982	830.4538751320583	1635.115156101908
1.2992	831.7496427712714	1637.0143772324136
1.3002	833.0450245440586	1638.9145957211476
1.3012	834.3400186064287	1640.8158105042535
1.3022	835.6346231163317	1642.7180205180948
1.3032	836.9288362336558	1644.6212246992527
1.3042	838.2226561202302	1646.5254219845297
1.3052	839.5160809398225	1648.4306113109474
1.3062	840.8091088581419	1650.336791615752
1.3072	842.1017380428366	1652.2439618364099
1.3082	843.3939666634961	1654.1521209106136
1.3092	844.6857928916497	1656.061267776279
1.3102	845.9772149007684	1657.9714013715493
1.3112	847.2682308662627	1659.8825206347924
1.3122	848.5588389654854	1661.7946245046069
1.3132	849.8490373777291	1663.7077119198168
1.3142	851.1388242842293	1665.621781819479
1.3152	852.4281978681611	1667.5368331428785
1.3162	853.7171563146426	1669.452864829534
1.3172	855.0056978107323	1671.369875819195
1.3182	856.2938205454313	1673.2878650518455
1.3192	857.5815227096821	1675.2068314677033
1.3202	858.8688024963693	1677.1267740072224
1.3212	860.1556581003192	1679.0476916110922
1.3222	861.4420877183011	1680.9695832202406
1.3232	862.7280895490253	1682.8924477758317
1.3242	864.0136617931455	1684.816284219271
1.3252	865.2988026532568	1686.7410914922018
1.3262	866.583510333898	1688.6668685365107
1.3272	867.8677830415488	1690.5936142943237
1.3282	869.1516189846332	1692.5213277080118
1.3292	870.4350163735164	1694.4500077201878
1.3302	871.7179734205076	1696.379653273711
1.3312	873.0004883398578	1698.3102633116844
1.3322	874.2825593477614	1700.2418367774587
1.3332	875.5641846623552	1702.174372614631
1.3342	876.8453625037196	1704.107869767048
1.3352	878.1260910938769	1706.0423271788036
1.3362	879.4063686567938	1707.9777437942437
1.3372	880.6861934183786	1709.9141185579633
1.3382	881.9655636064839	1711.8514504148113
1.3392	883.244477450904	1713.7897383098868
1.3402	884.5229331833779	1715.728981188545
1.3412	885.8009290375858	1717.6691779963933
1.3422	887.078463249153	1719.6103276792962
1.3432	888.3555340556461	1721.552429183373
1.3442	889.6321396965764	1723.495481455002
1.3452	890.9082784133965	1725.4394834408165
1.3462	892.1839484495041	1727.3844340877122
1.3472	893.4591480502381	1729.330332342841
1.3482	894.7338754628821	1731.2771771536186
1.3492	896.0081289366613	1733.2249674677194
1.3502	897.281906722745	1735.1737022330822
1.3512	898.5552070742445	1737.1233803979069
1.3522	899.8280282462154	1739.0740009106598
1.3532	901.1003684956544	1741.0255627200697
1.3542	902.3722260815028	1742.978064775133
1.3552	903.6435992646434	1744.9315060251106
1.3562	904.914486307903	1746.8858854195332
1.3572	906.1848854760498	1748.8412019081977
1.3582	907.454795035796	1750.7974544411716
1.3592	908.7242132557949	1752.7546419687906
1.3602	909.9931384066439	1754.7127634416631
1.3612	911.2615687608815	1756.6718178106669
1.3622	912.5295025929898	1758.6318040269546
1.3632	913.7969381793921	1760.5927210419497
1.3642	915.0638737984548	1762.554567807352
1.3652	916.3303077304855	1764.5173432751333
1.3662	917.5962382577353	1766.4810463975443
1.3672	918.8616636643955	1768.4456761271097
1.3682	920.1265822366008	1770.4112314166332
1.3692	921.3909922624266	1772.377711219195
1.3702	922.6548920318909	1774.345114488156
1.3712	923.9182798369521	1776.3134401771554
1.3722	925.1811539715111	1778.2826872401138
1.3732	926.4435127314094	1780.2528546312324
1.3742	927.7053544144304	1782.2239413049956
1.3752	928.9666773202977	1784.1959462161697
1.3762	930.2274797506767	1786.1688683198054
1.3772	931.4877600091728	1788.142706571237
1.3782	932.7475164013331	1790.1174599260862
1.3792	934.0067472346441	1792.093127340258
1.3802	935.265450818534	1794.0697077699467
1.3812	936.5236254643696	1796.0472001716325
1.3822	937.7812694854595	1798.0256035020852
1.3832	939.0383811970509	1800.0049167183631
1.3842	940.294958916332	1801.9851387778156
1.3852	941.5510009624294	1803.966268638081
1.3862	942.8065056564103	1805.948305257091
1.3872	944.0614713212802	1807.9312475930687
1.3882	945.3158962819849	1809.9150946045309
1.3892	946.5697788654078	1811.8998452502867
1.3902	947.8231174003722	1813.885498489442
1.3912	949.0759102176391	1815.872053281396
1.3922	950.3281556499091	1817.859508585846
1.3932	951.5798520318194	1819.8478633627842
1.3942	952.8309976999467	1821.837116572502
1.3952	954.0815909928044	1823.827267175588
1.3962	955.3316302508447	1825.8183141329312
1.3972	956.5811138164561	1827.810256405719
1.3982	957.830040033965	1829.803092955441
1.3992	959.0784072496341	1831.796822743886
1.4002000000000001	960.3262138116642	1833.7914447331475
1.4012	961.573458070191	1835.7869578856198
1.4022000000000001	962.8201383772881	1837.783361164002
1.4032	964.066253086964	1839.7806535312961
1.4042000000000001	965.311800555164	1841.778833950811
1.4052	966.5567791397682	1843.7779013861593
1.4062000000000001	967.8011872005932	1845.777854801262
1.4072	969.0450230993895	1847.7786931603457
1.4082	970.2882851998437	1849.7804154279459
1.4092	971.5309718675768	1851.7830205689067
1.4102	972.7730814701434	1853.7865075483805
1.4112	974.0146123770338	1855.7908753318318
1.4122	975.2555629596709	1857.7961228850334
1.4132	976.4959315914122	1859.8022491740717
1.4142	977.7357166475477	1861.8092531653435
1.4152	978.9749165053018	1863.8171338255606
1.4162	980.2135295438304	1865.8258901217457
1.4172	981.4515541442233	1867.8355210212385
1.4182	982.6889886895016	1869.8460254916918
1.4192	983.9258315646192	1871.8574025010753
1.4202	985.1620811564612	1873.8696510176737
1.4212	986.3977358538451	1875.8827700100908
1.4222	987.632794047518	1877.8967584472457
1.4232	988.8672541301598	1879.9116152983786
1.4242	990.1011144963795	1881.9273395330463
1.4252	991.3343735427177	1883.9439301211276
1.4262	992.5670296676435	1885.9613860328197
1.4272	993.7990812715573	1887.9797062386433
1.4282	995.0305267567877	1889.998889709439
1.4292	996.2613645275933	1892.0189354163713
1.4302	997.4915929901606	1894.0398423309266
1.4312	998.7212105526054	1896.0616094249167
1.4322	999.9502156249708	1898.0842356704763
1.4332	1001.1786066192286	1900.1077200400669
1.4342	1002.4063819492774	1902.1320615064747
1.4352	1003.6335400309434	1904.1572590428132
1.4362	1004.8600792819791	1906.183311622522
1.4372	1006.0859981220644	1908.2102182193707
1.4382	1007.3112949728043	1910.2379778074546
1.4392	1008.5359682577302	1912.2665893612007
1.4402	1009.7600164022987	1914.2960518553637
1.4412	1010.983437833892	1916.326364265031
1.4422	1012.2062309818165	1918.3575255656192
1.4432	1013.4283942773034	1920.389534732878
1.4442	1014.6499261535074	1922.422390742888
1.4452	1015.8708250455078	1924.4560925720646
1.4462	1017.0910893903061	1926.4906391971554
1.4472	1018.3107176268281	1928.5260295952437
1.4482	1019.5297081959205	1930.562262743746
1.4492	1020.7480595403543	1932.599337620417
1.4502	1021.96577010482	1934.6372532033442
1.4512	1023.1828383359317	1936.6760084709556
1.4522	1024.399262682223	1938.7156024020137
1.4532	1025.6150415941493	1940.7560339756212
1.4542	1026.830173524085	1942.7973021712176
1.4552	1028.0446569263265	1944.839405968584
1.4562	1029.2584902570873	1946.8823443478393
1.4572	1030.471671974502	1948.926116289445
1.4582	1031.6842005386225	1950.9707207742017
1.4592	1032.8960744114202	1953.016156783254
1.4602	1034.1072920567833	1955.0624232980867
1.4612	1035.3178519405185	1957.10951930053
1.4622	1036.527752530349	1959.1574437727559
1.4632	1037.7369922959151	1961.2061956972816
1.4642	1038.9455697087726	1963.2557740569684
1.4652	1040.153483242394	1965.3061778350245
1.4662	1041.3607313721668	1967.3574060150022
1.4672	1042.5673125753938	1969.4094575808024
1.4682	1043.7732253312918	1971.4623315166714
1.4692	1044.9784681209926	1973.5160268072052
1.4702	1046.183039427541	1975.5705424373466
1.4712	1047.3869377358953	1977.625877392389
1.4722	1048.5901615329267	1979.6820306579739
1.4732	1049.7927093074188	1981.7390012200945
1.4742	1050.9945795500669	1983.7967880650929
1.4752	1052.1957707534782	1985.8553901796652
1.4762	1053.3962814121703	1987.9148065508566
1.4772	1054.5961100225725	1989.9750361660674
1.4782	1055.7952550830232	1992.036078013049
1.4792	1056.993715093771	1994.097931079908
1.4802	1058.1914885569734	1996.160594355104
1.4812	1059.388573976697	1998.2240668274526
1.4822	1060.5849698589163	2000.2883474861237
1.4832	1061.7806747115146	2002.3534353206446
1.4842	1062.9756870442814	2004.4193293208975
1.4852	1064.1700053689135	2006.4860284771232
1.4862	1065.363628199014	2008.5535317799188
1.4872	1066.5565540500925	2010.6218382202408
1.4882	1067.748781439563	2012.6909467894036
1.4892	1068.9403088867457	2014.7608564790821
1.4902	1070.131134912864	2016.8315662813093
1.4912	1071.3212580410463	2018.9030751884807
1.4922	1072.5106767963239	2020.9753821933512
1.4932	1073.6993897056316	2023.0484862890385
1.4942	1074.887395297806	2025.122386469021
1.4952	1076.0746921035868	2027.1970817271417
1.4962	1077.2612786556133	2029.2725710576042
1.4972	1078.4471534884283	2031.3488534549788
1.4982	1079.632315138473	2033.4259279141975
1.4992	1080.8167621440891	2035.5037934305587
1.5002	1082.0004930455184	2037.5824489997256
1.5012	1083.1835063849014	2039.6618936177276
1.5022	1084.365800706276	2041.7421262809596
1.5032	1085.5473745555798	2043.823145986185
1.5042	1086.728226480646	2045.904951730533
1.5052	1087.9083550312064	2047.9875425115024
1.5062	1089.0877587588875	2050.0709173269593
1.5072	1090.2664362172125	2052.1550751751397
1.5082	1091.4443859615994	2054.240015054648
1.5092	1092.621606549362	2056.3257359644617
1.5102	1093.7980965397066	2058.4122369039246
1.5112	1094.9738544937345	2060.4995168727546
1.5122	1096.1488789744396	2062.5875748710405
1.5132	1097.3231685467085	2064.676409899244
1.5142	1098.496721777319	2066.7660209581977
1.5152	1099.6695372349423	2068.8564070491097
1.5162	1100.8416134901381	2070.9475671735595
1.5172	1102.0129491153589	2073.0395003335034
1.5182	1103.1835426849443	2075.132205531269
1.5192	1104.353392775126	2077.2256817695634
1.5202	1105.5224979640218	2079.319928051465
1.5212	1106.6908568316398	2081.4149433804323
1.5222	1107.8584679598741	2083.510726760298
1.5232	1109.0253299325068	2085.607277195273
1.5242	1110.191441335205	2087.704593689946
1.5252000000000001	1111.3568007555236	2089.8026752492838
1.5262	1112.521406782901	2091.9015208786313
1.5272000000000001	1113.6852580086613	2094.001129583714
1.5282	1114.8483530260128	2096.1015003706357
1.5292000000000001	1116.0106904300467	2098.2026322458814
1.5302	1117.1722688177367	2100.3045242163153
1.5312000000000001	1118.3330867879408	2102.407175289185
1.5322	1119.4931429413966	2104.510584472118
1.5332000000000001	1120.6524358807244	2106.6147507731243
1.5342	1121.8109642104237	2108.719673200597
1.5352000000000001	1122.9687265368752	2110.8253507633117
1.5362	1124.1257214683383	2112.931782470427
1.5372	1125.2819476149512	2115.0389673314876
1.5382	1126.437403588731	2117.146904356421
1.5392	1127.5920880035712	2119.25559255554
1.5402	1128.7459994752435	2121.3650309395425
1.5412	1129.8991366213947	2123.4752185195125
1.5422	1131.0514980615487	2125.586154306922
1.5432	1132.203082417103	2127.697837313626
1.5442	1133.353888311331	2129.810266551872
1.5452	1134.5039143693791	2131.92344103429
1.5462	1135.6531592182678	2134.037359773903
1.5472	1136.801621486889	2136.1520217841185
1.5482	1137.9492998060075	2138.2674260787358
1.5492	1139.0961928082597	2140.3835716719427
1.5502	1140.2422991281524	2142.500457578318
1.5512	1141.3876174020622	2144.61808281283
1.5522	1142.5321462682364	2146.7364463908384
1.5532	1143.6758843667892	2148.8555473280935
1.5542	1144.818830339705	2150.9753846407393
1.5552	1145.9609828308346	2153.09595734531
1.5562	1147.102340485896	2155.217264458734
1.5572	1148.242901952474	2157.339304998332
1.5582	1149.3826658800192	2159.462077981819
1.5592	1150.5216309198454	2161.5855824273035
1.5602	1151.659795725133	2163.7098173532886
1.5612	1152.797158950925	2165.834781778673
1.5622	1153.9337192541277	2167.9604747227495
1.5632	1155.0694752935096	2170.086895205208
1.5642	1156.2044257297011	2172.214042246134
1.5652	1157.3385692251936	2174.3419148660087
1.5662	1158.4719044443395	2176.4705120857134
1.5672	1159.60443005335	2178.5998329265226
1.5682	1160.7361447202964	2180.7298764101133
1.5692	1161.867047115107	2182.860641558557
1.5702	1162.9971359095694	2184.9921273943264
1.5712	1164.1264097773274	2187.1243329402923
1.5722	1165.2548673938813	2189.2572572197255
1.5732	1166.382507436588	2191.390899256297
1.5742	1167.5093285846579	2193.525258074078
1.5752	1168.6353295191566	2195.6603326975405
1.5762	1169.760508923004	2197.796122151559
1.5772	1170.884865480972	2199.932625461407
1.5782	1172.008397879685	2202.0698416527625
1.5792	1173.1311048076197	2204.2077697517057
1.5802	1174.2529849551036	2206.3464087847196
1.5812	1175.3740370143132	2208.485757778689
1.5822	1176.4942596792762	2210.625815760905
1.5832	1177.613651645868	2212.766581759061
1.5842	1178.7322116118132	2214.9080548012557
1.5852	1179.8499382766831	2217.0502339159925
1.5862	1180.966830341896	2219.19311813218
1.5872	1182.0828865107162	2221.3367064791337
1.5882	1183.1981054882533	2223.4809979865736
1.5892	1184.312485981462	2225.625991684627
1.5902	1185.426026699141	2227.771686603829
1.5912	1186.5387263519303	2229.9180817751194
1.5922	1187.6505836523158	2232.06517622985
1.5932	1188.7615973146223	2234.2129689997755
1.5942	1189.8717660550171	2236.3614591170635
1.5952	1190.9810885915076	2238.510645614288
1.5962	1192.0895636439407	2240.6605275244337
1.5972	1193.1971899340022	2242.8111038808934
1.5982	1194.3039661852167	2244.9623737174716
1.5992	1195.4098911229455	2247.1143360683814
1.6002	1196.5149634743873	2249.2669899682483
1.6012	1197.6191819685764	2251.4203344521084
1.6022	1198.7225453363828	2253.5743685554094
1.6032	1199.82505231051	2255.72909131401
1.6042	1200.9267016254973	2257.884501764184
1.6052	1202.027492017715	2260.040598942613
1.6062	1203.1274222253676	2262.1973818863967
1.6072	1204.2264909884896	2264.354849633045
1.6082	1205.3246970489477	2266.5130012204836
1.6092	1206.4220391504375	2268.6718356870497
1.6102	1207.5185160384854	2270.831352071498
1.6112	1208.614126460445	2272.9915494129955
1.6122	1209.7088691654997	2275.152426751127
1.6132	1210.8027429046574	2277.3139831258904
1.6142	1211.8957464307548	2279.4762175777014
1.6152	1212.9878784984533	2281.6391291473906
1.6162	1214.0791378642396	2283.802716876207
1.6172	1215.1695232864233	2285.966979805814
1.6182	1216.2590335251389	2288.131916978295
1.6192	1217.3476673423424	2290.2975274361497
1.6202	1218.435423501813	2292.463810222297
1.6212	1219.522300769149	2294.6307643800724
1.6222	1220.6082979117712	2296.7983889532316
1.6232	1221.6934136989182	2298.9666829859484
1.6242	1222.7776469016492	2301.135645522819
1.6252	1223.8609962928392	2303.305275608854
1.6262	1224.9434606471825	2305.47557228949
1.6272	1226.0250387411886	2307.6465346105797
1.6282	1227.1057293531835	2309.8181616183997
1.6292	1228.1855312633074	2311.9904523596456
1.6302	1229.2644432535155	2314.1634058814357
1.6312	1230.3424641075758	2316.3370212313093
1.6322	1231.4195926110692	2318.51129745723
1.6332	1232.4958275513877	2320.68623360758
1.6342	1233.5711677177355	2322.861828731169
1.6352	1234.6456119011266	2325.038081877227
1.6362	1235.7191588943838	2327.2149920954075
1.6372	1236.7918074921392	2329.392558435789
1.6382	1237.8635564908332	2331.5707799488737
1.6392	1238.9344046887122	2333.7496556855876
1.6402	1240.0043508858298	2335.9291846972837
1.6412	1241.073393884045	2338.109366035738
1.6422	1242.1415324870209	2340.2901987531527
1.6432	1243.208765500225	2342.4716819021555
1.6442	1244.2750917309281	2344.6538145358013
1.6452	1245.3405099882025	2346.83659570757
1.6462	1246.4050190829234	2349.0200244713697
1.6472	1247.4686178277648	2351.2040998815332
1.6482	1248.5313050372029	2353.388820992825
1.6492	1249.5930795275108	2355.574186860432
1.6502000000000001	1250.6539401167615	2357.7601965399735
1.6512	1251.7138856248241	2359.9468490874942
1.6522000000000001	1252.772914873366	2362.1341435594695
1.6532	1253.8310266858489	2364.3220790128025
1.6542000000000001	1254.8882198875303	2366.510654504826
1.6552	1255.9444933054617	2368.6998690933024
1.6562000000000001	1256.9998457684887	2370.889721836424
1.6572	1258.0542761072484	2373.0802117928133
1.6582000000000001	1259.1077831541706	2375.271338021523
1.6592	1260.160365743475	2377.463099582036
1.6602000000000001	1261.2120227111725	2379.6554955342685
1.6612	1262.2627528950627	2381.848524938565
1.6622000000000001	1263.312555134734	2384.042186855705
1.6632	1264.361428271562	2386.2364803468968
1.6642000000000001	1265.4093711487099	2388.431404473783
1.6652	1266.4563826111255	2390.626958298438
1.6662	1267.5024615055434	2392.823140883369
1.6672	1268.5476066804817	2395.0199512915183
1.6682	1269.5918169862418	2397.217388586258
1.6692	1270.6350912749083	2399.4154518313967
1.6702	1271.677428400347	2401.614140091176
1.6712	1272.7188272182054	2403.8134524302727
1.6722	1273.75928658591	2406.0133879137966
1.6732	1274.7988053626684	2408.213945607294
1.6742	1275.8373824094647	2410.4151245767453
1.6752	1276.8750165890624	2412.616923888567
1.6762	1277.911706766	2414.81934260961
1.6772	1278.9474518065933	2417.022379807164
1.6782	1279.9822505789325	2419.2260345489512
1.6792	1281.0161019528828	2421.4303059031345
1.6802	1282.0490048000813	2423.6351929383095
1.6812	1283.0809579939391	2425.8406947235126
1.6822	1284.1119604096382	2428.046810328215
1.6832	1285.142010924132	2430.2535388223273
1.6842	1286.1711084161427	2432.460879276196
1.6852	1287.1992517661627	2434.668830760608
1.6862	1288.2264398564525	2436.8773923467875
1.6872	1289.2526715710399	2439.0865631063975
1.6882	1290.2779457957186	2441.29634211154
1.6892	1291.302261418049	2443.5067284347574
1.6902	1292.3256173273558	2445.71772114903
1.6912	1293.348012414727	2447.9293193277786
1.6922	1294.3694455730151	2450.1415220448644
1.6932	1295.3899156968334	2452.354328374588
1.6942	1296.4094216825576	2454.567737391692
1.6952	1297.4279624283233	2456.7817481713587
1.6962	1298.4455368340255	2458.996359789211
1.6972	1299.4621438013185	2461.2115713213157
1.6982	1300.477782233614	2463.4273818441784
1.6992	1301.492451036081	2465.6437904347486
1.7002	1302.5061491156443	2467.860796170416
1.7012	1303.5188753809841	2470.0783981290147
1.7022	1304.5306287425349	2472.2965953888192
1.7032	1305.541408112485	2474.51538702855
1.7042	1306.551212404774	2476.734772127367
1.7052	1307.5600405350956	2478.954749764877
1.7062	1308.5678914208916	2481.1753190211275
1.7072	1309.5747639813555	2483.396478976613
1.7082	1310.5806571374294	2485.6182287122683
1.7092	1311.5855698118035	2487.840567309476
1.7102	1312.589500928915	2490.0634938500607
1.7112	1313.5924494149483	2492.2870074162943
1.7122	1314.5944141978323	2494.511107090892
1.7132	1315.5953942072413	2496.735791957015
1.7142	1316.5953883745926	2498.9610610982695
1.7152	1317.594395633047	2501.186913598709
1.7162	1318.592414917507	2503.413348542831
1.7172	1319.589445164616	2505.6403650155808
1.7182	1320.5854853127576	2507.8679621023493
1.7192	1321.5805343020543	2510.0961388889755
1.7202	1322.5745910743674	2512.324894461743
1.7212	1323.5676545732958	2514.5542279073857
1.7222	1324.559723744174	2516.7841383130817
1.7232	1325.5507975340736	2519.0146247664593
1.7242	1326.5408748917991	2521.245686355593
1.7252	1327.5299547678908	2523.4773221690075
1.7262	1328.51803611462	2525.709531295673
1.7272	1329.505117885991	2527.942312825011
1.7282	1330.4911990377395	2530.1756658468894
1.7292	1331.4762785273313	2532.4095894516277
1.7302	1332.4603553139602	2534.644082729992
1.7312	1333.4434283585501	2536.8791447732
1.7322	1334.4254966237513	2539.114774672918
1.7332	1335.406559073941	2541.350971521262
1.7342	1336.3866146752218	2543.587734410799
1.7352	1337.3656623954214	2545.8250624345455
1.7362	1338.343701204091	2548.0629546859686
1.7372	1339.320730072505	2550.3014102589877
1.7382	1340.2967479736587	2552.5404282479703
1.7392	1341.2717538822703	2554.780007747738
1.7402	1342.2457467747765	2557.0201478535623
1.7412	1343.2187256293337	2559.2608476611663
1.7422	1344.1906894258166	2561.5021062667247
1.7432	1345.1616371458174	2563.7439227668656
1.7442	1346.1315677726445	2565.9862962586676
1.7452	1347.1004802913226	2568.2292258396637
1.7462	1348.0683736885887	2570.472710607837
1.7472	1349.0352469528966	2572.716749661626
1.7482	1350.0010990744104	2574.961342099921
1.7492	1350.9659290450072	2577.2064870220656
1.7502	1351.929735858274	2579.452183527856
1.7512	1352.8925185095088	2581.6984307175444
1.7522	1353.8542759957177	2583.9452276918346
1.7532	1354.8150073156157	2586.1925735518857
1.7542	1355.7747114696235	2588.44046739931
1.7552	1356.7333874598703	2590.688908336176
1.7562	1357.6910342901879	2592.937895465005
1.7572	1358.6476509661147	2595.187427888775
1.7582	1359.6032364948906	2597.4375047109156
1.7592	1360.5577898854592	2599.6881250353163
1.7602	1361.5113101484649	2601.939287966318
1.7612	1362.4637962962533	2604.19099260872
1.7622	1363.4152473428687	2606.4432380677754
1.7632	1364.3656623040551	2608.6960234491953
1.7642	1365.3150401972534	2610.9493478591453
1.7652	1366.2633800416013	2613.203210404248
1.7662	1367.2106808579329	2615.4576101915814
1.7672	1368.1569416687767	2617.712546328683
1.7682	1369.1021614983556	2619.968017923544
1.7692	1370.046339372585	2622.224024084615
1.7702	1370.989474319072	2624.4805639208025
1.7712	1371.9315653671163	2626.7376365414725
1.7722	1372.8726115477057	2628.995241056445
1.7732	1373.8126118935186	2631.2533765760018
1.7742	1374.751565438921	2633.5120422108794
1.7752000000000001	1375.689471219967	2635.771237072275
1.7762	1376.6263282743953	2638.0309602718426
1.7772000000000001	1377.562135641632	2640.2912109216954
1.7782	1378.4968923627862	2642.551988134405
1.7792000000000001	1379.4305974806507	2644.813291023002
1.7802	1380.3632500397011	2647.0751187009755
1.7812000000000001	1381.2948490860947	2649.3374702822757
1.7822	1382.2253936676682	2651.600344881309
1.7832000000000001	1383.1548828339396	2653.863741612945
1.7842	1384.083315636104	2656.12765959251
1.7852000000000001	1385.0106911270354	2658.3920979357927
1.7862	1385.9370083612835	2660.6570557590394
1.7872000000000001	1386.8622663950741	2662.922532178958
1.7882	1387.786464286308	2665.1885263127165
1.7892000000000001	1388.7096010945597	2667.4550372779436
1.7902	1389.6316758810767	2669.722064192729
1.7912000000000001	1390.5526877087782	2671.9896061756226
1.7922	1391.4726356422539	2674.2576623456353
1.7932	1392.391518747764	2676.5262318222403
1.7942	1393.3093360932373	2678.795313725371
1.7952	1394.2260867482712	2681.0649071754233
1.7962	1395.1417697841298	2683.3350112932544
1.7972	1396.0563842737427	2685.6056252001817
1.7982	1396.9699292917055	2687.876748017988
1.7992	1397.882403914277	2690.148378868915
1.8002	1398.7938072193797	2692.420516875669
1.8012	1399.7041382865978	2694.693161161416
1.8022	1400.613396197178	2696.966310849789
1.8032	1401.5215800340252	2699.2399650648786
1.8042	1402.4286888817048	2701.5141229312426
1.8052	1403.3347218264403	2703.788783573899
1.8062	1404.2396779561122	2706.063946118331
1.8072	1405.1435563602572	2708.3396096904835
1.8082	1406.0463561300678	2710.6157734167664
1.8092	1406.9480763583902	2712.892436424052
1.8102	1407.8487161397243	2715.1695978396774
1.8112	1408.748274570222	2717.447256791442
1.8122	1409.6467507476875	2719.725412407613
1.8132	1410.544143771574	2722.0040638169166
1.8142	1411.440452742985	2724.2832101485474
1.8152	1412.335676764672	2726.5628505321624
1.8162	1413.2298149410346	2728.842984097885
1.8172	1414.1228663781176	2731.1236099763014
1.8182	1415.0148301836127	2733.404727298465
1.8192	1415.9057054668547	2735.6863351958914
1.8202	1416.7954913388228	2737.9684328005646
1.8212	1417.684186912138	2740.2510192449317
1.8222	1418.5717913010635	2742.534093661906
1.8232	1419.4583036215022	2744.8176551848655
1.8242	1420.3437229909973	2747.101702947656
1.8252	1421.2280485287295	2749.3862360845874
1.8262	1422.1112793555178	2751.671253730436
1.8272	1422.9934145938178	2753.9567550204447
1.8282	1423.8744533677198	2756.2427390903226
1.8292	1424.754394802949	2758.5292050762446
1.8302	1425.6332380268645	2760.8161521148527
1.8312	1426.5109821684573	2763.1035793432548
1.8322	1427.3876263583506	2765.3914858990274
1.8332	1428.2631697287975	2767.6798709202117
1.8342	1429.1376114136808	2769.968733545317
1.8352	1430.010950548512	2772.2580729133197
1.8362	1430.8831862704299	2774.5478881636636
1.8372	1431.7543177182	2776.8381784362596
1.8382	1432.624344032213	2779.1289428714867
1.8392	1433.4932643544842	2781.42018061019
1.8402	1434.361077828653	2783.711890793685
1.8412	1435.2277835999803	2786.004072563753
1.8422	1436.0933808153493	2788.296725062644
1.8432	1436.9578686232633	2790.589847433075
1.8442	1437.8212461738453	2792.883438818234
1.8452	1438.6835126188362	2795.177498361774
1.8462	1439.5446671115951	2797.472025207819
1.8472	1440.4047088070972	2799.7670185009606
1.8482	1441.2636368619333	2802.062477386259
1.8492	1442.121450434308	2804.358401009243
1.8502	1442.9781486840407	2806.654788515912
1.8512	1443.8337307725617	2808.9516390527324
1.8522	1444.688195862914	2811.248951766641
1.8532	1445.5415431197496	2813.546725805042
1.8542	1446.393771709331	2815.8449603158124
1.8552	1447.2448807995288	2818.143654447295
1.8562	1448.0948695598206	2820.4428073483045
1.8572	1448.9437371612908	2822.7424181681245
1.8582	1449.791482776629	2825.042486056509
1.8592	1450.6381055801287	2827.343010163681
1.8602	1451.4836047476872	2829.6439896403344
1.8612	1452.327979456804	2831.9454236376323
1.8622	1453.1712288865797	2834.247311307209
1.8632	1454.0133522177148	2836.5496518011682
1.8642	1454.8543486325098	2838.852444272085
1.8652	1455.6942173148627	2841.1556878730034
1.8662	1456.5329574502694	2843.4593817574405
1.8672	1457.370568225821	2845.7635250793815
1.8682	1458.2070488302045	2848.0681169932845
1.8692	1459.0423984537008	2850.373156654077
1.8702	1459.876616288184	2852.678643217159
1.8712	1460.70970152712	2854.9845758383995
1.8722	1461.5416533655657	2857.2909536741413
1.8732	1462.3724710001682	2859.597775881196
1.8742	1463.2021536291643	2861.9050416168493
1.8752	1464.0307004523775	2864.2127500388556
1.8762	1464.858110671219	2866.520900305443
1.8772	1465.6843834886859	2868.8294915753095
1.8782	1466.5095181093598	2871.138523007627
1.8792	1467.3335137394065	2873.447993762037
1.8802	1468.1563695865748	2875.7579029986555
1.8812	1468.978084860195	2878.068249878067
1.8822	1469.7986587711782	2880.379033561332
1.8832	1470.6180905320155	2882.69025320998
1.8842	1471.4363793567768	2885.0019079860153
1.8852	1472.253524461109	2887.313997051913
1.8862	1473.0695250622368	2889.626519570621
1.8872	1473.8843803789591	2891.9394747055594
1.8882	1474.698089631651	2894.2528616206228
1.8892	1475.51065204226	2896.566679480176
1.8902	1476.3220668343067	2898.880927449058
1.8912	1477.132333232883	2901.1956046925807
1.8922	1477.9414504646513	2903.510710376529
1.8932	1478.7494177578435	2905.8262436671594
1.8942	1479.5562343422598	2908.1422037312036
1.8952	1480.3618994492679	2910.458589735865
1.8962	1481.1664123118019	2912.775400848822
1.8972	1481.969772164361	2915.0926362382233
1.8982	1482.7719782430092	2917.4102950726947
1.8992	1483.5730297853727	2919.728376521332
1.9002000000000001	1484.372926030641	2922.0468797537083
1.9012	1485.171666219564	2924.3658039398665
1.9022000000000001	1485.9692495944523	2926.685148250326
1.9032	1486.765675399175	2929.0049118560796
1.9042000000000001	1487.5609428791602	2931.325093928593
1.9052	1488.355051281391	2933.645693639806
1.9062000000000001	1489.1479998544091	2935.966710162133
1.9072	1489.9397878483092	2938.2881426684626
1.9082000000000001	1490.7304145147407	2940.609990332157
1.9092	1491.5198791069054	2942.9322523270525
1.9102000000000001	1492.3081808795575	2945.254927827461
1.9112	1493.0953190890016	2947.5780160081663
1.9122000000000001	1493.8812929930918	2949.9015160444296
1.9132	1494.6661018512316	2952.2254271119846
1.9142000000000001	1495.4497449243713	2954.5497483870404
1.9152	1496.232221475008	2956.8744790462792
1.9162000000000001	1497.0135307671849	2959.1996182668604
1.9172	1497.7936720664886	2961.5251652264164
1.9182000000000001	1498.5726446400508	2963.8511191030557
1.9192	1499.3504477565439	2966.1774790753593
1.9202	1500.1270806861828	2968.504244322386
1.9212	1500.9028039199436	2970.831414023668
1.9222	1501.6786617437617	2973.1589874951223
1.9232	1502.4546541109585	2975.486964596713
1.9242	1503.230780974895	2977.815345188522
1.9252	1504.0070422889728	2980.1441291307556
1.9262	1504.7834380066338	2982.4733162837388
1.9272	1505.5599680813607	2984.80290650792
1.9282	1506.3366324666758	2987.1328996638654
1.9292	1507.113431116142	2989.463295612264
1.9302	1507.890363983362	2991.794094213924
1.9312	1508.6674310219787	2994.125295329774
1.9322	1509.4446321856747	2996.456898820862
1.9332	1510.2219674281735	2998.788904548358
1.9342	1510.9994367032368	3001.1213123735483
1.9352	1511.7770399646686	3003.454122157843
1.9362	1512.5547771663098	3005.7873337627666
1.9372	1513.3326482620437	3008.120947049968
1.9382	1514.110653205791	3010.4549618812102
1.9392	1514.888791951514	3012.789378118379
1.9402	1515.6670644532132	3015.124195623476
1.9412	1516.4454706649292	3017.4594142586247
1.9422	1517.2240105407418	3019.7950338860624
1.9432	1518.0026840347707	3022.1310543681493
1.9442	1518.781491101174	3024.4674755673595
1.9452	1519.5604316941506	3026.8042973462893
1.9462	1520.3395057679368	3029.141519567648
1.9472	1521.1187132768098	3031.479142094267
1.9482	1521.8980541750843	3033.817164789091
1.9492	1522.677528417116	3036.1555875151857
1.9502	1523.4571359572976	3038.4944101357305
1.9512	1524.2368767500627	3040.8336325140253
1.9522	1525.0167507498818	3043.1732545134832
1.9532	1525.7967579112665	3045.5132759976364
1.9542	1526.576898188765	3047.8536968301323
1.9552	1527.357171536966	3050.194516874735
1.9562	1528.137577910496	3052.5357359953255
1.9572	1528.91811726402	3054.8773540558986
1.9582	1529.6987895522432	3057.219370920567
1.9592	1530.479594729907	3059.5617864535584
1.9602	1531.2605327517927	3061.904600519216
1.9612	1532.04160357272	3064.2478129819983
1.9622	1532.8228071475467	3066.591423706478
1.9632	1533.6041434311694	3068.935432557346
1.9642	1534.3856123785217	3071.279839399403
1.9652	1535.1672139445773	3073.6246440975697
1.9662	1535.9489480843465	3075.9698465168776
1.9672	1536.730814752879	3078.315446522475
1.9682	1537.5128139052615	3080.6614439796226
1.9692	1538.2949454966194	3083.0078387536964
1.9702	1539.0772094821157	3085.3546307101856
1.9712	1539.859605816952	3087.701819714694
1.9722	1540.6421344563666	3090.049405632938
1.9732	1541.424795355637	3092.397388330749
1.9742	1542.207588470077	3094.74576767407
1.9752	1542.99051375504	3097.094543528958
1.9762	1543.7735711659147	3099.443715761583
1.9772	1544.5567606581299	3101.7932842382284
1.9782	1545.3400821871503	3104.143248825289
1.9792	1546.1235357084784	3106.4936093892734
1.9802	1546.9071211776545	3108.844365796802
1.9812	1547.6908385502566	3111.1955179146075
1.9822	1548.4746877818989	3113.5470656095345
1.9832	1549.2586688282342	3115.899008748541
1.9842	1550.0427816449521	3118.251347198694
1.9852	1550.8270261877792	3120.6040808271755
1.9862	1551.6114024124795	3122.9572095012763
1.9872	1552.395910274854	3125.3107330884
1.9882	1553.1805497307412	3127.6646514560607
1.9892	1553.9653207360157	3130.018964471885
1.9902	1554.75022324659	3132.373672003607
1.9912	1555.5352572184129	3134.7287739190765
1.9922	1556.3204226074704	3137.084270086249
1.9932	1557.1057193697857	3139.4401603731944
1.9942	1557.8911474614174	3141.79644464809
1.9952	1558.6767068384625	3144.153122779225
1.9962	1559.4623974570538	3146.5101946349987
1.9972	1560.2482192733605	3148.867660083919
1.9982	1561.034172243589	3151.2255189946036
1.9992	1561.8202563239818	3153.583771235782
2.0002	1562.606471470818	3155.9424166762906
2.0012	1563.3928176404129	3158.3014551850756
2.0022	1564.1792947891195	3160.6608866311954
2.0032	1564.9659028733247	3163.0207108838113
2.0042	1565.752641849454	3165.3809278121985
2.0052	1566.5395116739676	3167.7415372857395
2.0062	1567.3265123033632	3170.1025391739263
2.0072	1568.113643694173	3172.463933346356
2.0082	1568.9009058029671	3174.8257196727373
2.0092	1569.68829858635	3177.187898022886
2.0102	1570.4758220009635	3179.550468266727
2.0112	1571.2634760034844	3181.9134302742896
2.0122	1572.051260550626	3184.276783915714
2.0132	1572.839175599137	3186.6405290612474
2.0142	1573.6272211058028	3189.0046655812453
2.0152	1574.4153970274433	3191.369193346167
2.0162	1575.2037033209147	3193.734112226581
2.0172	1575.9921399431094	3196.0994220931652
2.0182	1576.7807068509549	3198.4651228167018
2.0192	1577.5694040014137	3200.831214268078
2.0202	1578.3582313514848	3203.197696318291
2.0212	1579.147188858202	3205.564568838443
2.0222	1579.9362764786356	3207.9318316997433
2.0232	1580.7254941698895	3210.299484773505
2.0242	1581.5148418891044	3212.6675279311494
2.0252	1582.3043195934558	3215.0359610442033
2.0262000000000002	1583.093927240155	3217.4047839843
2.0272	1583.8836647864464	3219.773996623175
2.0282	1584.6735321896126	3222.1435988326734
2.0292	1585.4635294069694	3224.5135904847434
2.0302000000000002	1586.253656395868	3226.8839714514393
2.0312	1587.0439131136945	3229.2547416049188
2.0322	1587.83429951787	3231.625900817446
2.0332	1588.6248155658513	3233.9974489613896
2.0342000000000002	1589.4154612151294	3236.3693859092245
2.0352	1590.2062364232295	3238.7417115335247
2.0362	1590.997141147713	3241.114425706975
2.0372	1591.7881753461747	3243.4875283023603
2.0382000000000002	1592.5793389762453	3245.8610191925723
2.0392	1593.370631995589	3248.2348982506032
2.0402	1594.1620543619051	3250.609165349552
2.0412	1594.9536060329278	3252.98382036262
2.0422000000000002	1595.7452869664257	3255.3588631631133
2.0432	1596.5370971202012	3257.7342936244395
2.0442	1597.3290364520915	3260.1101116201103
2.0452	1598.1211049199685	3262.4863170237413
2.0462000000000002	1598.9133024817388	3264.8629097090516
2.0472	1599.7056290953415	3267.23988954986
2.0482	1600.498084718752	3269.617256420091
2.0492	1601.2906693099783	3271.9950101937707