4.00000001e-15	6.302945748716805e-26	4.351707029680875e-12
4.73000011e-15	6.302945614818121e-25	4.385181901361303e-12
4.7599999e-15	6.302945614818122e-24	4.407498337424682e-12
4.91000012e-15	6.302945960723054e-23	4.546975920553448e-12
6.99000006e-15	7.551104552555234e-22	6.471769917429146e-12
9.89999996e-15	8.736777248382057e-21	9.149743617496096e-12
2.71999999e-14	1.0609016168266013e-19	2.5161794911850037e-11
1.27e-13	3.632001829948672e-18	1.1827716915866996e-10
6.93000019e-13	1.185672907833073e-16	6.415978632001786e-10
6.29500011e-12	6.08078550546753e-15	5.824592948002679e-9
1.58099991e-11	3.1003124302611025e-14	1.4628431042178087e-8
3.97200016e-11	1.517072015175184e-13	3.6749608457933496e-8
9.97599989e-11	7.182883240348137e-13	9.22785101539835e-8
2.50600013e-10	3.286319950903816e-12	2.318678910957376e-7
6.29399977e-10	1.4465520754295918e-11	5.824592479357286e-7
1.581e-9	6.08770373800491e-11	1.4628431488507032e-6
3.97200006e-9	2.44063831733988e-10	3.6755189243472444e-6
4.99999997e-9	3.281968243695604e-10	4.626757397902255e-6
9.97599958e-9	8.955255713010489e-10	9.233429602767239e-6
1.98999999e-8	2.3919883842892214e-9	0.000018422227181432718
3.97199997e-8	6.278062742691364e-9	0.00003676076869002455
7.9240003e-8	1.6250836532024102e-8	0.00007336532325373801
1.58099994e-7	4.16625735326936e-8	0.00014639588819459942
1.98999999e-7	5.453023833965633e-8	0.00018433386074536936
3.15499989e-7	1.0165922706985048e-7	0.00029217806962731534
4.99999999e-7	1.8903147176969427e-7	0.00046312206427136807
6.29400006e-7	2.5767685114929705e-7	0.0005830171702744923
7.92399987e-7	3.1427137022985945e-7	0.0007342111002008481
9.97599955e-7	4.2810757754965417e-7	0.000924458816112475
1.58099999e-6	7.937960432939077e-7	0.0014650748047310871
2.5060001e-6	1.4703190805623745e-6	0.002323142055344789
3.97199983e-6	2.7221601762999334e-6	0.003682771814327159
4.99999987e-6	3.533363099754519e-6	0.0046373577214907395
6.29399983e-6	4.806516235215354e-6	0.005835750937290783
7.92399987e-6	6.540169783530463e-6	0.007353269471100201
9.976e-6	8.892769939745593e-6	0.00925574675295693
0.00001256	0.000012094398348582906	0.011660343673287213
0.0000158099992	0.000015620397121178308	0.014678642936844455
0.0000199000006	0.00002124302644498996	0.018483597411292123
0.0000250600006	0.000028880830841330063	0.02327605434054899
0.0000315500001	0.00003712564126311091	0.02931265286766347
0.0000397199983	0.00005047980272260657	0.03691698437848694
0.0000499999987	0.0000686465036822138	0.046485161459495654
0.000062940002	0.00009329613847355502	0.058524884735550106
0.0000792400024	0.00012686900357063158	0.07375585817897791
0.00009976	0.00016207320464182103	0.09283642021870118
0.000110499997	0.00018047310421780854	0.10287881834411962
0.000125599996	0.00020531130997545192	0.1169381856728409
0.000158099996	0.0002791452756081232	0.14728854831510826
0.000199000002	0.0003629546942646731	0.18550547199285877
0.0002	0.0003650583071244091	0.1864427078218159
0.0012000000000000001	0.0013466049411602658	1.1275971610957916
0.0022	0.002455108305668602	2.0687210373335083
0.0032	0.003812223176184099	3.010410550403603
0.0042	0.00538453801925565	3.9525640867652974
0.0052	0.007134838681918645	4.895111985067526
0.0062	0.009044443181747304	5.8380104901013175
0.0072	0.011099364315429313	6.781227311407052
0.0082	0.013288901261313737	7.724737450537292
0.009200000000000002	0.015604610713678623	8.668520813741077
0.0102	0.01803693498418159	9.612558595061211
0.0112	0.02052699933924177	10.556731108476866
0.0122	0.023128211453237582	11.501126082757821
0.013200000000000002	0.025836290714735335	12.445734379458854
0.0142	0.028647630957751413	13.390547922699444
0.0152	0.03155907344973037	14.335559521755492
0.0162	0.03456765541711576	15.280762725673945
0.0172	0.03767088548655512	16.226151697838926
0.0182	0.04086662575876605	17.171721136123985
0.0192	0.04415302007241886	18.11746620411349
0.0202	0.047528428951747276	19.063382472937104
0.0212	0.050991390994162195	20.009465871415106
0.022199999999999998	0.054540635794764314	20.95571264376621
0.0232	0.05817498996062444	21.902119315579473
0.0242	0.061893357342207654	22.848682661588516
0.0252	0.0656947753318038	23.795399677918873
0.0262	0.06957829903781995	24.742267561044226
0.0272	0.07354301165265058	25.689283685509025
0.0282	0.07758818002934623	26.636445585264397
0.0292	0.08171322751204703	27.583750943207853
0.030199999999999998	0.0859175244753418	28.531197581282104
0.0312	0.09020043938006696	29.478783444895768
0.0322	0.09456148303072555	30.426506590947827
0.0332	0.09900020751527094	31.37436518187592
0.0342	0.10351618767495754	32.3223574773615
0.0352	0.10810904053144793	33.27048182646163
0.0362	0.11277848789485982	34.21873666117055
0.0372	0.11752422786094072	35.167120492462146
0.0382	0.12234602250038583	36.11563190326726
0.0392	0.12724369320790752	37.064269544495566
0.0402	0.13221709179946492	38.01303213134736
0.0412	0.13726607389816825	38.96191843927615
0.0422	0.14239055637969647	39.910927299684616
0.0432	0.1475904915122827	40.860057597400264
0.044199999999999996	0.15286586239887792	41.80930826778528
0.0452	0.15821671231920562	42.75867829399883
0.0462	0.16364309642282124	43.70816670516125
0.0472	0.16914513017893068	44.657772573621244
0.0482	0.17472295826666218	45.607495013485774
0.0492	0.18037667638245644	46.55733317863724
0.0502	0.18610650557351543	47.50728625929618
0.0512	0.19191269770973537	48.45735348235103
0.0522	0.19779546196839898	49.40753410982351
0.0532	0.20375521523305498	50.35782743600557
0.0542	0.20979226209293725	51.30823278957104
0.0552	0.21590701209137572	52.258749529584485
0.0562	0.2221000718303445	53.209377045752845
0.0572	0.22837215677307815	54.16011476026594
0.0582	0.23472234863723246	55.11096212813556
0.0592	0.24115068181107385	56.061918607299205
0.0602	0.24765916425542328	57.01298367446979
0.0612	0.25424893095300144	57.964156857140395
0.0622	0.2609197773297533	58.91543771685087
0.0632	0.2676704616106893	59.86682582601277
0.06420000000000001	0.27450187956388017	60.81832075089083
0.06520000000000001	0.2814181894069692	61.769922084916665
0.06620000000000001	0.28841445283586403	62.721629498333776
0.06720000000000001	0.2954954561395035	63.673442596244435
0.06820000000000001	0.3026607624879131	64.62536106695987
0.06920000000000001	0.3099102121483065	65.57738460155765
0.07020000000000001	0.3172456095174917	66.52951289757054
0.07120000000000001	0.324663816366151	67.48174568718117
0.07220000000000001	0.3321736505002481	68.4340826655273
0.0732	0.33977552767021796	69.38652365840285
0.0742	0.34745390022629535	70.33906850302473
0.0752	0.35523020870521443	71.29171682993082
0.0762	0.36310579529434384	72.24446856529183
0.0772	0.37107713322795866	73.1973236549909
0.0782	0.37919085505299044	74.15028200065817
0.0792	0.386822809692175	75.10334409613999
0.08020000000000001	0.39125835640332557	76.05650265286936
0.08120000000000001	0.39554242741895695	77.00971653813012
0.08220000000000001	0.4025425426522196	77.9629831200715
0.08320000000000001	0.41192242692065995	78.9163347944801
0.08420000000000001	0.42144617984414673	79.86979920717386
0.08520000000000001	0.4311151011887236	80.82337672785965
0.08620000000000001	0.44093050808985	81.77706773282118
0.08720000000000001	0.45089372620085355	82.73087260489224
0.0882	0.4610061038693205	83.68479173332742
0.0892	0.4712688632835087	84.63882551384572
0.0902	0.48168324935631734	85.59297434699542
0.0912	0.49225058880741807	86.5472386382435
0.0922	0.5029722004553756	87.50161879871254
0.0932	0.5138493298311363	88.45611524491298
0.0942	0.5248832179460613	89.41072839778165
0.0952	0.5360751108014462	90.3654586824928
0.09620000000000001	0.5474260819343557	91.32030652837628
0.09720000000000001	0.5589172923659009	92.27527236701306
0.09820000000000001	0.5704827007174197	93.23035642889158
0.09920000000000001	0.5821774392829309	94.18555826483362
0.10020000000000001	0.5940735954991394	95.14087799016633
0.10120000000000001	0.606225380420237	96.09631643739776
0.10220000000000001	0.6186062855940782	97.05187495963219
0.10320000000000001	0.6311574266919757	98.00755462500881
0.10420000000000001	0.6438799801481884	98.96335590922946
0.1052	0.6567751106151037	99.91927929015586
0.1062	0.6698439710331121	100.87532524763601
0.1072	0.6830877026347464	101.83149426333777
0.1082	0.6965069773110358	102.78778682058872
0.1092	0.7101008094489604	103.74420340002345
0.1102	0.723869190921194	104.700744464435
0.11120000000000001	0.7378131024830484	105.65741046812694
0.11220000000000001	0.7519335126552242	106.61420186605179
0.11320000000000001	0.7662313777624538	107.57111911368467
0.11420000000000001	0.7807076419737673	108.52816266690172
0.11520000000000001	0.7953632373442787	109.48533298186308
0.11620000000000001	0.8101990838583568	110.44263051490037
0.11720000000000001	0.8252160894740922	111.40005572240835
0.11820000000000001	0.8404151501689572	112.35760906074069
0.11920000000000001	0.855797149986554	113.31529098610964
0.1202	0.8713629610843575	114.2731019544895
0.1212	0.88711344378239	115.23104242152368
0.1222	0.9030494466127444	116.18911284243514
0.1232	0.9191718063698266	117.14731367194028
0.1242	0.9354813481613535	118.10564536416604
0.1252	0.951978885460069	119.06410837257
0.1262	0.9686652201557565	120.02270314986349
0.1272	0.985541142608075	120.98143014793752
0.1282	1.0026074316997127	121.94028981779152
0.1292	1.019864854889966	122.89928260946468
0.1302	1.0373141682687355	123.85840897196978
0.1312	1.0549561166108032	124.81766935322953
0.1322	1.0727914349802303	125.7770642000153
0.1332	1.0908208549217187	126.73659395789964
0.1342	1.1090450959406404	127.69625907125692
0.13520000000000001	1.1274648411718096	128.65605998320072
0.13620000000000002	1.1460807731558507	129.61599713534247
0.13720000000000002	1.164893571624833	130.57607096782013
0.13820000000000002	1.183903903658438	131.53628191931
0.13920000000000002	1.2031124254693357	132.4966304269669
0.14020000000000002	1.2225197824591025	133.457116926379
0.14120000000000002	1.2421266092741925	134.41774185152406
0.14220000000000002	1.2619335298619123	135.37850563472762
0.14320000000000002	1.2819411575263828	136.33940870662252
0.14420000000000002	1.3021500949844813	137.30045149611004
0.1452	1.322560934421743	138.26163443032257
0.1462	1.3431742575482417	139.2229579345876
0.1472	1.3639906356543634	140.18442243239303
0.1482	1.3850106296665343	141.14602834535395
0.1492	1.4062347902028645	142.10777609318066
0.1502	1.4276636576286825	143.06966609364773
0.1512	1.4492977621119827	144.03169876256453
0.1522	1.4711376236787477	144.99387451374676
0.1532	1.4931837522682008	145.95619375898906
0.1542	1.515436647787859	146.91865690803874
0.1552	1.5378968001685254	147.88126436857067
0.1562	1.5605646894191174	148.8440165461629
0.1572	1.5834407856813764	149.8069138442735
0.1582	1.6065255492844206	150.76995666421826
0.1592	1.629819430799188	151.7331454051492
0.1602	1.653322871776611	152.6964804640342
0.1612	1.677175870044596	153.65996223564147
0.1622	1.701914994867876	154.62359197403862
0.1632	1.7274522175486324	155.58737423087237
0.1642	1.7537878975151262	156.55131296194423
0.1652	1.7809224026802724	157.51541207706111
0.16620000000000001	1.8088561093157207	158.47967544092197
0.16720000000000002	1.8375894019289238	159.44410687398218
0.16820000000000002	1.8671226731431256	160.4087101532969
0.16920000000000002	1.8974563235801547	161.37348901334332
0.17020000000000002	1.9285907617459679	162.33844714682277
0.17120000000000002	1.9605264039188468	163.30358820544356
0.17220000000000002	1.9932636740401832	164.26891580068474
0.17320000000000002	2.026803003607765	165.2344335045414
0.17420000000000002	2.061144831571502	166.2001448502522
0.17520000000000002	2.096289604231526	167.16605333300967
0.1762	2.1322377751385826	168.13216241065362
0.1772	2.1689898049966683	169.0984755043484
0.1782	2.2065461615678323	170.0649959992439
0.1792	2.244907319579106	171.03172724512186
0.1802	2.2840737606314754	171.99867255702654
0.1812	2.324045973110861	172.96583521588133
0.1822	2.364824452101046	173.9332184690911
0.1832	2.4064096992984894	174.9008255311309
0.1842	2.4488022229289834	175.86865958412122
0.1852	2.4920025376661146	176.83672377839056
0.1862	2.5360111645514505	177.8050212330251
0.1872	2.580828630916438	178.7735550364062
0.1882	2.6264554703059617	179.74232824673638
0.1892	2.6728922224034974	180.71134389255312
0.1902	2.720139432957842	181.6806049732318
0.1912	2.7681976537113773	182.65011445947755
0.1922	2.817067442329818	183.61987529380656
0.1932	2.8667493623334037	184.58989039101664
0.1942	2.917243983029522	185.56016263864828
0.1952	2.9685518794466916	186.53069489743524
0.1962	3.020673632269903	187.50149000174602
0.19720000000000001	3.073609827777258	188.47255076001576
0.19820000000000002	3.1273610577778954	189.4438799551692
0.19920000000000002	3.1819279195511565	190.4154803450346
0.20020000000000002	3.237311015786969	191.3873546627494
0.20120000000000002	3.2935109545274095	192.3595056171569
0.20220000000000002	3.350528349109434	193.33193589319552
0.20320000000000002	3.4083638181087204	194.30464815227927
0.20420000000000002	3.467017985284625	195.2776450326711
0.20520000000000002	3.5264914795262086	196.25092914984836
0.20620000000000002	3.5867849347993075	197.22450309686084
0.20720000000000002	3.647898990094631	198.19836944468176
0.20820000000000002	3.709834289376864	199.17253074255177
0.2092	3.772591481534728	200.14698951831573
0.2102	3.8361712203320244	201.12174827875342
0.2112	3.9005741643595706	202.09680950990307
0.2122	3.965800976988075	203.07217567737902
0.2132	4.0318523263218875	204.0478492266829
0.2142	4.098728885153625	205.02383258350898
0.2152	4.166431330919626	206.0001281540433
0.2162	4.234960345656259	206.97673832525734
0.2172	4.304316615957025	207.95366546519594
0.2182	4.374500832930448	208.93091192325954
0.2192	4.4455136921587535	209.9084800304814
0.2202	4.5173558936572915	210.8863720997993
0.2212	4.590028141834696	211.86459042632217
0.2222	4.663531145453785	212.84313728759184
0.2232	4.737865617593146	213.82201494383978
0.2242	4.813032275609433	214.8012256382391
0.2252	4.889031841100323	215.78077159715193
0.2262	4.96586503986814	216.7606550303721
0.2272	5.043532601884132	217.74087813136364
0.22820000000000001	5.122035261253375	218.72144307749457
0.22920000000000001	5.201373756180307	219.70235203026678
0.23020000000000002	5.281548828934845	220.68360713554148
0.23120000000000002	5.362561225819124	221.66521052376072
0.23220000000000002	5.444411697134799	222.64716431016498
0.23320000000000002	5.527100997150922	223.62947059500664
0.23420000000000002	5.610629884072381	224.61213146376002
0.23520000000000002	5.694999120008871	225.59514898732735
0.23620000000000002	5.780209470944407	226.57852522224118
0.23720000000000002	5.8662617067073715	227.56226221086357
0.23820000000000002	5.953156600941048	228.54636198158119
0.23920000000000002	6.040894931074677	229.53082654899754
0.2402	6.129477478294995	230.5156579141216
0.2412	6.218905027518274	231.50085806455337
0.2422	6.309178367362784	232.4864289746659
0.2432	6.400298290121777	233.47237260578456
0.2442	6.492265591736885	234.45869090636307
0.2452	6.58508107177197	235.44538581215656
0.2462	6.6787455333874295	236.43245924639177
0.2472	6.773259783314891	237.41991311993422
0.2482	6.868624631832358	238.40774933145275
0.2492	6.964840892739747	239.3959697675812
0.2502	7.061909383334833	240.3845763030774
0.2512	7.15983092438959	241.37357080097965
0.2522	7.258606340126921	242.36295511276043
0.2532	7.358236458197747	243.3527310784777
0.2542	7.458722109658494	244.34290052692356
0.2552	7.56006412894893	245.33346527577086
0.2562	7.66226335387036	246.32442713171693
0.2572	7.765320625564177	247.31578789062536
0.2582	7.869236788490752	248.30754933766528
0.2592	7.974012690408663	249.29971324744855
0.2602	8.079649182354254	250.29228138416454
0.2612	8.186147118621527	251.28525550171307
0.2622	8.293507356742342	252.27863734383496
0.2632	8.401730757466927	253.27242864424056
0.2642	8.510818184744721	254.26663112673648
0.2652	8.620770505705481	255.26124650535002
0.2662	8.731588590640726	256.25627648445186
0.2672	8.843273312985415	257.2517227588766
0.2682	8.955825549299995	258.2475870140419
0.2692	9.069246179252632	259.2438709260652
0.2702	9.1835360856018	260.240576161879
0.2712	9.298696154179082	261.23770437934434
0.2722	9.414727273872266	262.23525722736235
0.2732	9.5316303366087	263.2332363459843
0.2742	9.649406237338912	264.23164336652013
0.2752	9.768055874020414	265.23047991164447
0.2762	9.887580147601867	266.22974759550243
0.2772	10.007979962007411	267.2294480238128
0.2782	10.129256224121226	268.2295827939697
0.2792	10.25140984377238	269.2301534951435
0.2802	10.374441733719863	270.2311617083793
0.2812	10.498352809637865	271.23260900669464
0.2822	10.623143990101296	272.2344969551754
0.2832	10.748816196571465	273.2368271110704
0.2842	10.875370353382039	274.2396010238846
0.2852	11.002807387725191	275.2428202354711
0.2862	11.131128229637927	276.2464862801214
0.2872	11.26033381198866	277.250600684655
0.2882	11.390425070463941	278.25516496850673
0.28919999999999996	11.521402943555442	279.26018064381384
0.29019999999999996	11.6532683725471	280.2656492155014
0.29119999999999996	11.786022301502424	281.27157218136625
0.29219999999999996	11.898056677677621	282.27795103216016
0.29319999999999996	11.919105113071074	283.2847135008197
0.29419999999999996	11.919105120793041	284.29154780714265
0.29519999999999996	11.919105136212373	285.2983821134918
0.29619999999999996	11.919105159329067	286.3052164198932
0.29719999999999996	11.919105190143128	287.3120507263726
0.29819999999999997	11.919105228654551	288.31888503295573
0.29919999999999997	11.91910527486334	289.32571933966796
0.30019999999999997	11.919105328769492	290.3325536465346
0.30119999999999997	11.919105390373009	291.3393879535808
0.30219999999999997	11.919105459673892	292.3462222608315
0.30319999999999997	11.919105536672138	293.3530565683115
0.30419999999999997	11.919105621367748	294.3598908760455
0.30519999999999997	11.919105713760723	295.3667251840579
0.30619999999999997	11.919105813851061	296.373559492373
0.3072	11.919105921638764	297.380393801015
0.3082	11.919106037123832	298.38722811000775
0.3092	11.919106160306264	299.3940624193753
0.3102	11.91910629118606	300.4008967291412
0.3112	11.91910642976322	301.407731039329
0.3122	11.919106576037745	302.41456534996206
0.3132	11.919106730009636	303.4213996610637
0.3142	11.91910689167889	304.42823397265687
0.3152	11.919107061045509	305.43506828476455
0.3162	11.919107238109492	306.44190259740964
0.3172	11.91910742287084	307.4487369106146
0.3182	11.919107615329553	308.45557122440215
0.3192	11.91910781548563	309.4624055387944
0.3202	11.91910802333907	310.4692398538138
0.3212	11.919108238889876	311.4760741694823
0.3222	11.919108462138047	312.4829084858218
0.3232	11.919108693083583	313.4897428028542
0.3242	11.919108931726482	314.4965771206012
0.3252	11.919109178066746	315.5034114390843
0.3262	11.919109432104374	316.51024575832486
0.3272	11.919109693839367	317.5170800783442
0.3282	11.919109963271726	318.5239143991634
0.3292	11.919110240401448	319.53074872080356
0.3302	11.919110525228534	320.5375830432855
0.3312	11.919110817752985	321.54441736663006
0.3322	11.9191111179748	322.5512516908579
0.3332	11.919111425893982	323.5580860159894
0.3342	11.919111741510527	324.56492034204496
0.3352	11.919112064824438	325.571754669045
0.3362	11.919112395835713	326.57858899700955
0.3372	11.919112734544354	327.58542332595863
0.3382	11.919113080950359	328.5922576559122
0.3392	11.919113435053728	329.59909198689
0.3402	11.919113796854461	330.60592631891177
0.3412	11.919114166352562	331.612760651997
0.3422	11.919114543548027	332.61959498616517
0.3432	11.919114928440855	333.6264293214356
0.3442	11.919115321031049	334.63326365782746
0.3452	11.91911572131861	335.6400979953599
0.3462	11.919116129303534	336.64693233405194
0.3472	11.919116544985823	337.65376667392246
0.3482	11.919116968365477	338.66060101499016
0.3492	11.919117399442499	339.66743535727375
0.3502	11.919117838216883	340.6742697007918
0.3512	11.919118284688633	341.6811040455628
0.35219999999999996	11.919118738857748	342.68793839160503
0.35319999999999996	11.919119200724229	343.6947727389368
0.35419999999999996	11.919119670288074	344.7016070875763
0.35519999999999996	11.919120147549284	345.7084414375414
0.35619999999999996	11.919120632507862	346.71527578885014
0.35719999999999996	11.919121125163803	347.72211014152043
0.35819999999999996	11.919121625517109	348.72894449556986
0.35919999999999996	11.91912213356778	349.73577885101616
0.36019999999999996	11.919122649315819	350.74261320787684
0.36119999999999997	11.919123172761221	351.7494475661693
0.36219999999999997	11.91912370390399	352.756281925911
0.36319999999999997	11.919124242744125	353.76311628711915
0.36419999999999997	11.919124789281625	354.7699506498108
0.36519999999999997	11.91912534351649	355.7767850140031
0.36619999999999997	11.919125905448722	356.7836193797131
0.36719999999999997	11.919126475078317	357.79045374695755
0.36819999999999997	11.919127052405278	358.79728811575325
0.3692	11.919127637429607	359.8041224861169
0.3702	11.9191282301513	360.81095685806514
0.3712	11.919128830570358	361.8177912316145
0.3722	11.919129438686785	362.8246256067813
0.3732	11.919130054500576	363.8314599835819
0.3742	11.919130678011731	364.8382943620326
0.3752	11.919131309220255	365.8451287421496
0.3762	11.919131948126143	366.85196312394896
0.3772	11.9191325947294	367.8587975074466
0.3782	11.91913324903002	368.8656318926584
0.3792	11.919133911028005	369.87246627960025
0.3802	11.919134580723359	370.87930066828784
0.3812	11.919135258116077	371.8861350587369
0.3822	11.919135943206161	372.89296945096294
0.3832	11.919136635993613	373.8998038449815
0.3842	11.91913733647843	374.90663824080787
0.3852	11.919138044660615	375.9134726384575
0.3862	11.919138760540164	376.9203070379456
0.3872	11.91913948411708	377.92714143928737
0.3882	11.919140215391364	378.93397584249783
0.3892	11.919140954363012	379.9408102475921
0.3902	11.919141701032029	380.947644654585
0.3912	11.91914245539841	381.95447906349153
0.3922	11.91914321746216	382.96131347432635
0.3932	11.919143987223276	383.9681478871042
0.3942	11.919144764681757	384.9749823018397
0.3952	11.919145549837607	385.98181671854746
0.3962	11.919146342690821	386.98865113724196
0.3972	11.919147143241405	387.9954855579376
0.3982	11.919147951489354	389.00231998064874
0.3992	11.91914876743467	390.0091544053896
0.4002	11.919149591077353	391.0159888321744
0.4012	11.919150422417404	392.02282326101727
0.4022	11.91915126145482	393.02965769193224
0.4032	11.919152108189605	394.0364921249334
0.4042	11.919152962621755	395.04332656003453
0.4052	11.919153824751275	396.0501609972495
0.4062	11.91915469457816	397.0569954365922
0.4072	11.919155572102413	398.06382987807626
0.4082	11.919156457324032	399.07066432171536
0.4092	11.91915735024302	400.077498767523
0.4102	11.919158250859374	401.08433321551286
0.4112	11.919159159173097	402.09116766569815
0.4122	11.919160075184184	403.09800211809244
0.4132	11.919160998892641	404.1048365727089
0.4142	11.919161930298465	405.11167102956085
0.4152	11.919162869401656	406.1185054886615
0.4162	11.919163816202214	407.125339950024
0.41719999999999996	11.919164770700142	408.1321744136613
0.41819999999999996	11.919165732895438	409.13900887958647
0.41919999999999996	11.9191667027881	410.14584334781244
0.42019999999999996	11.91916768037813	411.1526778183521
0.42119999999999996	11.919168665665527	412.1595122912182
0.42219999999999996	11.919169658650294	413.16634676642366
0.42319999999999997	11.91920582095704	414.17318124398093
0.42419999999999997	11.968123771481869	415.18001580683114
0.42519999999999997	12.212200090429485	416.18696547152643
0.42619999999999997	12.45724577465755	417.1944891629632
0.42719999999999997	12.703261996560714	418.20258780873127
0.42819999999999997	12.950249930435346	419.21126233482227
0.42919999999999997	13.19821075247808	420.22051366564506
0.43019999999999997	13.447145640784477	421.23034272404146
0.43119999999999997	13.697055775347586	422.2407504313014
0.4322	13.947899543308734	423.25173770717834
0.4332	14.199491422634269	424.26330537107066
0.4342	14.451770391019442	425.2754538102173
0.4352	14.704737132364931	426.288183269468
0.4362	14.958392331076897	427.3014939941185
0.4372	15.212736672067544	428.3153862299092
0.4382	15.467770840755536	429.3298602230228
0.4392	15.723495523066461	430.34491622008244
0.4402	15.979911405433352	431.3605544681501
0.4412	16.23701917479713	432.3767752147246
0.4422	16.494819518607116	433.39357870773983
0.4432	16.75331312482144	434.4109651955629
0.4442	17.012500681907586	435.42893492699227
0.4452	17.27238287884284	436.4474881512563
0.4462	17.532960405114764	437.4666251180113
0.4472	17.79423395072165	438.48634607733953
0.4482	18.056204206173	439.5066512797479
0.4492	18.318871862490056	440.5275409761663
0.4502	18.582237611206185	441.5490154179454
0.4512	18.846302144367414	442.57107485685555
0.4522	19.11106615453286	443.59371954508475
0.4532	19.376530334775218	444.61694973523714
0.4542	19.642695378681267	445.6407656803316
0.4552	19.90956198035228	446.6651676337996
0.4562	20.177130834404533	447.6901558494843
0.4572	20.445402635969753	448.71573058163835
0.4582	20.714378080695624	449.7418920849227
0.4592	20.984057864746177	450.7686406144049
0.4602	21.254442684802374	451.7959764255576
0.4612	21.52553323806248	452.8238997742572
0.4622	21.797330222242593	453.8524109167821
0.4632	22.069834335577035	454.8815101098112
0.4642	22.343046276818924	455.9111976104227
0.4652	22.61696674524055	456.9414736760923
0.4662	22.89159644063391	457.9723385646921
0.4672	23.16693606331111	459.0037925344888
0.4682	23.44298631410489	460.03583584414264
0.4692	23.71974789436904	461.06846875270566
0.4702	23.997221505978917	462.1016915196206
0.4712	24.27540785133188	463.13550440471926
0.4722	24.554307633347747	464.1699076682213
0.4732	24.833921555469278	465.20490157073283
0.4742	25.11425032166261	466.24048637324495
0.4752	25.39529463641781	467.2766623371328
0.4762	25.6770552047492	468.31342972415365
0.4772	25.95953273219594	469.3507887964461
0.4782	26.242727924822418	470.3887398165285
0.4792	26.526641489218786	471.427283047298
0.48019999999999996	26.811274132501328	472.46641875202863
0.48119999999999996	27.096626562313034	473.50614719437084
0.48219999999999996	27.382699486823935	474.5464686383496
0.48319999999999996	27.66949361473169	475.5873833483636
0.48419999999999996	27.957009655261945	476.6288915891836
0.48519999999999996	28.245248318168905	477.6709936259517
0.48619999999999997	28.534210313735652	478.7136897241798
0.48719999999999997	28.823896352774746	479.7569801497484
0.48819999999999997	29.114307146628622	480.8008651689057
0.48919999999999997	29.405443407170047	481.84534504826615
0.49019999999999997	29.69730584680256	482.8904200548092
0.49119999999999997	29.98989517846103	483.9360904558787
0.49219999999999997	30.283212115611992	484.98235651918094
0.49319999999999997	30.577257372254195	486.0292185127843
0.4942	30.872031662919024	487.07667670511773
0.4952	31.16753570267096	488.1247313649696
0.4962	31.463770207108077	489.1733827614867
0.4972	31.760735892362455	490.2226311641733
0.4982	32.05843347510064	491.2724768428897
0.4992	32.35686367252416	492.3229200678515
0.5002	32.65619099808428	493.37396110962845
0.5012	32.95740593370041	494.4256005660807
0.5022	33.26184837949991	495.47784100836384
0.5032	33.56952335400166	496.5306876665179
0.5042	33.88043591809219	497.584145759769
0.5052	34.19459117494416	498.63822049667743
0.5062	34.51199426993692	499.69291707528527
0.5072	34.83265039057845	500.74824068326143
0.5082	35.15656476642929	501.8041964980467
0.5092	35.48374266902798	502.8607896869963
0.5102	35.81418941181834	503.9180254075223
0.5112	36.14791035007826	504.97590880723374
0.5122	36.48491088085025	506.03444502407626
0.5132	36.82519644287358	507.09363918647017
0.5142	37.16877251651804	508.15349641344744
0.5152	37.515644623719254	509.2140218147873
0.5162	37.86581832791567	510.27522049115095
0.5172	38.21929923398698	511.3370975342148
0.5182	38.57609298819428	512.399658026803
0.5192	38.936205278121584	513.462907043018
0.5202	39.29964183261886	514.5268496483711
0.5212	39.66640842174682	515.5914908999113
0.5222	40.03651085672286	516.6568358463524
0.5232	40.40995498986874	517.7228895282004
0.5242	40.78674671455952	518.7896569778791
0.5252	41.16689196517414	519.8571432198542
0.5262	41.5503967170473	520.9253532707571
0.5272	41.93726698642285	521.9942921395078
0.5282	42.32750883040835	523.0639648274354
0.5292	42.72112834693152	524.1343763283995
0.5302	43.11813167469754	525.2055316289095
0.5312	43.51852499314798	526.2774357082426
0.5322	43.92231452242103	527.3500935385616
0.5332	44.32950652331322	528.423510085032
0.5342	44.74010729724221	529.4976903059369
0.5352	45.15412318621101	530.5726391527918
0.5362	45.571560572773656	531.6483615704589
0.5372	45.992425880001925	532.7248624972592
0.5382	46.4167255714535	533.8021468650851
0.5392	46.84446615114139	534.8802195995111
0.5402	47.27565416350456	535.9590856199039
0.5412	47.7102961933799	537.0387498395323
0.5422	48.14839886597519	538.1192171656749
0.5432	48.58996884684366	539.2004924997279
0.5442	49.035012841859526	540.2825807373125
0.5452	49.48353759719474	541.3654867683799
0.5462	49.935549899296966	542.4492154773169
0.5472	50.39105657486886	543.5337717430502
0.5482	50.85006449084831	544.6191604391499
0.5492	51.31258055439003	545.7053864339322
0.5502	51.77861171284819	546.7924545905609
0.5512	52.24816495376019	547.8803697671491
0.5522	52.72124730483181	548.9691368168598
0.5532	53.197865833923046	550.0587605880046
0.5542	53.678027649035414	551.1492459241434
0.5552	54.16173989830041	552.2405976641826
0.5562	54.64900976996854	553.3328206424715
0.5572	55.13984449240035	554.4259196889004
0.5582	55.63425133405756	555.5198996289957
0.5592	56.13223760349593	556.6147652840154
0.5602	56.63381064935889	557.7105214710438
0.5612	57.138977860372464	558.807173003085
0.5622	57.64774666534103	559.9047246891572
0.5632	58.160124533144064	561.0031813343837
0.5642	58.67611897273431	562.1025477400863
0.5652	59.19573753313643	563.2028287038754
0.5662	59.71898780344713	564.3040290197413
0.5672	60.24587741283606	565.4061534781439
0.5682	60.776414030547855	566.5092068661021
0.5692	61.31060536590479	567.6131939672822
0.5702	61.848459168311194	568.7181195620866
0.5712	62.389983227257915	569.8239884277406
0.5722	62.93518537232853	570.9308053383796
0.5732	63.48407347320595	572.0385750651354
0.5742	64.03665543968057	573.147302376222
0.5752	64.59293922165861	574.2569920370202
0.5762	65.15293280917204	575.3676488101622
0.5771999999999999	65.71664423238941	576.4792774556164
0.5781999999999999	66.28408156162715	577.5918827307698
0.5791999999999999	66.85525290736214	578.7054693905113
0.5801999999999999	67.43016642024517	579.8200421873136
0.5811999999999999	68.00883029111539	580.9356058713154
0.5821999999999999	68.59125275101523	582.0521651904023
0.5831999999999999	69.17744207120688	583.1697248902876
0.5841999999999999	69.76740656318924	584.2882897145926
0.5851999999999999	70.36115457871564	585.4078644049254
0.5861999999999999	70.95869450981299	586.5284537009613
0.5871999999999999	71.56003478880106	587.6500623405204
0.5882	72.16518388831348	588.772695059646
0.5892	72.77415032131874	589.8963565926823
0.5902	73.3869426411427	591.0210516723512
0.5912	74.00356944149178	592.1467850298294
0.5922	74.62403935647662	593.273561394824
0.5932	75.24836106063738	594.4013854956489
0.5942	75.8765432689689	595.5302620592992
0.5952	76.5085947369476	596.6601958115263
0.5962	77.14452426055848	597.7911914769122
0.5972	77.78434067632358	598.9232537789436
0.5982	78.42805286133063	600.0563874400847
0.5992	79.07566973326307	601.1905971818504
0.6002	79.72720025043051	602.3258877248791
0.6012	80.3826534118001	603.4622637890042
0.6022	81.04203825702879	604.5997300933261
0.6032	81.70536386649631	605.7382913562838
0.6042	82.37263936133878	606.8779522957245
0.6052	83.04387390348353	608.0187176289755
0.6062	83.71907669568422	609.1605920729131
0.6072	84.39825698155703	610.3035803440325
0.6082	85.08142404561742	611.4476871585169
0.6092	85.76858721331817	612.592917232307
0.6102	86.45975585108717	613.7392752811677
0.6112	87.15493936636724	614.8867660207583
0.6122	87.85414720765553	616.0353941666982
0.6132	88.55738886454456	617.1851644346356
0.6142	89.26467386776342	618.3360815403131
0.6152	89.97601178922012	619.4881501996355
0.6162	90.69141224204435	620.6413751287349
0.6172	91.41088488063124	621.7957610440371
0.6182	92.1344394006857	622.9513126623268
0.6192	92.86208553926741	624.1080347008126
0.6202	93.59383307483687	625.2659318771919
0.6212	94.32969182730182	626.4250089097153
0.6222	95.0696716580646	627.5852705172507
0.6232	95.81378247006995	628.7467214193465
0.6242	96.56203420785388	629.9093663362956
0.6252	97.31443685759324	631.0732099891986
0.6262	98.07100044715521	632.2382571000255
0.6272	98.83173504614902	633.4045123916793
0.6282	99.59665076597669	634.5719805880574
0.6292	100.36575775988543	635.7406664141133
0.6302	101.13906622302096	636.9105745959189
0.6312	101.91658639248054	638.0817098607245
0.6322	102.69832854736751	639.2540769370204
0.6332	103.4843030088463	640.4276805545975
0.6342	104.27452014019795	641.6025254446072
0.6352	105.06899034687629	642.7786163396214
0.6362	105.86772407656551	643.9559579736929
0.6372	106.67073181923695	645.1345550824134
0.6382	107.4780241072082	646.314412402974
0.6392	108.28961151520176	647.4955346742233
0.6402	109.10550466040466	648.6779266367263
0.6412	109.92571420252885	649.861593032822
0.6422	110.75025084387231	651.0465386066827
0.6432	111.57912532938046	652.2327681043704
0.6442	112.41234844670868	653.4202862738952
0.6452	113.24993102628495	654.6090978652719
0.6462	114.09188394137382	655.7992076305776
0.6472	114.93821810814039	656.990620324008
0.6482	115.78894448571528	658.1833407019338
0.6492	116.64407407625997	659.3773735229572
0.6502	117.50361792503348	660.5727235479679
0.6512	118.36758712045855	661.7693955401985
0.6522	119.23599279418943	662.9673942652802
0.6532	120.10884612117981	664.1667244912978
0.6542	120.98615831975168	665.3673909888455
0.6552	121.86794065166454	666.5693985310807
0.6562	122.75420442218538	667.772751893779
0.6572	123.64496098015915	668.9774558553885
0.6582	124.54022171808035	670.1835151970843
0.6592	125.4399980721643	671.3909347028216
0.6602	126.34430152241995	672.5997191593899
0.6612	127.25314359272305	673.8098733564665
0.6622	128.16653585088943	675.0214020866694
0.6632	129.0844899087496	676.2343101456105
0.6642	130.0070174222235	677.4486023319486
0.6652	130.93413009139616	678.6642834474417
0.6662	131.8658396605938	679.8813582969998
0.6672	132.8021579184603	681.0998316887367
0.6682	133.74309669803492	682.3197084340221
0.6692	134.68866787682995	683.5409933475338
0.6702	135.63888337690955	684.763691247309
0.6712	136.59359384836526	685.9878069547956
0.6722	137.55170986530507	687.2133450548492
0.6732	138.51141664176708	688.4403084985174
0.6742	139.47271547697937	689.6686975315156
0.6752	140.43560767139465	690.8985124007576
0.6762	141.4000945266888	692.1297533543517
0.6772	142.36617734576052	693.3624206415975
0.6782	143.33385743273004	694.5965145129823
0.6792	144.30313609293842	695.8320352201772
0.6802	145.2740146329469	697.0689830160348
0.6812	146.2464943605356	698.3073581545846
0.6822	147.22057658470317	699.5471608910301
0.6832	148.1962626156656	700.7883914817456
0.6842	149.17355376485543	702.0310501842725
0.6852	150.15245134492127	703.2751372573164
0.6862	151.13295666972664	704.5206529607431
0.6872	152.1150710543493	705.767597555576
0.6882	153.0987958150802	707.0159713039923
0.6892	154.08413226942335	708.26577446932
0.6902	155.07108173609438	709.5170073160348
0.6912	156.05964553502	710.7696701097561
0.6922	157.0498249873374	712.0237631172449
0.6932	158.04162141539337	713.2792866064
0.6942	159.03503614274337	714.5362408462545
0.6952	160.03007049415112	715.7946261069733
0.6962	161.02672579558768	717.0544426598495
0.6972	162.02500337423066	718.3156907773016
0.6982	163.02490455846376	719.57837073287
0.6992	164.02643067787594	720.8424828012144
0.7002	165.0295830632604	722.10802725811
0.7012	166.03436304661454	723.3750043804456
0.7022	167.04077196113866	724.6434144462191
0.7032	168.04881114123557	725.9132577345357
0.7041999999999999	169.05848192250983	727.184534525604
0.7051999999999999	170.06978564176748	728.4572451007341
0.7061999999999999	171.08272363701448	729.731389742333
0.7071999999999999	172.09729724745705	731.0069687339034
0.7081999999999999	173.1135078135003	732.2839823600392
0.7091999999999999	174.13135667674808	733.562430906424
0.7101999999999999	175.15084518000188	734.8423146598267
0.7111999999999999	176.1719746672607	736.1236339080999
0.7121999999999999	177.1947464837202	737.4063889401765
0.7132	178.21916197577195	738.6905800460665
0.7142	179.24522249100295	739.9762075168546
0.7152	180.27292937819513	741.2632716446973
0.7162	181.30228398732473	742.5517727228198
0.7172	182.3332876695615	743.8417110455135
0.7182	183.3659417772683	745.133086908133
0.7192	184.40024766400063	746.4259006070937
0.7202	185.43620668450592	747.7201524398683
0.7212	186.47382019472275	749.0158427049848
0.7222	187.51308955178084	750.3129717020233
0.7232	188.55401611399992	751.6115397316134
0.7242	189.59660124088964	752.9115470954317
0.7252	190.64084629314897	754.2129940961989
0.7262	191.6867526326652	755.5158810376769
0.7272	192.73432162251402	756.8202082246665
0.7282	193.7835546269588	758.125975963005
0.7292	194.8344530114499	759.4331845595626
0.7302	195.88701814262427	760.7418343222407
0.7312	196.94125138830518	762.051925559969
0.7322	197.99715411750137	763.3634585827028
0.7332	199.05472770040677	764.6764337014204
0.7342	200.1139735083999	765.9908512281204
0.7352	201.1748929140436	767.30671147582
0.7362	202.23748729108436	768.6240147585512
0.7372	203.3017580144518	769.9427613913591
0.7382	204.3677064602585	771.2629516902992
0.7392	205.43533400579935	772.584585972435
0.7402	206.504642029551	773.9076645558349
0.7412	207.57563191117168	775.2321877595706
0.7422	208.6483050315006	776.5581559037141
0.7432	209.72266277255758	777.8855693093356
0.7442	210.7987065175424	779.2144282985003
0.7452	211.87643765083484	780.5447331942669
0.7462	212.95585755799382	781.8764843206848
0.7472	214.0369676257573	783.2096820027916
0.7482	215.11976924204163	784.5443265666107
0.7492	216.2042637959412	785.8804183391492
0.7502	217.29045267772833	787.2179576483952
0.7512	218.37833727885257	788.5569448233158
0.7522	219.4679189919404	789.8973801938544
0.7532	220.55919921079473	791.2392640909284
0.7542	221.6521793303949	792.5825968464272
0.7552	222.74686074689583	793.9273787932099
0.7562	223.8432448576283	795.2736102651025
0.7572	224.9413330610976	796.621291596896
0.7582	226.04112675698423	797.9704231243439
0.7592	227.14262734614286	799.3210051841605
0.7602	228.24583623060246	800.673038114018
0.7612	229.35075481356543	802.0265222525444
0.7622	230.45738449940777	803.3814579393216
0.7632	231.5657266936784	804.737845514883
0.7642	232.67578280309903	806.0956853207109
0.7652	233.78755423556387	807.4549776992352
0.7662	234.90104240013915	808.8157229938303
0.7672	236.01624870706289	810.1779215488135
0.7682	237.13317456774462	811.5415737094427
0.7692	238.2518213947651	812.906679821914
0.7702	239.3721906018758	814.2732402333601
0.7712	240.49428360399915	815.6412552918476
0.7722	241.6181018172275	817.0107253463752
0.7732	242.7436466588236	818.3816507468716
0.7742	243.87091954721976	819.7540318441934
0.7752	244.9999219020179	821.1278689901228
0.7762	246.13065514398895	822.5031625373657
0.7772	247.26312069507298	823.8799128395497
0.7782	248.39731997837873	825.2581202512218
0.7792	249.53325441818347	826.6377851278469
0.7802	250.67092543993252	828.018907825805
0.7812	251.81033447023924	829.4014887023895
0.7822	252.9514829368848	830.7855281158058
0.7832	254.0943722688175	832.1710264251682
0.7842	255.23900389615343	833.5579839904988
0.7852	256.38537925017516	834.9464011727248
0.7862	257.5334997633323	836.3362783336772
0.7872	258.6833668692412	837.7276158360886
0.7882	259.8349820026844	839.120414043591
0.7892	260.98834659961034	840.5146733207141
0.7902	262.1434620971338	841.9103940328831
0.7912	263.30032993353524	843.3075765464175
0.7922	264.4589515482605	844.7062212285281
0.7932	265.61932838192075	846.106328447316
0.7942	266.7814618762925	847.5078985717699
0.7952	267.9453534743172	848.9109319717656
0.7962	269.1110046201008	850.3154290180622
0.7972	270.2784167589143	851.7213900823019
0.7982	271.4475913371929	853.1288155370071
0.7992	272.61852980253593	854.537705755579
0.8002	273.79123360370704	855.9480611122957
0.8012	274.9657041906338	857.3598819823104
0.8022	276.1419430144074	858.7731687416494
0.8032	277.31995152728285	860.1879217672106
0.8042	278.49973118267843	861.6041414367611
0.8052	279.68128343517594	863.0218281289362
0.8062	280.8646097405203	864.4409822232373
0.8072	282.0497115556193	865.8616041000294
0.8082	283.2365903385438	867.2836941405404
0.8092	284.42524754852747	868.7072527268591
0.8102	285.61568464596655	870.1322802419329
0.8112	286.8079030924197	871.5587770695664
0.8122	288.00190435060824	872.9867435944199
0.8132	289.1976898844156	874.4161802020071
0.8142	290.39526115888725	875.8470872786941
0.8152	291.5946196402309	877.2794652116969
0.8162	292.7957667958163	878.7133143890804
0.8172	293.9987040941748	880.1486351997563
0.8182	295.2034330049997	881.5854280334815
0.8192	296.4099549991457	883.0236932808565
0.8202	297.6182715486295	884.4634313333236
0.8212	298.8283841266288	885.9046425831652
0.8222	300.040294207483	887.3473274235024
0.8232	301.2540032666926	888.7914862482932
0.8242	302.4695127809195	890.2371194523307
0.8252	303.6868242279865	891.6842274312418
0.8262	304.90593908687794	893.1328105814854
0.8272	306.1268588377386	894.5828693003506
0.8282	307.34958496187465	896.0344039859555
0.8292	308.574118941753	897.4874150372452
0.8302	309.8004622610013	898.9419028539907
0.8312	311.028616404408	900.3978678367864
0.8322	312.2585828579225	901.8553103870498
0.8331999999999999	313.49036310865426	903.3142309070187
0.8341999999999999	314.72395864487436	904.7746297997508
0.8351999999999999	315.95937095601363	906.2365074691209
0.8361999999999999	317.1966015326637	907.6998643198203
0.8371999999999999	318.4356518665769	909.1647007573553
0.8382	319.6765234506656	910.6310171880443
0.8392	320.9192177790033	912.0988140190185
0.8402	322.1637363468231	913.5680916582182
0.8412	323.41008065051915	915.0388505143928
0.8422	324.65825218764564	916.5110909970987
0.8432	325.90825245691735	917.9848135166976
0.8442	327.1600829582094	919.4600184843557
0.8452	328.41374519255686	920.9367063120412
0.8462	329.66924066215586	922.414877412524
0.8472	330.9265708703621	923.8945321993732
0.8482	332.1857373216923	925.3756710869565
0.8492	333.4467415218228	926.8582944904377
0.8502	334.709584977591	928.3424028257767
0.8512	335.97426919699416	929.8279965097266
0.8522	337.24079568919	931.315075959833
0.8532	338.5091659644968	932.8036415944327
0.8542	339.7793815343931	934.293693832652
0.8552	341.05144391151777	935.785233094405
0.8562	342.32535460967017	937.2782598003929
0.8572	343.6011151438103	938.7727743721023
0.8582	344.8787270300583	940.2687772318031
0.8592	346.15819178569524	941.7662688025488
0.8602	347.43951092916234	943.2652495081729
0.8612	348.72268598006167	944.7657197732896
0.8622	350.007718459156	946.2676800232911
0.8632	351.2946098883684	947.7711306843465
0.8642	352.5833617907831	949.2760721834011
0.8652	353.8739756906448	950.782504948174
0.8662	355.16645311335907	952.2904294071578
0.8672	356.46079558549263	953.7998459896166
0.8682	357.7570046347726	955.3107551255846
0.8692	359.0550817900876	956.8231572458652
0.8702	360.3550285814872	958.3370527820297
0.8712	361.6568465401817	959.8524421664152
0.8722	362.9605371985431	961.3693258321247
0.8732	364.26610209010437	962.8877042130242
0.8742	365.57354274955986	964.4075777437428
0.8752	366.8828607127654	965.9289468596703
0.8762	368.1940575167383	967.4518119969568
0.8772	369.5071346996572	968.9761735925108
0.8782	370.82209380086255	970.5020320839981
0.8792	372.1389363608568	972.0293879098409
0.8802	373.45766392130366	973.558241509216
0.8812	374.7782780250294	975.0885933220541
0.8822	376.1007802160217	976.6204437890376
0.8832	377.4251720394307	978.1537933516007
0.8842	378.75145504156876	979.6886424519272
0.8852	380.0796307699103	981.2249915329494
0.8862	381.4097007730924	982.7628410383472
0.8872	382.7416666009144	984.3021914125466
0.8882	384.07552980433854	985.8430431007185
0.8892	385.4112919354896	987.3853965487779
0.8902	386.74895454765533	988.929252203382
0.8912	388.08851919528627	990.4746105119295
0.8922	389.4299874339964	992.0214719225596
0.8932	390.77336082056246	993.5698368841498
0.8942	392.1186409129249	995.1197058463162
0.8952	393.4658292701874	996.6710792594109
0.8962	394.81492745261727	998.223957574522
0.8972	396.1659370216456	999.7783412434717
0.8982	397.51885953986726	1001.3342307188151
0.8992	398.873696571041	1002.8916264538395
0.9002	400.23044968009015	1004.4505289025634
0.9012	401.58912043310175	1006.0109385197345
0.9022	402.9497103973275	1007.5728557608293
0.9032	404.3122211411838	1009.1362810820517
0.9042	405.6766542342513	1010.701214940332
0.9052	407.04301124727607	1012.2676577933255
0.9062	408.4112937521688	1013.835610099412
0.9072	409.7815033220053	1015.4050723176936
0.9082	411.15364153102684	1016.9760449079947
0.9092	412.5277099546404	1018.5485283308607
0.9102	413.903710169418	1020.122523047556
0.9112	415.281643753098	1021.6980295200641
0.9122	416.6615122845845	1023.2750482110857
0.9132	418.0433173439476	1024.853579584038
0.9142	419.42706051242413	1026.433624103054
0.9152	420.8127433724168	1028.0151822329797
0.9162	422.20036750749534	1029.5982544393755
0.9172	423.58993450239626	1031.1828411885135
0.9182	424.981445943023	1032.768942947377
0.9192	426.37490341644633	1034.356560183659
0.9202	427.7703085109042	1035.9456933657616
0.9212	429.1676628158021	1037.536342962795
0.9222	430.5669679217134	1039.1285094445761
0.9232	431.9682254203795	1040.722193281628
0.9242	433.3714369047094	1042.317394945178
0.9252	434.77660396878105	1043.9141149071577
0.9262	436.1837282078406	1045.5123536402014
0.9272	437.5928112183028	1047.112111617645
0.9282	439.0038545977514	1048.7133893135253
0.9292	440.41685994493946	1050.316187202579
0.9302	441.83182885978914	1051.9205057602412
0.9312	443.24876294339185	1053.5263454626447
0.9322	444.6676637980096	1055.1337067866198
0.9332	446.08853302707314	1056.7425902096916
0.9342	447.5113722351844	1058.3529962100806
0.9352	448.9361830281152	1059.9649252667011
0.9362	450.3629670128079	1061.5783778591601
0.9372	451.7917257973757	1063.1933544677563
0.9382	453.2224609911032	1064.8098555734798
0.9392	454.6551742044455	1066.42788165801
0.9402	456.08986704902964	1068.0474332037156
0.9412	457.52654113765436	1069.6685106936536
0.9422	458.96519808429036	1071.2911146115678
0.9432	460.4058395040803	1072.9152454418881
0.9442	461.8484670133389	1074.5409036697297
0.9452	463.29308222955444	1076.1680897808922
0.9462	464.7396867713869	1077.796804261858
0.9472	466.1882822586703	1079.4270475997926
0.9482	467.6388703124116	1081.0588202825427
0.9492	469.0914525547911	1082.6921227986352
0.9502	470.5460306091633	1084.3269556372773
0.9512	472.0026061000566	1085.9633192883546
0.9522	473.46118065317364	1087.6012142424306
0.9532	474.9217558953915	1089.2406409907455
0.9542	476.3843334547626	1090.8816000252161
0.9552	477.8489149605136	1092.5240918384336
0.9562	479.3155020430472	1094.1681169236642
0.9572	480.78409633394114	1095.8136757748468
0.9582	482.2546994659494	1097.4607688865933
0.9592	483.72731307300177	1099.109396754187
0.9601999999999999	485.20193879020445	1100.7595598735816
0.9611999999999999	486.6785782538403	1102.411258741401
0.9621999999999999	488.15723310136906	1104.0644938549385
0.9632	489.6379049714274	1105.7192657121548
0.9642	491.1205955038298	1107.3755748116782
0.9652	492.60530633956813	1109.0334216528036
0.9662	494.092039120812	1110.6928067354906
0.9672	495.5807954909096	1112.3537305603647
0.9682	497.0715770943879	1114.0161936287147
0.9692	498.56438557695185	1115.6801964424924
0.9702	500.0592225854861	1117.3457395043117
0.9712	501.5560897680546	1119.0128233174485
0.9722	503.05498877390045	1120.6814483858382
0.9732	504.5559212534469	1122.3516152140767
0.9742	506.05888885829773	1124.0233243074185
0.9752	507.563893241237	1125.6965761717765
0.9762	509.0709360562292	1127.3713713137204
0.9772	510.5800189584201	1129.0477102404764
0.9782	512.0911436041372	1130.7255934599268
0.9792	513.6043116508895	1132.4050214806086
0.9802	515.1195247573672	1134.0859948117122
0.9812	516.6367845834436	1135.7685139630817
0.9822	518.1560927901743	1137.4525794452138
0.9832	519.6774510397978	1139.138191769257
0.9842	521.2008609957358	1140.8253514470102
0.9852	522.7263243225931	1142.5140589909226
0.9862	524.2538426861586	1144.2043149140927
0.9872	525.7834177534049	1145.8961197302674
0.9882	527.3150511924895	1147.5894739538417
0.9892	528.8487446727543	1149.2843780998573
0.9902	530.3844998647262	1150.9808326840025
0.9912	531.9223184401178	1152.678838222611
0.9922	533.4622020718264	1154.3783952326603
0.9932	535.0041524339363	1156.0795042317734
0.9942	536.5481712017173	1157.7821657382153
0.9952	538.0942600516264	1159.4863802708942
0.9962	539.6424206613068	1161.1921483493593
0.9972	541.1926547095898	1162.8994704938016
0.9982	542.7449638764937	1164.6083472250518
0.9992	544.2993498432245	1166.3187790645802
1.0002	545.8558142921771	1168.0307665344963
1.0012	547.4143589069348	1169.7443101575473
1.0022	548.9749853722687	1171.459410457117
1.0032	550.5376953741411	1173.1760679572274
1.0042	552.1024905997015	1174.8942831825345
1.0052	553.6693727372914	1176.6140566583315
1.0062	555.2383434764407	1178.335388910544
1.0072	556.8094045078719	1180.0582804657333
1.0082	558.3825575234964	1181.782731851092
1.0092	559.9578042164183	1183.5087435944465
1.0102	561.5351462809322	1185.2363162242536
1.0112	563.1145854125257	1186.9654502696023
1.0122	564.6961233078774	1188.6961462602105
1.0132	566.27976166486	1190.428404726427
1.0142	567.865502182538	1192.1622261992284
1.0152	569.4533465611696	1193.89761121022
1.0162	571.0432965022067	1195.6345602916344
1.0172	572.6353537082956	1197.3730739763316
1.0182	574.2295198832762	1199.1131527977968
1.0192	575.8257967321844	1200.854797290142
1.0202	577.4241859612493	1202.5980079881022
1.0212	579.0246892778974	1204.3427854270383
1.0222	580.6273083907498	1206.0891301429335
1.0232	582.2320450096242	1207.8370426723945
1.0242	583.8389008455348	1209.5865235526496
1.0252	585.4478776106928	1211.3375733215494
1.0262	587.0589770185072	1213.0901925175654
1.0272	588.6722007835829	1214.8443816797874
1.0282	590.287550621725	1216.6001413479275
1.0292	591.9050282499354	1218.3574720623149
1.0302	593.5246353864158	1220.1163743638979
1.0312	595.146373750566	1221.8768487942418
1.0322	596.7702450629868	1223.6388958955301
1.0332	598.3962510454769	1225.4025162105609
1.0342	600.0243934210373	1227.16771028275
1.0352	601.654673913868	1228.9344786561267
1.0362	603.2870942493713	1230.7028218753358
1.0372	604.9216561541497	1232.4727404856353
1.0382	606.5583613560087	1234.2442350328974
1.0392	608.1972115839551	1236.0173060636062
1.0402	609.8382085681989	1237.791954124858
1.0412	611.4813540401522	1239.5681797643604
1.0422	613.1266497324314	1241.3459835304325
1.0432	614.7740973788559	1243.1253659720028
1.0442	616.4236987144496	1244.90632763861
1.0452	618.0754554754407	1246.6888690804014
1.0462	619.729369399263	1248.4729908481336
1.0472	621.3854422245539	1250.2586934931694
1.0482	623.0433595279882	1252.0459775674808
1.0492	624.7017911391466	1253.8348433222495
1.0502	626.3604687505169	1255.6252897402044
1.0512	628.01938903256	1257.4173155504793
1.0522	629.6785486576416	1259.2109194814602
1.0532	631.3379443000356	1261.0061002607858
1.0542	632.9975726359313	1262.8028566153548
1.0552	634.6574303434377	1264.6011872713273
1.0562	636.3175141025907	1266.4010909541307
1.0572	637.9778205953565	1268.2025663884613
1.0582	639.6383465056398	1270.0056122982903
1.0592	641.2990885192869	1271.8102274068667
1.0602	642.9600433240935	1273.616410436722
1.0612	644.6212076098076	1275.424160109672
1.0622	646.282578068138	1277.2334751468236
1.0632	647.944151392757	1279.044354268576
1.0642	649.6059242793082	1280.8567961946267
1.0652	651.2678934254093	1282.670799643973
1.0662	652.9300555306606	1284.4863633349185
1.0672	654.5924072966478	1286.3034859850745
1.0682	656.254945426949	1288.122166311366
1.0692	657.9176666271383	1289.942403030033
1.0702	659.5805676047934	1291.7641948566368
1.0712	661.2436450694987	1293.5875405060615
1.0722	662.9068957328531	1295.4124386925205
1.0732	664.5703163084713	1297.2388881295565
1.0742	666.2339035119943	1299.0668875300496
1.0752	667.8976540610892	1300.8964356062168
1.0762	669.5615646754591	1302.7275310696195
1.0772	671.2256320768441	1304.5601726311643
1.0782	672.8898529890309	1306.394359001109
1.0792	674.5542241378528	1308.2300888890634
1.0802	676.2187422512	1310.0673610039971
1.0812	677.8834040590201	1311.9061740542386
1.0822	679.5482062933272	1313.7465267474834
1.0832	681.2131456882036	1315.5884177907938
1.0842	682.8782189798071	1317.4318458906055
1.0852	684.5434229063742	1319.2768097527287
1.0862	686.2087542082278	1321.1233080823552
1.0872	687.874209627778	1322.9713395840572
1.0882	689.5397859095317	1324.8209029617965
1.0892	691.2054798000938	1326.6719969189228
1.0902	692.8712880481745	1328.5246201581813
1.0912	694.5372074045922	1330.3787713817135
1.0922	696.203234622281	1332.234449291064
1.0932	697.8693664562921	1334.09165258718
1.0942	699.5355996638021	1335.9503799704185
1.0952	701.2019310041152	1337.8106301405471
1.0962	702.8683572386699	1339.6724017967506
1.0972	704.5348751310412	1341.5356936376304
1.0982	706.2014814469493	1343.4005043612128
1.0992	707.8681729542596	1345.2668326649482
1.1002	709.5349464229923	1347.1346772457182
1.1012	711.201798625322	1349.0040367998354
1.1022	712.8687263355873	1350.8749100230516
1.1032	714.5357263302913	1352.747295610556
1.1042	716.2027953881096	1354.6211922569837
1.1052	717.8699302898918	1356.4965986564148
1.1062	719.5371278186692	1358.3735135023817
1.1072	721.2043847596564	1360.251935487869
1.1082	722.8716979002584	1362.1318633053206
1.1092	724.5390640300732	1364.0132956466393
1.1102	726.2064799408975	1365.8962312031938
1.1112	727.8739424267304	1367.7806686658193
1.1122	729.5414482837792	1369.6666067248234
1.1132	731.2089943104617	1371.554044069987
1.1142	732.8765773074126	1373.4429793905695
1.1152	734.5441940774871	1375.3334113753117
1.1162	736.2118414257652	1377.2253387124395
1.1172	737.8795161595561	1379.1187600896656
1.1182	739.5472150884037	1381.013674194196
1.1192	741.214935024088	1382.9100797127296
1.1202	742.8826727806339	1384.8079753314657
1.1212	744.5504251743107	1386.7073597361032
1.1222	746.2181890236401	1388.6082316118468
1.1232	747.885961149398	1390.5105896434088
1.1242	749.5537383746213	1392.4144325150144
1.1252	751.2215175246085	1394.3197589104016
1.1262	752.8892954269284	1396.2265675128288
1.1272	754.5570689114194	1398.1348570050734
1.1282	756.2248348101988	1400.0446260694403
1.1292	757.8925899576619	1401.9558733877595
1.1302	759.5603311904911	1403.8685976413951
1.1312	761.2280553476547	1405.7827975112432
1.1322	762.8957592704165	1407.6984716777397
1.1332	764.5634398023351	1409.61561882086
1.1342	766.231093789272	1411.5342376201256
1.1352	767.8987180793916	1413.4543267546035
1.1362	769.5663095231697	1415.3758849029136
1.1372	771.2338649733927	1417.2989107432275
1.1382	772.9013812851663	1419.223402953276
1.1392	774.5688553159156	1421.149360210349
1.1402	776.2362839253921	1423.0767811913008
1.1412	777.9036639756745	1425.0056645725515
1.1422	779.5709923311767	1426.9360090300927
1.1432	781.238265858647	1428.867813239487
1.1442	782.9054814271766	1430.8010758758762
1.1452	784.5726359081991	1432.7357956139783
1.1462	786.2397261754983	1434.6719711280964
1.1472	787.906749105209	1436.6096010921178
1.1482	789.5737015758233	1438.5486841795203
1.1492	791.2405804681918	1440.4892190633714
1.1502000000000001	792.9073826655301	1442.431204416336
1.1512	794.57410505342	1444.3746389106755
1.1522000000000001	796.2407445198157	1446.319521218254
1.1532	797.9072979550449	1448.2658500105388
1.1542	799.5737622518159	1450.213623958606
1.1552	801.2401343052176	1452.1628417331412
1.1562	802.9064110127255	1454.1135020044442
1.1572	804.5725892742054	1456.0656034424317
1.1582	806.2386659919156	1458.0191447166396
1.1592	807.904638070512	1459.9741244962274
1.1602	809.5705024170503	1461.9305414499793
1.1612	811.236255940992	1463.8883942463103
1.1622	812.9018955542045	1465.8476815532651
1.1632	814.5674181709684	1467.8084020385259
1.1642	816.2328207079775	1469.7705543694103
1.1652	817.8981000843456	1471.7341372128794
1.1662	819.563253221607	1473.6991492355357
1.1672	821.2282770437232	1475.6655891036314
1.1682	822.8931684770831	1477.6334554830664
1.1692	824.5579244505092	1479.6027470393951
1.1702	826.2225418952587	1481.5734624378265
1.1712	827.8870177450298	1483.5456003432303
1.1722	829.5513489359619	1485.519159420136
1.1732	831.2155324066413	1487.4941383327393
1.1742	832.8795650981037	1489.4705357449031
1.1752	834.5434439538384	1491.4483503201616
1.1762	836.2071659197893	1493.4275807217211
1.1772	837.8707279443622	1495.4082256124668
1.1782	839.5341269784237	1497.3902836549607
1.1792	841.1973599753087	1499.3737535114494
1.1802	842.8604238908199	1501.3586338438631
1.1812	844.5233156832339	1503.344923313821
1.1822	846.1860323133029	1505.3326205826331
1.1832	847.848570744259	1507.3217243113036
1.1842	849.510927941816	1509.3122331605325
1.1852	851.173100874175	1511.3041457907211
1.1862	852.8350865120242	1513.2974608619713
1.1872	854.4968818285457	1515.2921770340922
1.1882	856.1584837994158	1517.2882929665996
1.1892	857.8198894028102	1519.2858073187213
1.1902	859.4810956194051	1521.2847187493978
1.1912	861.1420994323831	1523.2850259172883
1.1922	862.8028978274332	1525.2867274807688
1.1932	864.4634877927563	1527.2898220979403
1.1942	866.1238663190666	1529.2943084266267
1.1952	867.7840303995965	1531.3001851243819
1.1962	869.4439770300974	1533.307450848488
1.1972	871.1037032088449	1535.3161042559632
1.1982	872.7632059366399	1537.3261440035594
1.1992	874.4224822168136	1539.33756874777
1.2002	876.0815290552281	1541.3503771448284
1.2012	877.7403434602821	1543.3645678507135
1.2022	879.398922442911	1545.38013952115
1.2032	881.0572630165929	1547.3970908116155
1.2042	882.715362197348	1549.415420377337
1.2052	884.3732170037458	1551.4351268733003
1.2062	886.0308244569029	1553.4562089542458
1.2072	887.688181580491	1555.4786652746782
1.2082	889.345285400736	1557.5024944888637
1.2092	891.0021329464226	1559.527695250836
1.2102	892.6587212488965	1561.5542662143964
1.2112	894.3150473420686	1563.58220603312
1.2122	895.9711082624152	1565.6115133603544
1.2132	897.6269010489835	1567.6421868492257
1.2142	899.2824227433922	1569.6742251526387
1.2152	900.9376703898362	1571.7076269232812
1.2162	902.5926410350874	1573.7423908136254
1.2172	904.2473317284998	1575.7785154759329
1.2182	905.9017395220092	1577.8159995622532
1.2192	907.5558614701392	1579.854841724431
1.2202	909.2096946300011	1581.8950406141053
1.2212	910.8632360612985	1583.9365948827142
1.2222	912.5164828263285	1585.9795031814956
1.2232	914.1694319899863	1588.0237641614924
1.2242	915.8220806197648	1590.0693764735518
1.2252	917.4744257857611	1592.1163387683316
1.2262	919.1264645606752	1594.164649696299
1.2272	920.778194019816	1596.2143079077366
1.2282	922.4296112411013	1598.2653120527425
1.2292	924.080713305062	1600.3176607812345
1.2302	925.7314972948433	1602.3713527429509
1.2312	927.3819602962092	1604.4263865874557
1.2322	929.0320993975427	1606.4827609641382
1.2332	930.6819116898505	1608.5404745222181
1.2342	932.3313942667634	1610.5995259107458
1.2352	933.9805442245407	1612.659913778607
1.2362	935.6293586620711	1614.7216367745232
1.2372	937.277834680877	1616.7846935470568
1.2382	938.9259693851143	1618.84908274461
1.2392	940.573759881578	1620.9148030154322
1.2402	942.2212032797011	1622.9818530076163
1.2412	943.8682966915608	1625.050231369108
1.2422	945.5150372318775	1627.119936747702
1.2432	947.16142201802	1629.19096779105
1.2442	948.8074481700048	1631.2633231466584
1.2452	950.4531128105024	1633.3370014618947
1.2462	952.0984130648352	1635.4120013839863
1.2472	953.7433460609838	1637.4883215600269
1.2482	955.3879089295864	1639.5659606369754
1.2492	957.0320988039431	1641.644917261661
1.2502	958.6759128200165	1643.7251900807835
1.2512	960.3193481164357	1645.8067777409178
1.2522	961.9624018344969	1647.889678888514
1.2532	963.6050711181674	1649.9738921699031
1.2542	965.2473531140859	1652.0594162312952
1.2552	966.8892449715662	1654.146249718786
1.2562	968.5307438425988	1656.234391278356
1.2572	970.1718468818536	1658.3238395558756
1.2582	971.8125512466809	1660.4145931971045
1.2592	973.4528540971148	1662.5066508476975
1.2602	975.092752595875	1664.600011153204
1.2612	976.7322439083689	1666.6946727590719
1.2622	978.3713252026934	1668.7906343106495
1.2632	980.0099936496377	1670.8878944531884
1.2642	981.6482464226846	1672.9864518318445
1.2652	983.2860806980137	1675.0863050916828
1.2662	984.9234936545018	1677.1874528776764
1.2672	986.5604824737271	1679.2898938347123
1.2682	988.1970443399691	1681.3936266075907
1.2692	989.8331764402127	1683.49864984103
1.2702	991.4688759641483	1685.6049621796672
1.2712	993.1041401041755	1687.712562268061
1.2722	994.7389660554035	1689.8214487506937
1.2732	996.3733510156551	1691.931620271975
1.2742	998.0072921854659	1694.043075476241
1.2752000000000001	999.64078676809	1696.1558130077617
1.2762	1001.2738319694979	1698.2698315107368
1.2772000000000001	1002.9064249983819	1700.3851296293044
1.2782	1004.538563066155	1702.5017060075377
1.2792000000000001	1006.1702433869563	1704.6195592894524
1.2802	1007.801463177649	1706.738688119004
1.2812	1009.4322196578255	1708.8590911400943
1.2822	1011.0625100498082	1710.9807669965712
1.2832	1012.6923315786502	1713.1037143322312
1.2842	1014.3216814721394	1715.2279317908233
1.2852	1015.9505569607979	1717.3534180160482
1.2862	1017.5789552778865	1719.4801716515642
1.2872	1019.2068736594036	1721.6081913409862
1.2882	1020.8343093440901	1723.7374757278906
1.2892	1022.4612595734279	1725.868023455814
1.2902	1024.0877215916455	1727.9998331682605
1.2912	1025.7136926457154	1730.1329035086983
1.2922	1027.3391699853605	1732.2672331205672
1.2932	1028.9641508630516	1734.402820647276
1.2942	1030.5886325340127	1736.539664732209
1.2952	1032.2126122562195	1738.677764018724
1.2962	1033.8360872904043	1740.8171171501585
1.2972	1035.4590549000545	1742.9577227698285
1.2982	1037.0815123514183	1745.0995795210335
1.2992	1038.7034569135012	1747.2426860470557
1.3002	1040.3248858580728	1749.3870409911658
1.3012	1041.9457964596645	1751.5326429966212
1.3022	1043.5661859955749	1753.679490706672
1.3032	1045.1860517458667	1755.8275827645587
1.3042	1046.8053909933737	1757.97691781352
1.3052	1048.4242010236974	1760.1274944967886
1.3062	1050.042479125213	1762.2793114575995
1.3072	1051.660222589067	1764.4323673391866
1.3082	1053.2774287091822	1766.5866607847897
1.3092	1054.8940947822568	1768.742190437652
1.3102	1056.5102181077684	1770.898954941027
1.3112	1058.1257959879717	1773.056952938175
1.3122	1059.740825727905	1775.2161830723715
1.3132	1061.3553046353875	1777.3766439869037
1.3142	1062.9692300210236	1779.5383343250767
1.3152	1064.5825991982022	1781.7012527302122
1.3162	1066.1954094831003	1783.865397845654
1.3172	1067.8076581946827	1786.0307683147664
1.3182	1069.419342654705	1788.1973627809402
1.3192	1071.0304601877135	1790.3651798875908
1.3202	1072.6410081210486	1792.534218278164
1.3212	1074.2509837848438	1794.7044765961343
1.3222	1075.8603845120301	1796.8759534850112
1.3232	1077.4692076383342	1799.0486475883363
1.3242	1079.0774505022825	1801.2225575496902
1.3252	1080.6851104452005	1803.3976820126907
1.3262	1082.292184811217	1805.5740196209981
1.3272	1083.8986709472617	1807.7515690183136
1.3282	1085.5045662030695	1809.9303288483848
1.3292	1087.1098679311808	1812.110297755005
1.3302	1088.7145734869432	1814.2914743820177
1.3312	1090.3186802285118	1816.4738573733155
1.3322	1091.9221855168526	1818.6574453728456
1.3332	1093.5250867157404	1820.8422370246087
1.3342	1095.127381191765	1823.0282309726638
1.3352	1096.7290663143272	1825.215425861127
1.3362	1098.3301394556443	1827.4038203341768
1.3372	1099.9305979907488	1829.5934130360529
1.3382	1101.5304392974908	1831.7842026110611
1.3392	1103.1296607565391	1833.976187703573
1.3402	1104.7282597513824	1836.1693669580295
1.3412	1106.32623366833	1838.363739018941
1.3422	1107.923579896514	1840.5593025308924
1.3432	1109.5202958278896	1842.7560561385408
1.3442	1111.1163788572378	1844.9539984866215
1.3452	1112.7118263821635	1847.1531282199467
1.3462	1114.306635803101	1849.3534439834104
1.3472	1115.9008045233106	1851.554944421987
1.3482	1117.4943299488843	1853.7576281807374
1.3492	1119.0872094887425	1855.9614939048054
1.3502	1120.679440554639	1858.1665402394258
1.3512	1122.2710205611595	1860.372765829921
1.3522	1123.8619469257242	1862.5801693217068
1.3532	1125.452217068588	1864.788749360291
1.3542	1127.0418284128425	1866.9985045912783
1.3552	1128.6307783844159	1869.2094336603695
1.3562	1130.2190644120749	1871.4215352133663
1.3572	1131.8066839274263	1873.6348078961698
1.3582	1133.393634364917	1875.8492503547855
1.3592	1134.9799131618352	1878.0648612353225
1.3602	1136.5655177583121	1880.2816391839983
1.3612	1138.1504455973218	1882.4995828471372
1.3622	1139.7346941246847	1884.7186908711753
1.3632	1141.3182607890644	1886.9389619026595
1.3642	1142.9011430419741	1889.160394588253
1.3652	1144.4833383377718	1891.3829875747324
1.3662	1146.0648441336666	1893.6067395089947
1.3672	1147.6456578897153	1895.831649038054
1.3682	1149.225777068827	1898.0577148090476
1.3692	1150.8051991367608	1900.2849354692355
1.3702	1152.3839215621297	1902.513309666003
1.3712	1153.9619418163988	1904.742836046861
1.3722	1155.5392573738893	1906.9735132594515
1.3732	1157.1158657117753	1909.2053399515441
1.3742	1158.6917643100899	1911.4383147710437
1.3752	1160.266950651721	1913.6724363659862
1.3762	1161.841422222416	1915.9077033845463
1.3772	1163.4151765107802	1918.1441144750336
1.3782	1164.9882110082797	1920.3816682858992
1.3792	1166.5605232092398	1922.6203634657338
1.3802	1168.132110610849	1924.8601986632727
1.3812	1169.7029707131562	1927.101172527394
1.3822	1171.2731010190755	1929.3432837071246
1.3832	1172.8424990343833	1931.5865308516366
1.3842	1174.4111622677224	1933.8309126102554
1.3852	1175.979088230599	1936.0764276324549
1.3862	1177.5462744373885	1938.3230745678654
1.3872	1179.1127184053312	1940.5708520662697
1.3882	1180.6784176545366	1942.8197587776099
1.3892	1182.243369707982	1945.0697933519843
1.3902	1183.807572091516	1947.3209544396545
1.3912	1185.3710223338553	1949.573240691041
1.3922	1186.9337179665897	1951.8266507567312
1.3932	1188.495656524179	1954.081183287475
1.3942	1190.0568355439568	1956.3368369341922
1.3952	1191.617252566129	1958.5936103479694
1.3962	1193.1769051337767	1960.8515021800654
1.3972	1194.735790792854	1963.1105110819099
1.3982	1196.2939070921914	1965.370635705108
1.3992	1197.8512515834952	1967.6318747014393
1.4002000000000001	1199.4078218213485	1969.8942267228617
1.4012	1200.9636153632111	1972.1576904215108
1.4022000000000001	1202.5186297694222	1974.4222644497045
1.4032	1204.072862603198	1976.6879474599416
1.4042000000000001	1205.6263114306353	1978.9547381049063
1.4052	1207.17897382071	1981.2226350374672
1.4062000000000001	1208.73084734528	1983.4916369106816
1.4072	1210.2819295790819	1985.7617423777938
1.4082	1211.8322180997363	1988.0329500922408
1.4092	1213.381710487746	1990.3052587076513
1.4102	1214.9304043264951	1992.5786668778464
1.4112	1216.4782972022533	1994.853173256845
1.4122	1218.0253867041731	1997.128776498861
1.4132	1219.5716704242927	1999.4054752583097
1.4142	1221.1171459575341	2001.6832681898036
1.4152	1222.661810901707	2003.9621539481602
1.4162	1224.2056628575058	2006.2421311883982
1.4172	1225.7486994285132	2008.5231985657438
1.4182	1227.2909182211977	2010.8053547356278
1.4192	1228.8323168449176	2013.0885983536914
1.4202	1230.3728929119181	2015.3729280757843
1.4212	1231.912644037334	2017.658342557969
1.4222	1233.4515678391895	2019.94484045652
1.4232	1234.9896619383985	2022.2324204279282
1.4242	1236.5269239587656	2024.521081128899
1.4252	1238.0633515269863	2026.8108212163575
1.4262	1239.5989422726464	2029.1016393474467
1.4272	1241.1336938282252	2031.3935341795323
1.4282	1242.6676038290925	2033.686504370201
1.4292	1244.2006699135122	2035.9805485772652
1.4302	1245.7328897226396	2038.2756654587615
1.4312	1247.2642609005252	2040.5718536729557
1.4322	1248.794781094112	2042.8691118783406
1.4332	1250.3244479532384	2045.1674387336407
1.4342	1251.8532591306366	2047.4668328978112
1.4352	1253.3812122819347	2049.7672930300423
1.4362	1254.9083050656554	2052.0688177897573
1.4372	1256.434535143218	2054.371405836618
1.4382	1257.9599001789372	2056.675055830523
1.4392	1259.4843978400252	2058.9797664316106
1.4402	1261.0080257965894	2061.28553630026
1.4412	1262.5307817216371	2063.592364097094
1.4422	1264.0526632910705	2065.900248482978
1.4432	1265.5736681836916	2068.209188119024
1.4442	1267.0937940811991	2070.5191816665906
1.4452	1268.6130386681918	2072.830227787286
1.4462	1270.1313996321655	2075.142325142966
1.4472	1271.6488746635166	2077.4554723957413
1.4482	1273.16546145554	2079.7696682079722
1.4492	1274.6811577044314	2082.084911242277
1.4502	1276.1959611092846	2084.4012001615265
1.4512	1277.7098693720952	2086.718533628852
1.4522	1279.222880197758	2089.0369103076405
1.4532	1280.7349912940706	2091.3563288615433
1.4542	1282.2462003717285	2093.6767879544695
1.4552	1283.7565051443314	2095.998286250595
1.4562	1285.2659033283778	2098.3208224143573
1.4572	1286.7743926432702	2100.644395110463
1.4582	1288.2819708113109	2102.9690030038837
1.4592	1289.788635557706	2105.294644759863
1.4602	1291.2943846105618	2107.6213190439116
1.4612	1292.7992157008891	2109.9490245218153
1.4622	1294.3031265625996	2112.2777598596304
1.4632	1295.8061149325094	2114.607523723691
1.4642	1297.308178550336	2116.9383147806043
1.4652	1298.8093151587013	2119.2701316972584
1.4662	1300.3095225031295	2121.6029731408175
1.4672	1301.8087983320484	2123.9368377787277
1.4682	1303.3071403967897	2126.2717242787166
1.4692	1304.8045464515887	2128.6076313087956
1.4702	1306.3010142535838	2130.9445575372592
1.4712	1307.7965415628184	2133.2825016326906
1.4722	1309.2911261422391	2135.6214622639577
1.4732	1310.7847657576974	2137.9614381002198
1.4742	1312.2774581779477	2140.3024278109233
1.4752	1313.7692011746503	2142.6444300658095
1.4762	1315.2599925223683	2144.9874435349093
1.4772	1316.749829998571	2147.3314668885514
1.4782	1318.23871138363	2149.676498797357
1.4792	1319.7266344608242	2152.0225379322483
1.4802	1321.213597016335	2154.369582964441
1.4812	1322.699596839249	2156.7176325654546
1.4822	1324.1846317215582	2159.066685407108
1.4832	1325.6686994581585	2161.4167401615223
1.4842	1327.1517978468507	2163.767795501123
1.4852	1328.6339246883417	2166.119850098642
1.4862	1330.1150777862413	2168.472902627115
1.4872	1331.5952549470653	2170.8269517598883
1.4882	1333.0744539802333	2173.1819961706146
1.4892	1334.552672698072	2175.5380345332605
1.4902	1336.0299089158093	2177.8950655221006
1.4912	1337.5061604515813	2180.2530878117263
1.4922	1338.9814251264268	2182.612100077041
1.4932	1340.4557007642904	2184.972100993265
1.4942	1341.92898519202	2187.333089235935
1.4952	1343.4012762393702	2189.6950634809077
1.4962	1344.8725717389977	2192.058022404357
1.4972	1346.342869526466	2194.4219646827805
1.4982	1347.812167440241	2196.786888992995
1.4992	1349.2804633216947	2199.152794012145
1.5002	1350.7477550151018	2201.519678417695
1.5012	1352.2140403676426	2203.8875408874405
1.5022	1353.6793172294006	2206.2563800995013
1.5032	1355.1435834533638	2208.6261947323273
1.5042	1356.6068368954232	2210.9969834646977
1.5052	1358.0690754143745	2213.3687449757235
1.5062	1359.5302968719168	2215.741477944848
1.5072	1360.9904991326523	2218.1151810518486
1.5082	1362.449680064087	2220.489852976837
1.5092	1363.9078375366303	2222.865492400263
1.5102	1365.3649694235942	2225.242098002912
1.5112	1366.8210736011933	2227.619668465909
1.5122	1368.2761479485464	2229.998202470719
1.5132	1369.7301903476737	2232.3776986991497
1.5142	1371.1831986834982	2234.758155833349
1.5152	1372.6351708438451	2237.1395725558114
1.5162	1374.0861047194414	2239.521947549373
1.5172	1375.535998203917	2241.90527949722
1.5182	1376.9848491938021	2244.289567082883
1.5192	1378.4326555885295	2246.674808990243
1.5202	1379.8794152904322	2249.0610039035305
1.5212	1381.325126204746	2251.448150507328
1.5222	1382.7697862396055	2253.8362474865685
1.5232	1384.2133933060472	2256.22529352654
1.5242	1385.6559453180078	2258.615287312886
1.5252000000000001	1387.0974401923236	2261.006227531604
1.5262	1388.537875848731	2263.3981128690502
1.5272000000000001	1389.9772502098665	2265.7909420119395
1.5282	1391.4155612012657	2268.184713647345
1.5292000000000001	1392.8528067513635	2270.579426462702
1.5302	1394.2889847914923	2272.975079145806
1.5312000000000001	1395.7240932558855	2275.3716703848186
1.5322	1397.1581300816727	2277.7691988682627
1.5332000000000001	1398.5910932088825	2280.167663285029
1.5342	1400.0229805804404	2282.5670623243727
1.5352000000000001	1401.4537901421706	2284.9673946759194
1.5362	1402.8835198427932	2287.368659029662
1.5372	1404.3121676339254	2289.7708540759636
1.5382	1405.7397314700816	2292.1739785055606
1.5392	1407.166209308671	2294.5780310095597
1.5402	1408.5915991099998	2296.983010279443
1.5412	1410.0158988372687	2299.3889150070654
1.5422	1411.4391064565743	2301.7957438846597
1.5432	1412.8612199369077	2304.2034956048346
1.5442	1414.2822372501544	2306.6121688605785
1.5452	1415.7021563710935	2309.0217623452572
1.5462	1417.120975277399	2311.43227475262
1.5472	1418.5386919496373	2313.8437047767943
1.5482	1419.9553043712679	2316.256051112294
1.5492	1421.3708105286426	2318.669312454013
1.5502	1422.7852084110066	2321.0834874972343
1.5512	1424.1984960104949	2323.4985749376237
1.5522	1425.6106713221359	2325.914573471237
1.5532	1427.0217323438476	2328.331481794516
1.5542	1428.4316770764397	2330.749298604295
1.5552	1429.8405035236106	2333.1680225977952
1.5562	1431.24820969195	2335.587652472633
1.5572	1432.6547935909355	2338.008186926815
1.5582	1434.0602532329353	2340.429624658745
1.5592	1435.4645866332041	2342.8519643672175
1.5602	1436.867791809886	2345.275204751427
1.5612	1438.269866784012	2347.6993445109624
1.5622	1439.6708095795007	2350.124382345814
1.5632	1441.0706182231563	2352.5503169563676
1.5642	1442.469290744671	2354.977147043414
1.5652	1443.8668251766205	2357.404871308141
1.5662	1445.2632195544677	2359.833488452143
1.5672	1446.6584719165583	2362.2629971774136
1.5682	1448.0525803041246	2364.6933961863565
1.5692	1449.4455427612804	2367.1246841817774
1.5702	1450.8373573350243	2369.5568598668906
1.5712	1452.2280220752366	2371.989921945317
1.5722	1453.6175350346807	2374.4238691210876
1.5732	1455.0058942690011	2376.8587000986436
1.5742	1456.3930978367243	2379.294413582837
1.5752	1457.7791437992564	2381.731008278931
1.5762	1459.164030220885	2384.168482892604
1.5772	1460.5477551687757	2386.6068361299467
1.5782	1461.9303167129751	2389.046066697467
1.5792	1463.3117129264062	2391.4861733020857
1.5802	1464.6919418848722	2393.927154651146
1.5812	1466.0710016670519	2396.3690094524045
1.5822	1467.4488903545023	2398.811736414041
1.5832	1468.8256060316558	2401.2553342446536
1.5842	1470.2011467858208	2403.6998016532625
1.5852	1471.575510707181	2406.14513734931
1.5862	1472.9486958887949	2408.5913400426625
1.5872	1474.3207004265946	2411.0384084436105
1.5882	1475.6915224193858	2413.48634126287
1.5892	1477.0611599688464	2415.9351372115834
1.5902	1478.429611179528	2418.3847950013214
1.5912	1479.7968741588518	2420.8353133440814
1.5922	1481.162947017112	2423.2866909522927
1.5932	1482.5278278674712	2425.738926538813
1.5942	1483.891514825964	2428.192018816933
1.5952	1485.2540060114916	2430.6459665003745
1.5962	1486.6152995458256	2433.1007683032944
1.5972	1487.9753935536046	2435.5564229402826
1.5982	1489.3342861623348	2438.012929126365
1.5992	1490.6919755023885	2440.470285577004
1.6002	1492.0484597070044	2442.9284910080996
1.6012	1493.403736912286	2445.3875441359887
1.6022	1494.7578052572019	2447.8474436774495
1.6032	1496.110662883584	2450.308188349699
1.6042	1497.4623079361281	2452.7697768703965
1.6052	1498.8127385623923	2455.2322079576425
1.6062	1500.1619529127966	2457.695480329982
1.6072	1501.509949140622	2460.159592706402
1.6082	1502.8567254020104	2462.624543806337
1.6092	1504.2022798559633	2465.0903323496655
1.6102	1505.5466106643416	2467.5569570567154
1.6112	1506.8897159918638	2470.0244166482585
1.6122	1508.2315940061078	2472.49270984552
1.6132	1509.5722428775064	2474.9618353701712
1.6142	1510.9116607793505	2477.4317919443374
1.6152	1512.2498458877849	2479.9025782905915
1.6162	1513.5867963818112	2482.3741931319632
1.6172	1514.922510443283	2484.8466351919324
1.6182	1516.2569862569092	2487.319903194436
1.6192	1517.5902220102496	2489.793995863864
1.6202	1518.9222158937173	2492.268911925064
1.6212	1520.2529661005756	2494.7446501033405
1.6222	1521.5824708269386	2497.221209124456
1.6232	1522.9107282717696	2499.6985877146317
1.6242	1524.237736636882	2502.1767846005505
1.6252	1525.5634941269345	2504.6557985093523
1.6262	1526.8879989494367	2507.1356281686435
1.6272	1528.2112493147422	2509.616272306489
1.6282	1529.533243436051	2512.0977296514197
1.6292	1530.8539795294082	2514.5799989324296
1.6302	1532.1734558137032	2517.0630788789795
1.6312	1533.491670510668	2519.5469682209937
1.6322	1534.8086218448784	2522.031665688867
1.6332	1536.1243080437505	2524.5171700134592
1.6342	1537.4387273375432	2527.003479926101
1.6352	1538.7518779593534	2529.4905941585907
1.6362	1540.0637581451194	2531.9785114432
1.6372	1541.374366133616	2534.4672305126687
1.6382	1542.6837001664574	2536.9567501002125
1.6392	1543.9917584880936	2539.447068939517
1.6402	1545.2985393458107	2541.938185764744
1.6412	1546.6040409897305	2544.4300993105294
1.6422	1547.9082616728092	2546.922808311986
1.6432	1549.2111996508347	2549.4163115047004
1.6442	1550.5128531824303	2551.9106076247404
1.6452	1551.8132205290485	2554.405695408649
1.6462	1553.1122999549748	2556.901573593451
1.6472	1554.4100897273229	2559.3982409166483
1.6482	1555.7065881160372	2561.8956961162276
1.6492	1557.0017933938893	2564.3939379306526
1.6502000000000001	1558.295703836479	2566.8929650988734
1.6512	1559.588317722232	2569.3927763603215
1.6522000000000001	1560.8796333324	2571.893370454914
1.6532	1562.1696489510593	2574.394746123052
1.6542000000000001	1563.4583628651103	2576.8969021056223
1.6552	1564.7457733642757	2579.3998371439993
1.6562000000000001	1566.031878741101	2581.9035499800443
1.6572	1567.316677290953	2584.4080393561076
1.6582000000000001	1568.600167312018	2586.913304015028
1.6592	1569.8823471053017	2589.419342700135
1.6602000000000001	1571.1632149746288	2591.9261541552482
1.6612	1572.4427692266408	2594.433737124679
1.6622000000000001	1573.7210081707963	2596.942090353231
1.6632	1574.9979301193694	2599.4512125862016
1.6642000000000001	1576.2735333874487	2601.961102569383
1.6652	1577.5478162929364	2604.4717590490595
1.6662	1578.8207771565478	2606.9831807720134
1.6672	1580.0924143018105	2609.495366485524
1.6682	1581.362726055062	2612.008314937365
1.6692	1582.6317107454506	2614.522024875811
1.6702	1583.8993667049326	2617.036495049633
1.6712	1585.1656922682737	2619.5517242081037
1.6722	1586.4306857730453	2622.0677111009945
1.6732	1587.6943455596258	2624.584454478579
1.6742	1588.9566699711986	2627.1019530916324
1.6752	1590.2176573537508	2629.6202056914326
1.6762	1591.4773060560728	2632.1392110297606
1.6772	1592.7356144297576	2634.6589678589025
1.6782	1593.992580829199	2637.179474931648
1.6792	1595.248203611591	2639.7007310012955
1.6802	1596.5024811369262	2642.2227348216456
1.6812	1597.7554117679974	2644.7454851470106
1.6822	1599.0069938703916	2647.268980732207
1.6832	1600.2572258124949	2649.7932203325645
1.6842	1601.5061059654859	2652.318202703917
1.6852	1602.7536327033397	2654.843926602614
1.6862	1603.9998044028225	2657.3703907855115
1.6872	1605.2446194434945	2659.8975940099817
1.6882	1606.488076207705	2662.425535033906
1.6892	1607.7301730805953	2664.9542126156803
1.6902	1608.9709084500942	2667.483625514215
1.6912	1610.210280706919	2670.013772488935
1.6922	1611.4482882445739	2672.54465229978
1.6932	1612.6849294593492	2675.076263707207
1.6942	1613.9202027503195	2677.6086054721895
1.6952	1615.1541065193435	2680.141676356219
1.6962	1616.3866391710624	2682.6754751213043
1.6972	1617.6177991128995	2685.210000529976
1.6982	1618.8475847550583	2687.7452513452813
1.6992	1620.0759945105222	2690.281226330791
1.7002	1621.303026795052	2692.8179242505944
1.7012	1622.528680027187	2695.3553438693057
1.7022	1623.7529526282424	2697.8934839520593
1.7032	1624.975843022309	2700.432343264515
1.7042	1626.1973496362505	2702.9719205728557
1.7052	1627.4174708997052	2705.51221464379
1.7062	1628.6362052450818	2708.0532242445497
1.7072	1629.8535511075615	2710.5949481428975
1.7082	1631.0695069250935	2713.137385107118
1.7092	1632.2840711383974	2715.6805339060274
1.7102	1633.4972421909586	2718.2243933089676
1.7112	1634.7090185290303	2720.768962085812
1.7122	1635.9193986016298	2723.3142390069597
1.7132	1637.1283808605406	2725.860222843346
1.7142	1638.3359637603066	2728.406912366432
1.7152	1639.5421457582354	2730.9543063482142
1.7162	1640.7469253143952	2733.5024035612196
1.7172	1641.9503008916138	2736.0512027785094
1.7182	1643.1522709554768	2738.6007027736773
1.7192	1644.3528339743284	2741.150902320854
1.7202	1645.5519884192681	2743.701800194702
1.7212	1646.7497327641515	2746.253395170423
1.7222	1647.9460654855873	2748.8056860237525
1.7232	1649.1409850629377	2751.3586715309657
1.7242	1650.3344899783156	2753.912350468873
1.7252	1651.5265787165856	2756.466721614825
1.7262	1652.7172497653612	2759.021783746711
1.7272	1653.9065016150041	2761.5775356429617
1.7282	1655.0943327586224	2764.1339760825445
1.7292	1656.2807416920716	2766.6911038449716
1.7302	1657.46572691395	2769.248917710295
1.7312	1658.6492869256012	2771.80741645911
1.7322	1659.8314202311094	2774.366598872554
1.7332	1661.0121253373018	2776.92646373231
1.7342	1662.1914007537434	2779.4870098206025
1.7352	1663.3692449927405	2782.048235920204
1.7362	1664.5456565693346	2784.6101408144305
1.7372	1665.7206340013054	2787.172723287146
1.7382	1666.8941758091662	2789.735982122758
1.7392	1668.0662805161662	2792.2999161062266
1.7402	1669.2369466482853	2794.8645240230553
1.7412	1670.4061727342364	2797.4298046592994
1.7422	1671.5739573054625	2799.9957568015625
1.7432	1672.7402988961353	2802.562379236998
1.7442	1673.9051960431545	2805.12967075331
1.7452	1675.068647286147	2807.697630138755
1.7462	1676.2306511674649	2810.2662561821394
1.7472	1677.3912062321847	2812.8355476728243
1.7482	1678.5503110281052	2815.4055034007215
1.7492	1679.7079641057485	2817.976122156299
1.7502	1680.8641640183553	2820.547402730576
1.7512	1682.0189093218876	2823.1193439151302
1.7522	1683.1721985750235	2825.6919445020917
1.7532	1684.32403033916	2828.2652032841493
1.7542	1685.4744031784078	2830.839119054546
1.7552	1686.6233156595933	2833.4136906070844
1.7562	1687.7707663522554	2835.988916736123
1.7572	1688.916753828645	2838.564796236581
1.7582	1690.0612766637228	2841.1413279039343
1.7592	1691.2043334351604	2843.71851053422
1.7602	1692.3459227233357	2846.2963429240344
1.7612	1693.486043111335	2848.874823870537
1.7622	1694.6246931849482	2851.453952171445
1.7632	1695.7618715326714	2854.033726625041
1.7642	1696.8975767457027	2856.6141460301674
1.7652	1698.0318074179415	2859.1952091862327
1.7662	1699.164562145988	2861.776914893206
1.7672	1700.2958395291419	2864.359261951624
1.7682	1701.4256381693997	2866.9422491625846
1.7692	1702.5539566714556	2869.525875327755
1.7702	1703.680793642698	2872.110139249364
1.7712	1704.8061476932103	2874.6950397302116
1.7722	1705.9300174357675	2877.2805755736617
1.7732	1707.0524014858365	2879.8667455836476
1.7742	1708.173298461574	2882.453548564669
1.7752000000000001	1709.2927069838256	2885.040983321797
1.7762	1710.4106256761238	2887.6290486606686
1.7772000000000001	1711.5270531646884	2890.217743387495
1.7782	1712.6419880784222	2892.8070663090534
1.7792000000000001	1713.7554290489131	2895.3970162326955
1.7802	1714.86737471043	2897.9875919663423
1.7812000000000001	1715.9778236999239	2900.578792318489
1.7822	1717.0867746570234	2903.1706160982008
1.7832000000000001	1718.1942262240373	2905.7630621151184
1.7842	1719.300177045949	2908.356129179454
1.7852000000000001	1720.40462577042	2910.949816101997
1.7862	1721.5075710477836	2913.5441216941085
1.7872000000000001	1722.6090115310476	2916.1390447677272
1.7882	1723.7089458758896	2918.734584135366
1.7892000000000001	1724.8073727406595	2921.3307386101155
1.7902	1725.9042907863738	2923.9275070056415
1.7912000000000001	1726.9996986767178	2926.5248881361895
1.7922	1728.0935950780424	2929.1228808165806
1.7932	1729.1859786593632	2931.7214838622162
1.7942	1730.2768480923596	2934.320696089076
1.7952	1731.3662020513718	2936.9205163137185
1.7962	1732.4540392134027	2939.5209433532837
1.7972	1733.5403582581118	2942.12197602549
1.7982	1734.6251578678189	2944.723613148639
1.7992	1735.708436727499	2947.325853541612
1.8002	1736.7901935247828	2949.9286960238746
1.8012	1737.8704269499544	2952.5321394154726
1.8022	1738.9491356959506	2955.1361825370363
1.8032	1740.026318458359	2957.740824209778
1.8042	1741.101973935417	2960.346063255497
1.8052	1742.1761008280098	2962.951898496574
1.8062	1743.2486978396703	2965.558328755976
1.8072	1744.3197636765763	2968.1653528572556
1.8082	1745.38929704755	2970.7729696245524
1.8092	1746.4572966640555	2973.3811778825902
1.8102	1747.5237612401993	2975.989976456682
1.8112	1748.5886894927269	2978.599364172727
1.8122	1749.6520801410227	2981.2093398572133
1.8132	1750.713931907108	2983.819902337216
1.8142	1751.7742435156401	2986.431050440401
1.8152	1752.8330136939098	2989.042782995022
1.8162	1753.890241171842	2991.6550988299246
1.8172	1754.9459246819913	2994.267996774542
1.8182	1756.0000629595443	2996.8814756589013
1.8192	1757.052654742314	2999.495534313617
1.8202	1758.1036987707428	3002.1101715699
1.8212	1759.1531937878967	3004.72538625955
1.8222	1760.2011385394685	3007.3411772149616
1.8232	1761.2475317737712	3009.9575432691204
1.8242	1762.2923722417413	3012.5744832556074
1.8252	1763.3356586969337	3015.191996008597
1.8262	1764.377389895524	3017.8100803628595
1.8272	1765.4175645963023	3020.4287351537573
1.8282	1766.4561815606767	3023.0479592172514
1.8292	1767.493239552668	3025.6677513898962
1.8302	1768.5287373389112	3028.288110508845
1.8312	1769.562673688651	3030.9090354118453
1.8322	1770.5950473737444	3033.5305249372445
1.8332	1771.625857168654	3036.152577923985
1.8342	1772.6551018504517	3038.77519321161
1.8352	1773.6827801988136	3041.398369640259
1.8362	1774.7088909960207	3044.0221060506724
1.8372	1775.7334330269566	3046.6464012841893
1.8382	1776.7564050791054	3049.271254182749
1.8392	1777.7778059425516	3051.8966635888905
1.8402	1778.7976344099775	3054.5226283457546
1.8412	1779.8158892766626	3057.149147297082
1.8422	1780.8325693404813	3059.776219287217
1.8432	1781.8476734019023	3062.4038431611034
1.8442	1782.8612002639861	3065.0320177642907
1.8452	1783.8731487323844	3067.660741942929
1.8462	1784.8835176153389	3070.2900145437725
1.8472	1785.8923057236775	3072.9198344141782
1.8482	1786.8995118708165	3075.55020040211
1.8492	1787.9051348727558	3078.1811113561334
1.8502	1788.9091735480795	3080.8125661254207
1.8512	1789.9116267179531	3083.4445635597494
1.8522	1790.9124932061236	3086.0771025095028
1.8532	1791.9117718389152	3088.710181825669
1.8542	1792.9094614452317	3091.343800359847
1.8552	1793.9055608565513	3093.9779569642374
1.8562	1794.9000689069276	3096.612650491653
1.8572	1795.892984432986	3099.2478797955105
1.8582	1796.8843062739254	3101.883643729839
1.8592	1797.8740332715126	3104.5199411492736
1.8602	1798.8621642700843	3107.156770909059
1.8612	1799.8486981165431	3109.7941318650496
1.8622	1800.8336336603584	3112.432022873711
1.8632	1801.8169697535618	3115.070442792117
1.8642	1802.798705250749	3117.709390477953
1.8652	1803.7788390090748	3120.3488647895156
1.8662	1804.7573698882554	3122.988864585713
1.8672	1805.734296750563	3125.629388726065
1.8682	1806.709618460828	3128.270436070705
1.8692	1807.6833338864337	3130.9120054803757
1.8702	1808.655441897318	3133.5540958164365
1.8712	1809.6259413659698	3136.196705940858
1.8722	1810.594831167429	3138.8398347162265
1.8732	1811.562110179283	3141.4834810057396
1.8742	1812.5277772816678	3144.127643673213
1.8752	1813.4918313572634	3146.7723215830733
1.8762	1814.4542712912955	3149.4175136003673
1.8772	1815.415095971531	3152.0632185907525
1.8782	1816.3743042882786	3154.7094354205065
1.8792	1817.331895134386	3157.35616295652
1.8802	1818.2878674052395	3160.0034000663036
1.8812	1819.2422199987604	3162.6511456179815
1.8822	1820.1949518154065	3165.2993984802997
1.8832	1821.146061758167	3167.948157522618
1.8842	1822.0955487325646	3170.5974216149175
1.8852	1823.0434116466504	3173.2471896277957
1.8862	1823.989649411006	3175.897460432471
1.8872	1824.934260938738	3178.5482329007787
1.8882	1825.8772451454802	3181.1995059051765
1.8892	1826.8186009493886	3183.851278318739
1.8902	1827.7583272711436	3186.503549015165
1.8912	1828.696423033944	3189.156316868771
1.8922	1829.63288716351	3191.8095807544955
1.8932	1830.5677185880777	3194.463339547898
1.8942	1831.5009162384006	3197.117592125162
1.8952	1832.4324790477453	3199.772337363089
1.8962	1833.3624059518927	3202.427574139107
1.8972	1834.2906958891338	3205.083301331264
1.8982	1835.2173478002703	3207.739517818233
1.8992	1836.1423606286119	3210.3962224793086
1.9002000000000001	1837.0657333199742	3213.0534141944117
1.9012	1837.9874648226785	3215.7110918440844
1.9022000000000001	1838.9075540875497	3218.3692543094962
1.9032	1839.8260000679134	3221.0279004724384
1.9042000000000001	1840.7428017195966	3223.68702921533
1.9052	1841.6579580009245	3226.3466394212137
1.9062000000000001	1842.5714678727193	3229.0067299737593
1.9072	1843.4833302982986	3231.667299757262
1.9082000000000001	1844.3935442434747	3234.3283476566435
1.9092	1845.3021086765507	3236.9898725574517
1.9102000000000001	1846.2090225683216	3239.6518733458634
1.9112	1847.1142848920708	3242.31434890868
1.9122000000000001	1848.0178946235699	3244.977298133334
1.9132	1848.9198507410756	3247.6407199078826
1.9142000000000001	1849.8201522253291	3250.3046131210135
1.9152	1850.7187980595543	3252.9689766620413
1.9162000000000001	1851.6157872294568	3255.6338094209123
1.9172	1852.5111187232203	3258.2991102881992
1.9182000000000001	1853.4047915315075	3260.9648781551064
1.9192	1854.2968046474564	3263.631111913466
1.9202	1855.1871570666806	3266.297810455743
1.9212	1856.0762111397767	3268.964972675031
1.9222	1856.965419466134	3271.6325976541034
1.9232	1857.8547819922544	3274.3006852324643
1.9242	1858.744298664685	3276.969235249756
1.9252	1859.6339694300198	3279.6382475457604
1.9262	1860.5237942348983	3282.307721960396
1.9272	1861.4137730260074	3284.977658333724
1.9282	1862.3039057500791	3287.6480565059387
1.9292	1863.1941923538918	3290.3189163173774
1.9302	1864.0846327842698	3292.990237608511
1.9312	1864.9752269880835	3295.6620202199515
1.9322	1865.8659749122487	3298.3342639924467
1.9332	1866.7568765037272	3301.006968766883
1.9342	1867.647931709527	3303.680134384282
1.9352	1868.5391404767013	3306.353760685805
1.9362	1869.4305027523487	3309.027847512747
1.9372	1870.322018483614	3311.702394706543
1.9382	1871.2136876176867	3314.377402108761
1.9392	1872.1055101018026	3317.0528695611083
1.9402	1872.9974858832418	3319.728796905426
1.9412	1873.8896149093305	3322.4051839836925
1.9422	1874.7818971274396	3325.08203063802
1.9432	1875.6743324849863	3327.759336710659
1.9442	1876.5669209294308	3330.437102043993
1.9452	1877.4596624082806	3333.115326480542
1.9462	1878.3525568690861	3335.794009862959
1.9472	1879.2456042594447	3338.4731520340347
1.9482	1880.1388045269969	3341.152752836691
1.9492	1881.032157619429	3343.8328121139875
1.9502	1881.9256634844714	3346.513329709115
1.9512	1882.8193220699	3349.1943054654007
1.9522	1883.7131333235347	3351.875739226304
1.9532	1884.60709719324	3354.5576308354193
1.9542	1885.5012136269245	3357.239980136473
1.9552	1886.395482572542	3359.9227869733263
1.9562	1887.2899039780905	3362.606051189972
1.9572	1888.1844777916122	3365.289772630537
1.9582	1889.0792039611931	3367.9739511392795
1.9592	1889.9740824349642	3370.6585865605925
1.9602	1890.8691131610997	3373.343678738999
1.9612	1891.764296087819	3376.029227519157
1.9622	1892.6596311633841	3378.715232745852
1.9632	1893.5551183361024	3381.4016942640073
1.9642	1894.4507575543241	3384.088611918672
1.9652	1895.346548766444	3386.7759855550316
1.9662	1896.2424919208995	3389.4638150183987
1.9672	1897.1385869661735	3392.1521001542205
1.9682	1898.0348338507908	3394.8408408080727
1.9692	1898.931232523321	3397.530036825663
1.9702	1899.827782932376	3400.219688052829
1.9712	1900.7244850266131	3402.90979433554
1.9722	1901.621338754731	3405.6003555198936
1.9732	1902.5183440654728	3408.291371452119
1.9742	1903.4155009076246	3410.982841978575
1.9752	1904.3128092300165	3413.67476694575
1.9762	1905.21026898152	3416.3671462002603
1.9772	1906.1078801110514	3419.059979588855
1.9782	1907.0056425675696	3421.7532669584098
1.9792	1907.903556300076	3424.44700815593
1.9802	1908.8016212576158	3427.1412030285487
1.9812	1909.6998373892766	3429.835851423531
1.9822	1910.5982046441882	3432.5309531882663
1.9832	1911.4967229715246	3435.2265081702753
1.9842	1912.395392320501	3437.9225162172047
1.9852	1913.2942126403768	3440.618977176832
1.9862	1914.1931838804526	3443.315890897059
1.9872	1915.0923059900724	3446.013257225919
1.9882	1915.9915789186223	3448.7110760115684
1.9892	1916.891002615531	3451.4093471022948
1.9902	1917.7905770302696	3454.10807034651
1.9912	1918.6903021123512	3456.807245592755
1.9922	1919.5901778113314	3459.5068726896957
1.9932	1920.4902040768084	3462.206951486127
1.9942	1921.3903808584216	3464.9074818309664
1.9952	1922.2907081058536	3467.6084635732623
1.9962	1923.191185768828	3470.3098965621853
1.9972	1924.091813797111	3473.0117806470344
1.9982	1924.9925921405104	3475.714115677233
1.9992	1925.8935207488764	3478.4169015023313
2.0002	1926.7945995721002	3481.120137972003
2.0012	1927.6958285601154	3483.823824936048
2.0022	1928.5972076628977	3486.5279622443945
2.0032	1929.4987368304626	3489.2325497470893
2.0042	1930.4004160128688	3491.9375872943083
2.0052	1931.3022451602164	3494.6430747363515
2.0062	1932.2042242226473	3497.349011923644
2.0072	1933.1063531503432	3500.0553987067315
2.0082	1934.0086318935287	3502.7622349362873
2.0092	1934.911060402469	3505.4695204631084
2.0102	1935.8136386274714	3508.177255138115
2.0112	1936.7163665188825	3510.8854388123486
2.0122	1937.6192440270925	3513.5940713369782
2.0132	1938.5222711025306	3516.3031525632928
2.0142	1939.4254476956692	3519.012682342708
2.0152	1940.328773757019	3521.722660526758
2.0162	1941.2322492371336	3524.433086967102
2.0172	1942.1358740866071	3527.1439615155227
2.0182	1943.0396482560748	3529.8552840239254
2.0192	1943.943571696211	3532.567054344334
2.0202	1944.8476443577324	3535.2792723288985
2.0212	1945.7518661913962	3537.99193782989
2.0222	1946.656237148	3540.7050506997016
2.0232	1947.5607571783812	3543.4186107908454
2.0242	1948.4654262334188	3546.1326179559583
2.0252	1949.3702442640317	3548.847072047797
2.0262000000000002	1950.2752112211797	3551.561972919241
2.0272	1951.1803270558619	3554.277320423287
2.0282	1952.0855917191184	3556.9931144130564
2.0292	1952.9910051620293	3559.70935474179
2.0302000000000002	1953.8965673357159	3562.426041262849
2.0312	1954.8022781913376	3565.1431738297147
2.0322	1955.7081376800957	3567.8607522959887
2.0332	1956.6141457532306	3570.5787765153937
2.0342000000000002	1957.5203023620234	3573.297246341772
2.0352	1958.4266074577938	3576.0161616290834
2.0362	1959.3330609919026	3578.73552223141
2.0372	1960.2396629157502	3581.4553280029527
2.0382000000000002	1961.1464131807768	3584.1755787980323
2.0392	1962.0533117384612	3586.8962744710852
2.0402	1962.960358540323	3589.6174148766713
2.0412	1963.8675535379216	3592.338999869467
2.0422000000000002	1964.7748966828556	3595.061029304269
2.0432	1965.682387926762	3597.783503035989
2.0442	1966.5900272213191	3600.5064209196603
2.0452	1967.4978145182436	3603.2297828104333
2.0462000000000002	1968.4057497692918	3605.9535885635783
2.0472	1969.3138329262586	3608.6778380344786
2.0482	1970.2220639409793	3611.40253107864
2.0492	1971.1304427653274	3614.1276675516847