4.00000001e-15	6.302945748716805e-26	4.351707029680875e-12
4.73000011e-15	6.302945614818121e-25	4.385181901361303e-12
4.7599999e-15	6.302945614818122e-24	4.407498337424682e-12
4.91000012e-15	6.302945960723054e-23	4.546975920553448e-12
6.99000006e-15	7.551104552555234e-22	6.471769917429146e-12
9.89999996e-15	8.736777248382057e-21	9.149743617496096e-12
2.71999999e-14	1.0609016168266013e-19	2.5161794911850037e-11
1.27e-13	3.632001829948672e-18	1.1827716915866996e-10
6.93000019e-13	1.185672907833073e-16	6.415978632001786e-10
6.29500011e-12	6.08078550546753e-15	5.824592948002679e-9
1.58099991e-11	3.1003124302611025e-14	1.4628431042178087e-8
3.97200016e-11	1.517072015175184e-13	3.6749608457933496e-8
9.97599989e-11	7.182883240348137e-13	9.22785101539835e-8
2.50600013e-10	3.286319950903816e-12	2.318678910957376e-7
6.29399977e-10	1.4465520754295918e-11	5.824592479357286e-7
1.581e-9	6.08770373800491e-11	1.4628431488507032e-6
3.97200006e-9	2.44063831733988e-10	3.6755189243472444e-6
4.99999997e-9	3.281968243695604e-10	4.626757397902255e-6
9.97599958e-9	8.955255713010489e-10	9.233429602767239e-6
1.98999999e-8	2.3919883842892214e-9	0.000018422227181432718
3.97199997e-8	6.278062742691364e-9	0.00003676076869002455
7.9240003e-8	1.6250836532024102e-8	0.00007336532325373801
1.58099994e-7	4.16625735326936e-8	0.00014639588819459942
1.98999999e-7	5.453023833965633e-8	0.00018433386074536936
3.15499989e-7	1.0165922706985048e-7	0.00029217806962731534
4.99999999e-7	1.8903147176969427e-7	0.00046312206427136807
6.29400006e-7	2.5767685114929705e-7	0.0005830171702744923
7.92399987e-7	3.1427137022985945e-7	0.0007342111002008481
9.97599955e-7	4.2810757754965417e-7	0.000924458816112475
1.58099999e-6	7.937960432939077e-7	0.0014650748047310871
2.5060001e-6	1.4703190805623745e-6	0.002323142055344789
3.97199983e-6	2.7221601762999334e-6	0.003682771814327159
4.99999987e-6	3.533363099754519e-6	0.0046373577214907395
6.29399983e-6	4.806516235215354e-6	0.005835750937290783
7.92399987e-6	6.540169783530463e-6	0.007353269471100201
9.976e-6	8.892769939745593e-6	0.00925574675295693
0.00001256	0.000012094398348582906	0.011660343673287213
0.0000158099992	0.000015620397121178308	0.014678642936844455
0.0000199000006	0.00002124302644498996	0.018483597411292123
0.0000250600006	0.000028880830841330063	0.02327605434054899
0.0000315500001	0.00003712564126311091	0.02931265286766347
0.0000397199983	0.00005047980272260657	0.03691698437848694
0.0000499999987	0.0000686465036822138	0.046485161459495654
0.000062940002	0.00009329613847355502	0.058524884735550106
0.0000792400024	0.00012686900357063158	0.07375585817897791
0.00009976	0.00016207320464182103	0.09283642021870118
0.000110499997	0.00018047310421780854	0.10287881834411962
0.000125599996	0.00020531130997545192	0.1169381856728409
0.000158099996	0.0002791452756081232	0.14728854831510826
0.000199000002	0.0003629546942646731	0.18550547199285877
0.0002	0.0003650583071244091	0.1864427078218159
0.0012000000000000001	0.0013466049411602658	1.1275971610957916
0.0022	0.002455108305668602	2.0687210373335083
0.0032	0.003812223176184099	3.010410550403603
0.0042	0.00538453801925565	3.9525640867652974
0.0052	0.007134838681918645	4.895111985067526
0.0062	0.009044443181747304	5.8380104901013175
0.0072	0.011099364315429313	6.781227311407052
0.0082	0.013288901261313737	7.724737450537292
0.009200000000000002	0.015604610713678623	8.668520813741077
0.0102	0.0180317567809753	9.612558595061211
0.0112	0.02049543892399103	10.55673063773112
0.0122	0.0230678374481042	11.50112278583341
0.013200000000000002	0.02574479461946612	12.445725894556574
0.0142	0.0285228268732674	13.39053189195587
0.0152	0.03139828404267119	14.33553359934052
0.0162	0.03436536200510251	15.28072454591297
0.0172	0.037419648007787035	16.226098701624956
0.0182	0.04055899964940817	17.171650480277066
0.0192	0.04378157230110935	18.117374792388322
0.0202	0.04708576022359985	19.06326698300755
0.0212	0.05047013986513935	20.00932277895648
0.022199999999999998	0.05393349787263567	20.955538243312482
0.0232	0.05747473518343992	21.901909739424095
0.0242	0.06109284766562215	22.84843389698769
0.0252	0.06478696133564989	23.795107582877005
0.0262	0.06855577618800104	24.74192787816361
0.0272	0.07239733282426038	25.688892037517
0.0282	0.07631091057254427	26.635997445195386
0.0292	0.0802959605586774	27.58324164546667
0.030199999999999998	0.08435188465078755	28.53062233209043
0.0312	0.08847802179042139	29.478137331848057
0.0322	0.0926739711104518	30.425784589650814
0.0332	0.09693938363957186	31.37356216564395
0.0342	0.10127381525642604	32.32146822638533
0.0352	0.10567693960645327	33.26950103269716
0.0362	0.11014867871981696	34.21765893493219
0.0372	0.1146887224887235	35.165940372498724
0.0382	0.11929688999446493	36.1143438603938
0.0392	0.12397331609669107	37.06286798659549
0.0402	0.12871777472420165	38.011511414635216
0.0412	0.1335301592157515	38.96027286892621
0.0422	0.1384106607851114	39.909151133188615
0.0432	0.14335922491024577	40.85814505336321
0.044199999999999996	0.1483759392454475	41.807253527564015
0.0452	0.15346111576011331	42.756475505727636
0.0462	0.1586147193393192	43.70580999120433
0.0472	0.16383695502675838	44.65525602972961
0.0482	0.16912833994615387	45.60481271177712
0.0492	0.1744886781858164	46.55447917638561
0.0502	0.1799187116183891	47.50425459351832
0.0512	0.1854183350249621	48.454138181075436
0.0522	0.1909881575926103	49.40412918540666
0.0532	0.1966287402380733	50.35422689340347
0.0542	0.20234012128650572	51.304430629371986
0.0552	0.20812316800627131	52.254739743188345
0.0562	0.2139781426132343	53.20515362407217
0.0572	0.2199065268354509	54.155671687528724
0.0582	0.22590712910868793	55.10629339557763
0.0592	0.23197975872088922	56.05701820823852
0.0602	0.23812675530973362	57.00784560037816
0.0612	0.2443486908778081	57.958775103305484
0.0622	0.2506470922995717	58.90980627289221
0.0632	0.2570197037055055	59.86093870404717
0.06420000000000001	0.2634667303264685	60.81217196876736
0.06520000000000001	0.26999302303281436	61.763505655238404
0.06620000000000001	0.27659503850672557	62.7149394391484
0.06720000000000001	0.28327481179454717	63.666472952195285
0.06820000000000001	0.2900339005881833	64.61810586734578
0.06920000000000001	0.2968729217319705	65.56983789000608
0.07020000000000001	0.30379032488474916	66.52166874314709
0.07120000000000001	0.31078903044564093	67.47359813537338
0.07220000000000001	0.31787289890881054	68.42562582446479
0.0732	0.3250409596951133	69.3777516283646
0.0742	0.3322808345912537	70.3299753575322
0.0752	0.3396146302101779	71.2822966592312
0.0762	0.34704011068792	72.23471548495529
0.0772	0.3545543186976741	73.18723175815248
0.0782	0.3621770364858607	74.13984536594064
0.0792	0.36918421837903626	75.09255644835926
0.08020000000000001	0.3730414229088213	76.04535610538223
0.08120000000000001	0.3770791986314048	76.99820386557961
0.08220000000000001	0.383351787074105	77.95110130355783
0.08320000000000001	0.391983656866058	78.90407498358837
0.08420000000000001	0.40073921839251847	79.85715241159984
0.08520000000000001	0.4096193420381469	80.81033382444689
0.08620000000000001	0.41862523982905203	81.76361946363114
0.08720000000000001	0.42775834537528556	82.71700957911108
0.0882	0.4370204801361965	83.67050443153411
0.0892	0.4464121169896005	84.62410429632511
0.0902	0.4559341184146455	85.5778094480314
0.0912	0.4655884265120664	86.53162016464971
0.0922	0.4753770165579889	87.48553673937094
0.0932	0.4853011343650162	88.43955948046823
0.0942	0.49536209914299223	89.39368870296558
0.0952	0.5055614147333206	90.34792472920167
0.09620000000000001	0.5159009444703658	91.30226789053081
0.09720000000000001	0.5261616821984575	92.25671853079542
0.09820000000000001	0.5355739706045218	93.2112747521361
0.09920000000000001	0.544746403258571	94.16592682985863
0.10020000000000001	0.5544974662671638	95.12067136642706
0.10120000000000001	0.5654498941665919	96.07551320092276
0.10220000000000001	0.5772821195850439	97.03046324629128
0.10320000000000001	0.5892949765580476	97.98552906587723
0.10420000000000001	0.6014902288514737	98.94071128813559
0.1052	0.613869630432102	99.89601054638591
0.1062	0.6264349261215121	100.85142747858052
0.1072	0.6391878514534802	101.80696272708744
0.1082	0.6521247929826662	102.7626169384802
0.1092	0.665222925157098	103.71839071434741
0.1102	0.6784709542699163	104.67428443608127
0.11120000000000001	0.6918692508968394	105.63029837547231
0.11220000000000001	0.7054181688743721	106.58643280275544
0.11320000000000001	0.7191180454206162	107.5426879865023
0.11420000000000001	0.7329692012573874	108.49906419351854
0.11520000000000001	0.7469719407335592	109.45556168874576
0.11620000000000001	0.7611265519494091	110.41218073516792
0.11720000000000001	0.7754333068820661	111.36892159372208
0.11820000000000001	0.7898924615117374	112.32578452321313
0.11920000000000001	0.8045042559488327	113.28276978023268
0.1202	0.819268914561696	114.23987761908148
0.1212	0.8341866461049547	115.1971082916958
0.1222	0.8492576438485452	116.15446204757697
0.1232	0.8644820857070492	117.1119391337245
0.1242	0.8798601343695613	118.06953979457239
0.1252	0.8953919374299719	119.02726427192846
0.1262	0.911077627517247	119.98511280491671
0.1272	0.9269173224262984	120.94308562992256
0.1282	0.9429111252488797	121.90118298054081
0.1292	0.9590591245045956	122.85940508752621
0.1302	0.9753613942721614	123.81775217874669
0.1312	0.9918179943205623	124.77622447913889
0.1322	1.008428988319709	125.73482221066614
0.1332	1.0251945155571156	126.69354559241461
0.1342	1.0421146910336687	127.65239484122593
0.13520000000000001	1.0591893211164742	128.61137017157057
0.13620000000000002	1.0764183203793574	129.57047179331317
0.13720000000000002	1.0938016852497245	130.52969991260835
0.13820000000000002	1.1113393786568424	131.48905473257977
0.13920000000000002	1.1290313503400224	132.44853645314333
0.14020000000000002	1.1468775369810085	133.40814527098152
0.14120000000000002	1.164877862336213	134.36788137951953
0.14220000000000002	1.1830322373686883	135.3277449689028
0.14320000000000002	1.201340560379748	136.2877362259764
0.14420000000000002	1.2198027171402501	137.2478553342656
0.1452	1.2384185810217203	138.2081024739581
0.1462	1.2571880131270403	139.16847782188765
0.1472	1.27611086242085	140.12898155151888
0.1482	1.295186965859514	141.08961383293348
0.1492	1.31441614852085	142.05037483281777
0.1502	1.3337982237334174	143.01126471445122
0.1512	1.3533329932054161	143.97228363769634
0.1522	1.3730202471532353	144.9334317589896
0.1532	1.3928597644295289	145.8947092313335
0.1542	1.4128513126510587	146.8561162042896
0.1552	1.4329946483258433	147.81765282397257
0.1562	1.4532895169801288	148.77931923304533
0.1572	1.473735653284856	149.7411155707149
0.1582	1.4943327811815976	150.7030419727294
0.1592	1.5150806140082687	151.6650985713759
0.1602	1.5359788553072105	152.6272854954788
0.1612	1.5575774812544232	153.5896028704037
0.1622	1.5818198458253168	154.55205421486608
0.1632	1.6076760296527293	155.51465501016403
0.1642	1.63032975645094	156.47741422924636
0.1652	1.634071967468958	157.44031154623593
0.16620000000000001	1.6340719696125194	158.40323154329224
0.16720000000000002	1.6340719738383254	159.36615154036144
0.16820000000000002	1.6340719801463763	160.3290715374559
0.16920000000000002	1.6340719885366721	161.29199153458785
0.17020000000000002	1.634071999009213	162.2549115317694
0.17120000000000002	1.6340720115639984	163.21783152901244
0.17220000000000002	1.6340720262010289	164.18075152632883
0.17320000000000002	1.6340720429203042	165.1436715237302
0.17420000000000002	1.6340720617218243	166.1065915212281
0.17520000000000002	1.6340720826055894	167.0695115188339
0.1762	1.6340721055715992	168.03243151655886
0.1772	1.6340721306198542	168.99535151441418
0.1782	1.6340721577503539	169.95827151241087
0.1792	1.6340721869630985	170.9211915105598
0.1802	1.634072218258088	171.8841115088717
0.1812	1.6340722516353225	172.8470315073573
0.1822	1.6340722870948017	173.80995150602706
0.1832	1.634072324636526	174.77287150489144
0.1842	1.634072364260495	175.7357915039607
0.1852	1.6340724059667089	176.6987115032451
0.1862	1.6340724497551677	177.6616315027547
0.1872	1.6340724956258714	178.62455150249943
0.1882	1.6340725435788201	179.5874715024892
0.1892	1.6340725936140137	180.55039150273376
0.1902	1.6340726457314523	181.51331150324273
0.1912	1.6340726999311355	182.47623150402575
0.1922	1.634072756213064	183.4391515050922
0.1932	1.634072814577237	184.4020715064515
0.1942	1.634072875023655	185.3649915081129
0.1952	1.634072937552318	186.32791151008553
0.1962	1.634073002163226	187.2908315123785
0.19720000000000001	1.6340730688563787	188.25375151500074
0.19820000000000002	1.6340731376317765	189.2166715179612
0.19920000000000002	1.634073208489419	190.17959152126866
0.20020000000000002	1.6340732814293066	191.1425115249318
0.20120000000000002	1.634073356451439	192.1054315289593
0.20220000000000002	1.6340734335558165	193.06835153335965
0.20320000000000002	1.6340735127424386	194.0312715381413
0.20420000000000002	1.634073594011306	194.99419154331267
0.20520000000000002	1.634073677362418	195.957111548882
0.20620000000000002	1.6340737627957753	196.92003155485753
0.20720000000000002	1.6340738503113772	197.88295156124738
0.20820000000000002	1.6340739399092243	198.84587156805958
0.2092	1.634074031589316	199.8087915753021
0.2102	1.634074125351653	200.7717115829829
0.2112	1.634074221196235	201.73463159110975
0.2122	1.6340743191230618	202.69755159969037
0.2132	1.6340744191321335	203.6604716087325
0.2142	1.6340745212234502	204.62339161824372
0.2152	1.6340746253970118	205.58631162823153
0.2162	1.6340747316528186	206.54923163870342
0.2172	1.63407483999087	207.51215164966675
0.2182	1.6340749504111667	208.47507166112888
0.2192	1.634075062913708	209.4379916730971
0.2202	1.6340751774984945	210.4009116855785
0.2212	1.634075294165526	211.36383169858027
0.2222	1.6340754129148025	212.32675171210948
0.2232	1.634075533746324	213.2896717261731
0.2242	1.6340756566600902	214.2525917407781
0.2252	1.6340757816561018	215.2155117559313
0.2262	1.6340759087343582	216.17843177163954
0.2272	1.6340760378948596	217.14135178790957
0.22820000000000001	1.6340761691376058	218.1042718047481
0.22920000000000001	1.6340763024625973	219.06719182216173
0.23020000000000002	1.6340764378698338	220.03011184015708
0.23120000000000002	1.6340765753593152	220.99303185874064
0.23220000000000002	1.6340767149310416	221.95595187791884
0.23320000000000002	1.6340768565850128	222.91887189769815
0.23420000000000002	1.6340770003212293	223.88179191808487
0.23520000000000002	1.6340771461396906	224.84471193908533
0.23620000000000002	1.6340772940403971	225.80763196070575
0.23720000000000002	1.6340774440233488	226.77055198295236
0.23820000000000002	1.6340775960885452	227.73347200583126
0.23920000000000002	1.634077750235987	228.69639202934854
0.2402	1.6340779064656734	229.65931205351023
0.2412	1.6340780647776052	230.62223207832236
0.2422	1.634078225171782	231.58515210379082
0.2432	1.6340783876482037	232.5480721299215
0.2442	1.6340785522068706	233.51099215672028
0.2452	1.6340787188477823	234.4739121841929
0.2462	1.6340788875709393	235.43683221234514
0.2472	1.6340790583763414	236.3997522411827
0.2482	1.6340792312639882	237.3626722707112
0.2492	1.6340794062338806	238.32559230093628
0.2502	1.634079583286018	239.28851233186344
0.2512	1.6340797624204002	240.25143236349828
0.2522	1.6340799436370277	241.21435239584622
0.2532	1.6340801269359002	242.17727242891272
0.2542	1.6340803123170178	243.1401924627031
0.2552	1.6340804997803806	244.1031124972228
0.2562	1.6340806893259883	245.06603253247707
0.2572	1.6340808809538412	246.02895256847114
0.2582	1.6340810746639394	246.99187260521026
0.2592	1.6340812704562824	247.95479264269966
0.2602	1.6340814683308706	248.9177126809444
0.2612	1.6340816682877042	249.8806327199496
0.2622	1.6340818703267828	250.84355275972032
0.2632	1.6340820744481064	251.8064728002616
0.2642	1.6340822806516753	252.7693928415784
0.2652	1.6340824889374894	253.7323128836757
0.2662	1.6340826993055484	254.69523292655836
0.2672	1.6340829117558526	255.65815297023133
0.2682	1.6340831262884021	256.62107301469933
0.2692	1.6340833429031967	257.58399305996727
0.2702	1.6340835616002365	258.5469131060398
0.2712	1.6340837823795216	259.50983315292183
0.2722	1.6340840052410517	260.4727532006179
0.2732	1.6340842301848268	261.4356732491327
0.2742	1.6340844572108473	262.39859329847087
0.2752	1.634084686319113	263.36151334863695
0.2762	1.634084917509624	264.32443339963555
0.2772	1.63408515078238	265.28735345147123
0.2782	1.6340853861373812	266.2502735041485
0.2792	1.6340856235746277	267.2131935576717
0.2802	1.6340858630941195	268.17611361204524
0.2812	1.6340861046958564	269.1390336672737
0.2822	1.6340863483798385	270.10195372336125
0.2832	1.6340865941460658	271.0648737803124
0.2842	1.6340868419945385	272.0277938381313
0.2852	1.6340870919252561	272.9907138968223
0.2862	1.6340873439382193	273.9536339563897
0.2872	1.6340875980334277	274.91655401683755
0.2882	1.6340878542108814	275.8794740781702
0.28919999999999996	1.6340881124705804	276.8423941403916
0.29019999999999996	1.6340883728125244	277.80531420350616
0.29119999999999996	1.6340886352367139	278.7682342675178
0.29219999999999996	1.6340888997431486	279.7311543324306
0.29319999999999996	1.6340891663318287	280.69407439824863
0.29419999999999996	1.634089435002754	281.6569944649759
0.29519999999999996	1.6340897057559243	282.6199145326164
0.29619999999999996	1.63408997859134	283.58283460117406
0.29719999999999996	1.6340902535090012	284.54575467065285
0.29819999999999997	1.6340905305089075	285.5086747410566
0.29919999999999997	1.6340908095910591	286.47159481238936
0.30019999999999997	1.6340910907554562	287.4345148846548
0.30119999999999997	1.6340913740020984	288.39743495785683
0.30219999999999997	1.634091659330986	289.36035503199935
0.30319999999999997	1.6340919467421189	290.3232751070859
0.30419999999999997	1.6340922362354973	291.28619518312047
0.30519999999999997	1.634092527811121	292.2491152601067
0.30619999999999997	1.6340928214689898	293.2120353380482
0.3072	1.6340931172091042	294.1749554169488
0.3082	1.6340934150314639	295.13787549681217
0.3092	1.6340937149360688	296.1007955776418
0.3102	1.6340940169229192	297.0637156594413
0.3112	1.634094320992015	298.0266357422144
0.3122	1.634094627143356	298.9895558259646
0.3132	1.6340949353769425	299.9524759106954
0.3142	1.6340952456927744	300.91539599641027
0.3152	1.6340955580908518	301.87831608311285
0.3162	1.6340958725711745	302.84123617080655
0.3172	1.6340961891337427	303.8041562594948
0.3182	1.634096507778556	304.767076349181
0.3192	1.634096828505615	305.72999643986867
0.3202	1.6340971513149192	306.692916531561
0.3212	1.6340974762064688	307.6558366242616
0.3222	1.634097803180264	308.6187567179736
0.3232	1.6340981322363046	309.5816768127005
0.3242	1.6340984633745907	310.54459690844544
0.3252	1.6340987965951224	311.5075170052118
0.3262	1.6340991318978992	312.4704371030029
0.3272	1.6340994692829216	313.43335720182176
0.3282	1.6340998087501895	314.39627730167183
0.3292	1.6341001502997028	315.3591974025563
0.3302	1.6341004939314616	316.3221175044782
0.3312	1.634100839645466	317.2850376074407
0.3322	1.6341011874417157	318.24795771144716
0.3332	1.634101537320211	319.2108778165005
0.3342	1.6341018892809518	320.1737979226039
0.3352	1.634102243323938	321.13671802976046
0.3362	1.6341025994491698	322.0996381379732
0.3372	1.634102957656647	323.06255824724525
0.3382	1.6341033179463698	324.0254783575796
0.3392	1.6341036803183382	324.9883984689792
0.3402	1.6341040447725521	325.95131858144714
0.3412	1.6341044113090115	326.91423869498635
0.3422	1.6341047799277166	327.87715880959985
0.3432	1.6341051506286672	328.8400789252906
0.3442	1.6341055234118633	329.8029990420614
0.3452	1.634105898277305	330.76591915991526
0.3462	1.6341062752249922	331.72883927885505
0.3472	1.634106654254925	332.6917593988837
0.3482	1.6341070353671032	333.654679520004
0.3492	1.6341074185615272	334.6175996422188
0.3502	1.6341078038381966	335.580519765531
0.3512	1.6341081911971118	336.54343988994333
0.35219999999999996	1.6341085806382725	337.50636001545854
0.35319999999999996	1.6341089721616788	338.4692801420795
0.35419999999999996	1.634109365767331	339.432200269809
0.35519999999999996	1.6341097614552285	340.3951203986498
0.35619999999999996	1.6341101592253715	341.35804052860453
0.35719999999999996	1.6341105590777603	342.320960659676
0.35819999999999996	1.6341109610123947	343.28388079186686
0.35919999999999996	1.6341113650292747	344.2468009251798
0.36019999999999996	1.6341117711284003	345.20972105961755
0.36119999999999997	1.634112179309772	346.1726411951827
0.36219999999999997	1.634112589573389	347.1355613318779
0.36319999999999997	1.6341130019192518	348.09848146970586
0.36419999999999997	1.63411341634736	349.06140160866903
0.36519999999999997	1.634113832857714	350.02432174877015
0.36619999999999997	1.6341142514503137	350.9872418900118
0.36719999999999997	1.6341146721251594	351.95016203239646
0.36819999999999997	1.6341150948822505	352.9130821759268
0.3692	1.6341155197215873	353.87600232060527
0.3702	1.6341159466431698	354.8389224664345
0.3712	1.634116375646998	355.80184261341697
0.3722	1.6341168067330722	356.76476276155506
0.3732	1.634117239901392	357.7276829108514
0.3742	1.6341176751519573	358.6906030613085
0.3752	1.6341181124847683	359.65352321292863
0.3762	1.6341185518998254	360.6164433657144
0.3772	1.634118993397128	361.5793635196683
0.3782	1.6341194369766765	362.54228367479254
0.3792	1.6341198826384706	363.50520383108966
0.3802	1.6341203303825107	364.46812398856207
0.3812	1.6341207802087965	365.4310441472121
0.3822	1.634121232117328	366.3939643070422
0.3832	1.6341216861081052	367.35688446805466
0.3842	1.6341221421811285	368.3198046302519
0.3852	1.6341226003363973	369.28272479363625
0.3862	1.634123060573912	370.24564495820994
0.3872	1.6341235228936728	371.2085651239753
0.3882	1.6341239872956792	372.1714852909347
0.3892	1.6341244537799313	373.1344054590904
0.3902	1.6341249223464294	374.09732562844465
0.3912	1.6341253929951733	375.06024579899974
0.3922	1.634125865726163	376.02316597075793
0.3932	1.6341263405393984	376.9860861437215
0.3942	1.63412681743488	377.94900631789255
0.3952	1.6341272964126072	378.91192649327337
0.3962	1.6341277774725804	379.87484666986626
0.3972	1.6341282606147995	380.83776684767327
0.3982	1.6341287458392644	381.80068702669666
0.3992	1.6341292331459754	382.76360720693856
0.4002	1.634129722534932	383.7265273884012
0.4012	1.6341302140061347	384.68944757108676
0.4022	1.6341307075595832	385.6523677549973
0.4032	1.6341312031952775	386.6152879401349
0.4042	1.6341317009132177	387.5782081265018
0.4052	1.634132200713404	388.54112831410004
0.4062	1.634132702595836	389.50404850293177
0.4072	1.6341332065605143	390.46696869299905
0.4082	1.6341337126074382	391.4298888843039
0.4092	1.6341342207366085	392.39280907684855
0.4102	1.6341347309480245	393.3557292706349
0.4112	1.6341352432416865	394.3186494656651
0.4122	1.6341357576175946	395.2815696619411
0.4132	1.6341362740757484	396.244489859465
0.4142	1.6341367926161483	397.2074100582388
0.4152	1.6341373132387942	398.1703302582645
0.4162	1.6341378359436862	399.1332504595441
0.41719999999999996	1.634138360730824	400.0961706620796
0.41819999999999996	1.634138887600208	401.059090865873
0.41919999999999996	1.634139416551838	402.0220110709262
0.42019999999999996	1.634139947585714	402.9849312772413
0.42119999999999996	1.6341404807018358	403.94785148482015
0.42219999999999996	1.6341410159002039	404.9107716936647
0.42319999999999997	1.6341415531808179	405.8736919037769
0.42419999999999997	1.634142092543678	406.83661211515863
0.42519999999999997	1.6341426339887841	407.79953232781185
0.42619999999999997	1.6341431775161366	408.76245254173847
0.42719999999999997	1.6341437231257347	409.7253727569404
0.42819999999999997	1.6341442708175793	410.68829297341944
0.42919999999999997	1.6341448205916698	411.65121319117753
0.43019999999999997	1.6341453724480064	412.6141334102166
0.43119999999999997	1.634145926386589	413.57705363053844
0.4322	1.6341464824074179	414.53997385214495
0.4332	1.6341470405104928	415.50289407503794
0.4342	1.6341476006958138	416.46581429921923
0.4352	1.634148162963381	417.42873452469064
0.4362	1.634148727313194	418.3916547514541
0.4372	1.6341492937452535	419.3545749795113
0.4382	1.634149862259559	420.31749520886416
0.4392	1.6341504328561107	421.28041543951434
0.4402	1.6341510055349087	422.2433356714637
0.4412	1.6341515802959525	423.206255904714
0.4422	1.6341521571392428	424.16917613926705
0.4432	1.634152736064779	425.13209637512455
0.4442	1.6341533170725615	426.0950166122883
0.4452	1.6341539001625904	427.05793685076003
0.4462	1.6341544853348653	428.0208570905415
0.4472	1.6341550725893865	428.9837773316344
0.4482	1.634155661926154	429.9466975740405
0.4492	1.6341562533451675	430.90961781776156
0.4502	1.6341568468464274	431.87253806279915
0.4512	1.6341574424299334	432.83545830915506
0.4522	1.6341580400956857	433.798378556831
0.4532	1.6341586398436843	434.7612988058286
0.4542	1.634159241673929	435.72421905614954
0.4552	1.63415984558642	436.6871393077955
0.4562	1.6341604515811572	437.65005956076817
0.4572	1.6341610596581408	438.61297981506925
0.4582	1.6341616698173707	439.5759000707003
0.4592	1.6341622820588466	440.538820327663
0.4602	1.6341628963825692	441.50174058595894
0.4612	1.6341635127885379	442.46466084558983
0.4622	1.634164131276753	443.4275811065572
0.4632	1.6341647518472142	444.3905013688627
0.4642	1.6341653744999218	445.35342163250806
0.4652	1.6341659992348758	446.3163418974947
0.4662	1.6341666260520762	447.2792621638242
0.4672	1.6341672549515227	448.2421824314983
0.4682	1.6341678859332158	449.2051027005185
0.4692	1.6341685189971553	450.1680229708864
0.4702	1.6341691541433412	451.13094324260345
0.4712	1.6341697913717734	452.0938635156714
0.4722	1.6341704306824518	453.05678379009163
0.4732	1.6341710720753768	454.01970406586577
0.4742	1.6341717155505482	454.98262434299534
0.4752	1.634172361107966	455.94554462148193
0.4762	1.63417300874763	456.90846490132697
0.4772	1.6341736584695403	457.8713851825321
0.4782	1.6341743102736972	458.8343054650987
0.4792	1.6341749641601004	459.7972257490283
0.48019999999999996	1.6341756201287503	460.7601460343225
0.48119999999999996	1.6341762781796465	461.72306632098264
0.48219999999999996	1.634176938312789	462.6859866090104
0.48319999999999996	1.634177600528178	463.6489068984071
0.48419999999999996	1.6341782648258134	464.61182718917433
0.48519999999999996	1.6341789312056954	465.57474748131347
0.48619999999999997	1.634179599667824	466.537667774826
0.48719999999999997	1.6341802702121988	467.50058806971344
0.48819999999999997	1.6341809428388203	468.46350836597725
0.48919999999999997	1.6341816175476882	469.42642866361876
0.49019999999999997	1.6341822943388027	470.38934896263953
0.49119999999999997	1.6341829732121635	471.3522692630409
0.49219999999999997	1.634183654167771	472.3151895648243
0.49319999999999997	1.6341843372056248	473.2781098679913
0.4942	1.6341850223257253	474.24103017254316
0.4952	1.6341857095280723	475.2039504784813
0.4962	1.6341863988126657	476.16687078580725
0.4972	1.6341870901795057	477.12979109452226
0.4982	1.6341877836285923	478.09271140462783
0.4992	1.6341884791599255	479.0556317161253
0.5002	1.6341891767735053	480.01855202901606
0.5012	1.6341898764693317	480.9814723433015
0.5022	1.6341905782474047	481.94439265898296
0.5032	1.6341912821077242	482.9073129760618
0.5042	1.6341919880502904	483.87023329453945
0.5052	1.6341926960751032	484.8331536144172
0.5062	1.6341934061821626	485.7960739356964
0.5072	1.6341941183714686	486.7589942583785
0.5082	1.6341948326430211	487.7219145824647
0.5092	1.6341955489968203	488.68483490795643
0.5102	1.6341962674328663	489.6477552348549
0.5112	1.6341969879511589	490.61067556316164
0.5122	1.634197710551698	491.57359589287773
0.5132	1.6341984352344838	492.5365162240047
0.5142	1.6341991619995162	493.4994365565437
0.5152	1.6341998908467954	494.46235689049604
0.5162	1.6342006217763212	495.42527722586317
0.5172	1.6342013547880936	496.3881975626462
0.5182	1.6342020898821128	497.35111790084653
0.5192	1.6342028270583786	498.31403824046544
0.5202	1.6342035663168912	499.2769585815041
0.5212	1.6342043076576505	500.23987892396394
0.5222	1.6342050510806567	501.2027992678461
0.5232	1.6342057965859096	502.1657196131519
0.5242	1.634206544173409	503.1286399598826
0.5252	1.6342072938431553	504.0915603080395
0.5262	1.6342080455951484	505.05448065762374
0.5272	1.6342087994293881	506.0174010086367
0.5282	1.6342095553458746	506.98032136107946
0.5292	1.6342103133446082	507.9432417149534
0.5302	1.6342110734255884	508.90616207025965
0.5312	1.6342118355888153	509.86908242699946
0.5322	1.634212599834289	510.8320027851741
0.5332	1.6342133661620093	511.7949231447847
0.5342	1.6342141345719765	512.7578435058325
0.5352	1.6342149050641908	513.7207638683187
0.5362	1.6342156776386516	514.6836842322447
0.5372	1.6342164522953593	515.6466045976114
0.5382	1.6342172290343138	516.6095249644202
0.5392	1.6342180078555155	517.5724453326721
0.5402	1.6342187887589639	518.5353657023686
0.5412	1.634219571744659	519.4982860735106
0.5422	1.634220356812601	520.4612064460993
0.5432	1.63422114396279	521.4241268201359
0.5442	1.634221933195226	522.3870471956217
0.5452	1.6342227245099086	523.3499675725577
0.5462	1.634223517906838	524.3128879509452
0.5472	1.6342243133860148	525.2758083307853
0.5482	1.6342251109474382	526.238728712079
0.5492	1.6342259105911083	527.2016490948276
0.5502	1.6342267123170255	528.1645694790323
0.5512	1.6342275161251898	529.127489864694
0.5522	1.6342283220156009	530.0904102518141
0.5532	1.634229129988259	531.0533306403936
0.5542	1.6342299400431641	532.0162510304336
0.5552	1.634230752180316	532.9791714219353
0.5562	1.634231566399715	533.9420918148999
0.5572	1.634232382701361	534.9050122093282
0.5582	1.6342332010852538	535.8679326052217
0.5592	1.6342340215513937	536.8308530025812
0.5602	1.6342348440997807	537.7937734014079
0.5612	1.6342356687304145	538.7566938017029
0.5622	1.6342364954432955	539.7196142034674
0.5632	1.6342373242384234	540.6825346067022
0.5642	1.6342381551157983	541.6454550114087
0.5652	1.6342389880754205	542.6083754175879
0.5662	1.6342398231172894	543.5712958252408
0.5672	1.6342406602414057	544.5342162343685
0.5682	1.6342414994477688	545.4971366449721
0.5692	1.6342423407363789	546.4600570570527
0.5702	1.6342431841072362	547.4229774706113
0.5712	1.6342440295603404	548.385897885649
0.5722	1.634244877095692	549.3488183021668
0.5732	1.6342457267132906	550.3117387201657
0.5742	1.6342465784131364	551.2746591396469
0.5752	1.634247432195229	552.2375795606115
0.5762	1.634248288059569	553.2004999830604
0.5771999999999999	1.634249146006156	554.1634204069944
0.5781999999999999	1.6342500060349903	555.126340832415
0.5791999999999999	1.6342508681460715	556.089261259323
0.5801999999999999	1.6342517323394	557.0521816877196
0.5811999999999999	1.6342525986149754	558.0151021176055
0.5821999999999999	1.6342534669727982	558.9780225489818
0.5831999999999999	1.634254337412868	559.9409429818497
0.5841999999999999	1.6342552099351852	560.9038634162102
0.5851999999999999	1.6342560845397494	561.8667838520641
0.5861999999999999	1.634256961226561	562.8297042894127
0.5871999999999999	1.6342578399956196	563.7926247282567
0.5882	1.6342587208469255	564.7555451685973
0.5892	1.6342596037804784	565.7184656104355
0.5902	1.6342604887962788	566.6813860537721
0.5912	1.6342613758943265	567.6443064986084
0.5922	1.6342622650746212	568.6072269449452
0.5932	1.6342631563371632	569.5701473927833
0.5942	1.6342640496819523	570.533067842124
0.5952	1.6342649451089888	571.495988292968
0.5962	1.6342658426182723	572.4589087453165
0.5972	1.6342667422098034	573.4218291991705
0.5982	1.6342676438835817	574.3847496545307
0.5992	1.634268547639607	575.3476701113982
0.6002	1.63426945347788	576.310590569774
0.6012	1.6342703613984004	577.2735110296591
0.6022	1.6342712714011678	578.2364314910543
0.6032	1.6342721834861826	579.1993519539607
0.6042	1.6342730976534448	580.1622724183792
0.6052	1.6342740139029541	581.1251928843106
0.6062	1.634274932234711	582.088113351756
0.6072	1.634275852648715	583.0510338207164
0.6082	1.6342767751449665	584.0139542911926
0.6092	1.6342776997234654	584.9768747631855
0.6102	1.6342786263842117	585.9397952366962
0.6112	1.6342795551272051	586.9027157117254
0.6122	1.6342804859524462	587.8656361882742
0.6132	1.6342814188599346	588.8285566663434
0.6142	1.6342823538496702	589.791477145934
0.6152	1.6342832909216534	590.7543976270468
0.6162	1.634284230075884	591.717318109683
0.6172	1.634285171312362	592.6802385938432
0.6182	1.6342861146310874	593.6431590795285
0.6192	1.6342870600320603	594.6060795667395
0.6202	1.6342880075152806	595.5690000554775
0.6212	1.6342889570807484	596.5319205457431
0.6222	1.6342899087284637	597.4948410375374
0.6232	1.6342908624584263	598.4577615308611
0.6242	1.6342918182706365	599.4206820257152
0.6252	1.6342927761650943	600.3836025221005
0.6262	1.6342937361417995	601.3465230200181
0.6272	1.687351494618942	602.3094435194687
0.6282	2.0371117558339877	603.2724485057977
0.6292	2.725201447978911	604.2360100870453
0.6302	3.4154328419931494	605.2006652624221
0.6312	4.107810215505697	606.1664156950629
0.6322	4.802337854266399	607.1332630496096
0.6332	5.49902005215847	608.1012089922169
0.6342	6.197861111211245	609.0702551905584
0.6352	6.898865341612696	610.0404033138318
0.6362	7.602037061722196	611.0116550327646
0.6372	8.30738059808343	611.9840120196201
0.6382	9.014900285436559	612.9574759482023
0.6392	9.72460046673172	613.9320484938625
0.6402	10.43648549314136	614.9077313335039
0.6412	11.150559724073062	615.8845261455876
0.6422	11.866827527182805	616.8624346101386
0.6432	12.585293278387324	617.8414584087503
0.6442	13.305961361877413	618.8215992245911
0.6452	14.028836170130788	619.8028587424092
0.6462	14.7539221039247	620.785238648538
0.6472	15.481223572349702	621.7687406309027
0.6482	16.210744992821862	622.7533663790243
0.6492	16.94249079109632	623.7391175840261
0.6502	17.676465401280186	624.7259959386384
0.6512	18.412673265845722	625.7140031372047
0.6522	19.15111883564353	626.7031408756866
0.6532	19.8918065699156	627.6934108516692
0.6542	20.634740936308457	628.6848147643667
0.6552	21.379926410886725	629.6773543146278
0.6562	22.127367478146034	630.6710312049407
0.6572	22.87706863102645	631.6658471394389
0.6582	23.62903437092571	632.6618038239063
0.6592	24.38326920771274	633.6589029657825
0.6602	25.139777659740854	634.6571462741683
0.6612	25.898564253861156	635.6565354598308
0.6622	26.65963352543611	636.6570722352088
0.6632	27.422990018352927	637.6587583144183
0.6642	28.188638285036898	638.661595413257
0.6652	28.95658288646512	639.6655852492106
0.6662	29.726828392179915	640.6707295414571
0.6672	30.499379380302614	641.6770300108731
0.6682	31.274240437546702	642.6844883800376
0.6692	32.051416159231984	643.6931063732386
0.6702	32.83091114929768	644.7028857164772
0.6712	33.61273002031683	645.713828137474
0.6722	34.39687739350909	646.7259353656729
0.6732	35.18335789875537	647.7392091322472
0.6742	35.972176174611086	648.7536511701047
0.6752	36.76333686831987	649.7692632138923
0.6762	37.55684463582784	650.7860470000015
0.6772	38.352704141797126	651.804004266574
0.6782	39.15092005961977	652.8231367535058
0.6792	39.951497071431774	653.843446202453
0.6802	40.75443986812707	654.8649343568371
0.6812	41.55975314937116	655.8876029618493
0.6822	42.36744162361548	656.9114537644563
0.6832	43.1775100081112	657.9364885134047
0.6842	43.989963028923434	658.9627089592269
0.6852	44.80480542094533	659.9901168542457
0.6862	45.622041927911816	661.0187139525789
0.6872	46.4416773024143	662.0485020101453
0.6882	47.26371630591455	663.079482784669
0.6892	48.088163708758636	664.1116580356846
0.6902	48.91502429019167	665.1450295245423
0.6912	49.74430283837167	666.1795990144129
0.6922	50.57600415038415	667.2153682702927
0.6932	51.41013303225607	668.2523390590086
0.6942	52.246694298970404	669.2905131492226
0.6952	53.085692774480606	670.3298923114379
0.6962	53.92713329172476	671.3704783180026
0.6972	54.77102069264008	672.4122729431153
0.6982	55.61735982817748	673.4552779628301
0.6992	56.466155558315855	674.499495155061
0.7002	57.31741275207688	675.5449262995877
0.7012	58.17113628753923	676.5915731780595
0.7022	59.02733105185339	677.6394375740012
0.7032	59.88600194125622	678.6885212728174
0.7041999999999999	60.74715386108526	679.7388260617972
0.7051999999999999	61.61079172579401	680.7903537301202
0.7061999999999999	62.47692045896597	681.8431060688598
0.7071999999999999	63.34554499332978	682.8970848709895
0.7081999999999999	64.21667027077375	683.9522919313869
0.7091999999999999	65.09030124236065	685.0087290468389
0.7101999999999999	65.96644286834271	686.0663980160466
0.7111999999999999	66.84510011817619	687.1253006396302
0.7121999999999999	67.72627797053629	688.1854387201332
0.7132	68.60998141333218	689.2468140620283
0.7142	69.49621544372171	690.3094284717214
0.7152	70.38498506812654	691.3732837575567
0.7162	71.27629530224708	692.4383817298217
0.7172	72.17015117107724	693.5047242007516
0.7182	73.06655770892004	694.572312984535
0.7192	73.96551995940179	695.6411498973171
0.7202	74.86704297548819	696.7112367572063
0.7212	75.77113181949856	697.7825753842776
0.7222	76.67779156312145	698.8551676005783
0.7232	77.58702728742992	699.9290152301323
0.7242	78.49884408289635	701.0041200989451
0.7252	79.4132470494079	702.0804840350082
0.7262	80.33024129628177	703.1581088683043
0.7272	81.24983194228068	704.2369964308123
0.7282	82.17202411562756	705.3171485565108
0.7292	83.09682295402172	706.3985670813845
0.7302	84.02423360465359	707.4812538434278
0.7312	84.95426122422053	708.56521068265
0.7322	85.88681399061653	709.6504394410797
0.7332	86.82134827022897	710.7369418304531
0.7342	87.75722491668623	711.824718816478
0.7352	88.69444458603242	712.913770491459
0.7362	89.63300793492634	714.0040969483421
0.7372	90.57291562064037	715.0956982807126
0.7382	91.51416830105958	716.1885745827934
0.7392	92.45676663468097	717.2827259494438
0.7402	93.40071128061227	718.3781524761569
0.7412	94.34600289857111	719.474854259058
0.7422	95.29264214888417	720.5728313949036
0.7432	96.2406296924861	721.6720839810787
0.7442	97.18996619091881	722.772612115596
0.7452	98.1406523063304	723.8744158970933
0.7462	99.09268870147442	724.9774954248326
0.7472	100.04607603970862	726.0818507986976
0.7482	101.00081498499443	727.1874821191927
0.7492	101.9569062018961	728.2943894874413
0.7502	102.91435035557917	729.4025730051833
0.7512	103.87314811181069	730.5120327747745
0.7522	104.83330013695709	731.6227688991842
0.7532	105.79480709798446	732.7347814819939
0.7542	106.75766966245685	733.8480706273956
0.7552	107.72188849853575	734.9626364401901
0.7562	108.68746427497923	736.0784790257852
0.7572	109.65439766114122	737.1955984901948
0.7582	110.62268932697027	738.3139949400363
0.7592	111.59233994300902	739.4336684825296
0.7602	112.56335018039326	740.5546192254953
0.7612	113.53572071085115	741.6768472773535
0.7622	114.50945220670224	742.8003527471215
0.7632	115.48454534085688	743.9251357444126
0.7642	116.46100078681539	745.051196379435
0.7652	117.43881921866665	746.1785347629893
0.7662	118.41800131108842	747.307151006468
0.7672	119.39854773934526	748.4370452218525
0.7682	120.38045917928878	749.5682175217133
0.7692	121.36373630735622	750.7006680192073
0.7702	122.34837980056973	751.8343968280764
0.7712	123.33439033653607	752.9694040626465
0.7722	124.32176859344499	754.1056898378254
0.7732	125.31051525006914	755.2432542691015
0.7742	126.30063098576304	756.3820974725427
0.7752	127.2921164804623	757.5222195647942
0.7762	128.28497241468276	758.6636206630775
0.7772	129.27919946952005	759.8063008851889
0.7782	130.27479832664832	760.9502603494975
0.7792	131.27176966832013	762.0954991749448
0.7802	132.27011417736503	763.2420174810421
0.7812	133.2698325371892	764.3898153878697
0.7822	134.27092543177463	765.5388930160751
0.7832	135.27339354567854	766.6892504868722
0.7842	136.27723756403222	767.840887922039
0.7852	137.2824581725407	768.9938054439167
0.7862	138.2890560574818	770.1480031754082
0.7872	139.2970319057054	771.3034812399767
0.7882	140.30638640463306	772.4602397616442
0.7892	141.31712024225686	773.6182788649901
0.7902	142.32923410713875	774.7775986751499
0.7912	143.34272868841018	775.9381993178138
0.7922	144.35760467577092	777.100080919225
0.7932	145.3738627594889	778.2632436061791
0.7942	146.39150363039894	779.4276875060218
0.7952	147.41052797990238	780.5934127466481
0.7962	148.43093649996652	781.760419456501
0.7972	149.45272988312357	782.9287077645696
0.7982	150.47590882247013	784.0982778003882
0.7992	151.50047401166654	785.2691296940351
0.8002	152.5264261449363	786.4412635761306
0.8012	153.55376591706508	787.6146795778365
0.8022	154.5824940234005	788.7893778308542
0.8032	155.6126111598511	789.9653584674236
0.8042	156.64411802288552	791.1426216203215
0.8052	157.6770153095325	792.3211674228609
0.8062	158.71130371737974	793.500996008889
0.8072	159.74698394457326	794.6821075127865
0.8082	160.78405668981685	795.864502069466
0.8092	161.8225226523714	797.0481798143704
0.8102	162.86238253205428	798.2331408834725
0.8112	163.90363702923878	799.419385413273
0.8122	164.94628684485318	800.6069135407992
0.8132	165.99033268038048	801.7957254036043
0.8142	167.03577523785754	802.9858211397657
0.8152	168.08261521987467	804.177200887884
0.8162	169.1308533295745	805.3698647870814
0.8172	170.18049027065226	806.5638129770008
0.8182	171.2315267473541	807.7590455978044
0.8192	172.28396346447735	808.9555627901725
0.8202	173.33780112736946	810.1533646953025
0.8212	174.39304044192752	811.3524514549072
0.8222	175.44968211459752	812.5528232112139
0.8232	176.50772685237405	813.7544801069632
0.8242	177.5671753627995	814.957422285408
0.8252	178.6280283539633	816.1616498903115
0.8262	179.6902865345017	817.367163065947
0.8272	180.75395061359703	818.5739619570961
0.8282	181.81902130097689	819.7820467090476
0.8292	182.88549930691408	820.9914174675965
0.8302	183.95338534222537	822.2020743790428
0.8312	185.02268011827155	823.41401759019
0.8322	186.0933843469564	824.6272472483446
0.8331999999999999	187.16549874072624	825.841763501314
0.8341999999999999	188.23902401256973	827.0575664974062
0.8351999999999999	189.31396087601667	828.2746563854284
0.8361999999999999	190.390310045138	829.4930333146857
0.8371999999999999	191.46807223454496	830.71269743498
0.8382	192.54724815938837	831.9336488966087
0.8392	193.62783853535856	833.1558878503643
0.8402	194.70984407868463	834.3794144475323
0.8412	195.79326550613342	835.6042288398907
0.8422	196.8781035350098	836.8303311797085
0.8432	197.9643588831556	838.0577216197454
0.8442	199.05203226894915	839.2864003132496
0.8452	200.14112441130465	840.5163674139571
0.8462	201.23163602967202	841.7476230760911
0.8472	202.32356784403603	842.9801674543603
0.8482	203.41692057491576	844.2140007039578
0.8492	204.51169494336452	845.4491229805608
0.8502	205.60789167096846	846.6855344403282
0.8512	206.70551147984722	847.9232352399011
0.8522	207.80455509265227	849.1622255364003
0.8532	208.9050232325671	850.402505487426
0.8542	210.0069166233067	851.6440752510566
0.8552	211.11023598911663	852.8869349858478
0.8562	212.2149820547729	854.131084850831
0.8572	213.32115554558138	855.3765250055131
0.8582	214.42875718737713	856.6232556098746
0.8592	215.537787706524	857.8712768243689
0.8602	216.64824782991445	859.1205888099216
0.8612	217.76013828496852	860.371191727929
0.8622	218.87345979963357	861.6230857402571
0.8632	219.98821310238415	862.8762710092411
0.8642	221.1043989222209	864.1307476976837
0.8652	222.2220179886705	865.3865159688544
0.8662	223.34107103178488	866.6435759864885
0.8672	224.46155878214122	867.9019279147863
0.8682	225.58348197084106	869.1615719184115
0.8692	226.7068413295097	870.4225081624907
0.8702	227.83163759029645	871.6847368126124
0.8712	228.95787148587323	872.9482580348257
0.8722	230.08554374943498	874.2130719956397
0.8732	231.21465511469856	875.4791788620221
0.8742	232.3452063159027	876.7465788013986
0.8752	233.47719808780704	878.0152719816517
0.8762	234.6106311656923	879.2852585711196
0.8772	235.74550628535968	880.5565387385959
0.8782	236.88182418312985	881.8291126533277
0.8792	238.01958559584324	883.1029804850152
0.8802	239.15879126085915	884.3781424038108
0.8812	240.29944191605557	885.6545985803178
0.8822	241.44153829982852	886.9323491855899
0.8832	242.5850811510917	888.2113943911299
0.8842	243.73007120927622	889.4917343688888
0.8852	244.87650921432967	890.7733692912649
0.8862	246.02439590671636	892.0562993311029
0.8872	247.1737320274165	893.340524661693
0.8882	248.32451831792577	894.6260454567703
0.8892	249.476755520255	895.9128618905129
0.8902	250.63044437692972	897.200974137542
0.8912	251.78558563098974	898.4903823729204
0.8922	252.94218002598876	899.781086772152
0.8932	254.10022830599394	901.0730875111805
0.8942	255.25973121558542	902.3663847663887
0.8952	256.42068949985594	903.6609787145976
0.8962	257.5831039044106	904.9568695330655
0.8972	258.74697517536634	906.2540573994871
0.8982	259.9123040593513	907.5525424919925
0.8992	261.07909130350475	908.8523249891465
0.9002	262.2473376554768	910.1534050699477
0.9012	263.41704386342735	911.4557829138271
0.9022	264.5882106760264	912.7594587006483
0.9032	265.76083884245344	914.0644326107058
0.9042	266.93492911239684	915.3707048247242
0.9052	268.11048223605366	916.6782755238573
0.9062	269.2874989641293	917.9871448896881
0.9072	270.46598004783704	919.2973131042265
0.9082	271.6459262388975	920.6087803499096
0.9092	272.82733828953883	921.9215468096003
0.9102	274.0102169524954	923.2356126665867
0.9112	275.1945629810084	924.5509781045812
0.9122	276.3803771288247	925.8676433077194
0.9132	277.567660150197	927.1856084605597
0.9142	278.75641279988315	928.5048737480821
0.9152	279.94663583314605	929.8254393556876
0.9162	281.1383300057528	931.1473054691972
0.9172	282.3314960739751	932.4704722748514
0.9182	283.5261347945881	933.7949399593087
0.9192	284.72224692487043	935.1207087096457
0.9202	285.91983322260404	936.4477787133553
0.9212	287.11889444607334	937.7761501583469
0.9222	288.3194313540653	939.1058232329448
0.9232	289.52144470586865	940.4367981258875
0.9242	290.7249352612742	941.7690750263278
0.9252	291.92990378057357	943.1026541238301
0.9262	293.1363510245599	944.437535608372
0.9272	294.3442777545266	945.7737196703415
0.9282	295.55368473226736	947.1112065005372
0.9292	296.76457272007605	948.4499962901674
0.9302	297.97694248074595	949.7900892308492
0.9312	299.1907947775697	951.1314855146077
0.9322	300.4061303743387	952.4741853338751
0.9332	301.62295003534325	953.8181888814903
0.9342	302.8412545253717	955.163496350698
0.9352	304.0610446097104	956.5101079351475
0.9362	305.28232105414344	957.8580238288928
0.9372	306.50508462495185	959.2072442263907
0.9382	307.7293360889139	960.5577693225009
0.9392	308.9550762133045	961.9095993124853
0.9402	310.18230576589485	963.2627343920066
0.9412	311.4110255149521	964.6171747571278
0.9422	312.6412362292389	965.972920604312
0.9432	313.87293867801367	967.3299721304207
0.9442	315.1061336310296	968.688329532714
0.9452	316.34082185853464	970.047993008849
0.9462	317.5770041312711	971.4089627568794
0.9472	318.8146812204758	972.7712389752555
0.9482	320.05385389787887	974.1348218628223
0.9492	321.2945229357041	975.4997116188191
0.9502	322.5366891066687	976.8659084428795
0.9512	323.7803531839824	978.2334125350295
0.9522	325.02551594134803	979.602224095688
0.9532	326.2721781529601	980.9723433256651
0.9542	327.5203405935058	982.343770426162
0.9552	328.7700040381634	983.7165055987697
0.9562	330.02116926260294	985.090549045469
0.9572	331.2738370429854	986.4659009686292
0.9582	332.52800815596294	987.842561571008
0.9592	333.78368337867767	989.2205310557499
0.9601999999999999	335.0408634887624	990.5998096263863
0.9611999999999999	336.29954926433993	991.9803974868348
0.9621999999999999	337.55974148402254	993.3622948413978
0.9632	338.8214409269119	994.7455018947624
0.9642	340.0846483725989	996.1300188519995
0.9652	341.3493646011632	997.5158459185632
0.9662	342.615590393173	998.9029833002902
0.9672	343.88332652968495	1000.2914312033989
0.9682	345.1525737922435	1001.6811898344888
0.9692	346.423332962881	1003.0722594005398
0.9702	347.6956048241171	1004.4646401089117
0.9712	348.96939015895873	1005.8583321673434
0.9722	350.24468975089974	1007.253335783952
0.9732	351.5215043839207	1008.6496511672327
0.9742	352.79983484248845	1010.0472785260575
0.9752	354.07968191155595	1011.446218069675
0.9762	355.3610463765621	1012.8464700077094
0.9772	356.64392902343155	1014.2480345501605
0.9782	357.9283306385738	1015.6509119074018
0.9792	359.214252008884	1017.0551022901813
0.9802	360.5016939217418	1018.4606059096196
0.9812	361.7906571650114	1019.8674229772105
0.9822	363.0811425270416	1021.275553704819
0.9832	364.3731507966649	1022.6849983046817
0.9842	365.6666827631979	1024.0957569894056
0.9852	366.9617392164405	1025.5078299719676
0.9862	368.25832094667624	1026.9212174657143
0.9872	369.5564287446713	1028.3359196843605
0.9882	370.8560634016751	1029.7519368419896
0.9892	372.1572257094193	1031.1692691530518
0.9902	373.4599164601184	1032.5879168323645
0.9912	374.76413644646794	1034.0078800951107
0.9922	376.0698864616468	1035.4291591568401
0.9932	377.3771672993142	1036.8517542334662
0.9942	378.6859797536115	1038.2756655412675
0.9952	379.99632461916053	1039.7008932968854
0.9962	381.30820269106476	1041.1274377173254
0.9972	382.6216147649079	1042.5552990199549
0.9982	383.93656163675405	1043.984477422503
0.9992	385.25304410314783	1045.4149731430605
1.0002	386.5710629611135	1046.8467864000786
1.0012	387.8906190081555	1048.2799174123686
1.0022	389.2117130422572	1049.7143663991012
1.0032	390.5343458618819	1051.1501335798062
1.0042	391.85851826597144	1052.587219174371
1.0052	393.184231053947	1054.0256234030417
1.0062	394.51148502570743	1055.46534648642
1.0072	395.84028098163174	1056.906388645466
1.0082	397.1706197225754	1058.3487501014938
1.0092	398.50250204987293	1059.7924310761744
1.0102	399.8359287653358	1061.2374317915321
1.0112	401.170900671254	1062.6837524699467
1.0122	402.5074185703937	1064.1313933341505
1.0132	403.8454832659996	1065.5803546072298
1.0142	405.18509556179157	1067.0306365126219
1.0152	406.52625626196806	1068.4822392741178
1.0162	407.8689661712023	1069.935163115858
1.0172	409.2132260946452	1071.3894082623349
1.0182	410.5590368379225	1072.8449749383901
1.0192	411.9063992071371	1074.301863369216
1.0202	413.25531400886615	1075.7600737803527
1.0212	414.6057820501638	1077.21960639769
1.0222	415.95780413855806	1078.6804614474647
1.0232	417.31138108205295	1080.142639156261
1.0242	418.6665136891268	1081.6061397510105
1.0252	420.0232027687329	1083.0709634589903
1.0262	421.3814491302996	1084.537110507824
1.0272	422.7412535837277	1086.0045811254793
1.0282	424.10261693939435	1087.4733755402697
1.0292	425.46554000814865	1088.9434939808514
1.0302	426.83002360131496	1090.4149366762256
1.0312	428.1960685306898	1091.887703855735
1.0322	429.5636756085444	1093.3617957490665
1.0332	430.9328456476214	1094.8372125862463
1.0342	432.30357946113804	1096.3139545976446
1.0352	433.67587786278347	1097.7920220139708
1.0362	435.0497416667195	1099.2714150662753
1.0372	436.4251716875803	1100.7521339859477
1.0382	437.8021687404728	1102.2341790047178
1.0392	439.18073364097467	1103.7175503546528
1.0402	440.56086720513713	1105.2022482681593
1.0412	441.94257024948155	1106.6882729779807
1.0422	443.3258435910018	1108.1756247171982
1.0432	444.7106880471624	1109.6643037192289
1.0442	446.0971044358994	1111.1543102178266
1.0452	447.48509357561966	1112.6456444470805
1.0462	448.87465628520107	1114.138306641415
1.0472	450.26579338399154	1115.6322970355889
1.0482	451.65850569181015	1117.1276158646951
1.0492	453.05279402894564	1118.6242633641602
1.0502	454.44865921615747	1120.1222397697438
1.0512	455.84610207467404	1121.6215453175373
1.0522	457.24512342619494	1123.1221802439659
1.0532	458.64572409288786	1124.6241447857842
1.0542	460.04790489739133	1126.12743918008
1.0552	461.4516666628118	1127.6320636642697
1.0562	462.85701021272627	1129.1380184761013
1.0572	464.26393637117906	1130.6453038536508
1.0582	465.6724459626848	1132.153920035325
1.0592	467.0825398122256	1133.6638672598579
1.0602	468.4942187452529	1135.1751457663124
1.0612	469.90748358768565	1136.6877557940784
1.0622	471.3223351659119	1138.2016975828737
1.0632	472.7387743067866	1139.716971372742
1.0642	474.1568018376338	1141.2335774040537
1.0652	475.5764185862436	1142.7515159175039
1.0662	476.9976253808755	1144.2707871541143
1.0672	478.42042305025495	1145.7913913552302
1.0682	479.8448124235755	1147.3133287625221
1.0692	481.2707943304969	1148.8365996179832
1.0702	482.69836960114685	1150.3612041639308
1.0712	484.1275390661192	1151.8871426430046
1.0722	485.558303556475	1153.4144152981673
1.0732	486.9906639037405	1154.9430223727022
1.0742	488.42462093991	1156.4729641102156
1.0752	489.86017549744287	1158.0042407546337
1.0762	491.29732840926516	1159.5368525502038
1.0772	492.73608050876805	1161.0707997414922
1.0782	494.17643262980994	1162.6060825733869
1.0792	495.6183856067128	1164.1427012910924
1.0802	497.0619402742662	1165.680656140134
1.0812	498.5070974677235	1167.2199473663538
1.0822	499.95385802280435	1168.7605752159127
1.0832	501.4022227756929	1170.3025399352882
1.0842	502.8521925630385	1171.845841771275
1.0852	504.3037682219551	1173.390480970984
1.0862	505.75695059002175	1174.9364577818426
1.0872	507.21174050528134	1176.4837724515928
1.0882	508.6681388062422	1178.0324252282928
1.0892	510.1261463318758	1179.5824163603143
1.0902	511.58576392161916	1181.1337460963446
1.0912	513.0469924153715	1182.6864146853827
1.0922	514.509832653498	1184.2404223767435
1.0932	515.9742854768259	1185.7957694200525
1.0942	517.4403517266472	1187.352456065249
1.0952	518.908032244717	1188.9104825625839
1.0962	520.3773278732539	1190.4698491626195
1.0972	521.8482394549394	1192.0305561162295
1.0982	523.3207678329188	1193.5926036745986
1.0992	524.7949138508001	1195.1559920892212
1.1002	526.2706783526543	1196.720721611902
1.1012	527.7480621830147	1198.2867924947548
1.1022	529.2270661868786	1199.8542049902032
1.1032	530.7076912097041	1201.4229593509783
1.1042	532.1899380974133	1202.9930558301205
1.1052	533.6738076963895	1204.5644946809768
1.1062	535.1593008534791	1206.137276157203
1.1072	536.6464184159898	1207.7114005127603
1.1082	538.1351612316922	1209.2868680019178
1.1092	539.6255301488175	1210.8636788792494
1.1102	541.1175260160599	1212.441833399636
1.1112	542.6111496825744	1214.0213318182625
1.1122	544.1064019979785	1215.6021743906203
1.1132	545.6032838123496	1217.1843613725032
1.1142	547.1017959762282	1218.7678930200113
1.1152	548.6019393406145	1220.3527695895464
1.1162	550.1037147569708	1221.9389913378147
1.1172	551.60712307722	1223.526558521825
1.1182	553.1121651537459	1225.1154713988888
1.1192	554.6188418393926	1226.7057302266185
1.1202	556.1271539874665	1228.2973352629301
1.1212	557.6371024517327	1229.8902867660393
1.1222	559.1486880864178	1231.4845849944631
1.1232	560.6619117462083	1233.080230207019
1.1242	562.1767742862517	1234.6772226628252
1.1252	563.6932765621548	1236.2755626212984
1.1262	565.211419429985	1237.8752503421556
1.1272	566.7312037462693	1239.4762860854119
1.1282	568.2526303679955	1241.078670111382
1.1292	569.7757001526096	1242.6824026806773
1.1302	571.3004139580191	1244.2874840542088
1.1312	572.8267726425894	1245.8939144931826
1.1322	574.3547770651471	1247.5016942591042
1.1332	575.8844280849762	1249.1108236137732
1.1342	577.4157265618225	1250.721302819288
1.1352	578.9486733558883	1252.3331321380408
1.1362	580.4832693278374	1253.9463118327205
1.1372	582.0195153387909	1255.5608421663103
1.1382	583.5574122503301	1257.1767234020888
1.1392	585.0969609244943	1258.7939558036283
1.1402	586.638162223782	1260.4125396347956
1.1412	588.1810170111502	1262.0324751597507
1.1422	589.7255261500151	1263.6537626429476
1.1432	591.2716905042499	1265.2764023491316
1.1442	592.8195109381884	1266.9003945433424
1.1452	594.3689883166204	1268.5257394909102
1.1462	595.9201235047962	1270.152437457458
1.1472	597.4729173684225	1271.7804887088998
1.1482	599.0273707736653	1273.4098935114414
1.1492	600.5834845871475	1275.0406521315774
1.1502000000000001	602.1412596759515	1276.672764836095
1.1512	603.7006969076152	1278.306231892069
1.1522000000000001	605.2617971501371	1279.9410535668665
1.1532	606.8245612719711	1281.5772301281415
1.1542	608.3889901420296	1283.2147618438378
1.1552	609.9550846296833	1284.8536489821886
1.1562	611.5228456047585	1286.4938918117132
1.1572	613.0922739375409	1288.135490601221
1.1582	614.6633704987717	1289.7784456198067
1.1592	616.2361361596511	1291.4227571368544
1.1602	617.810571791835	1293.0684254220332
1.1612	619.3866782674373	1294.7154507452997
1.1622	620.9644564590279	1296.3638333768952
1.1632	622.5439072396356	1298.013573587349
1.1642	624.1250314827433	1299.664671647473
1.1652	625.7078300622934	1301.3171278283667
1.1662	627.292303852683	1302.9709424014125
1.1672	628.8784537287672	1304.6261156382786
1.1682	630.466280565857	1306.2826478109162
1.1692	632.0557852397205	1307.9405391915607
1.1702	633.6469686265814	1309.5997900527304
1.1712	635.2398316031206	1311.2604006672273
1.1722	636.8343750464747	1312.922371308135
1.1732	638.4305998342372	1314.585702248821
1.1742	640.0285068444571	1316.250393762933
1.1752	641.6280969556408	1317.9164461244025
1.1762	643.2293710467486	1319.5838596074395
1.1772	644.8323299971995	1321.2526344865387
1.1782	646.4369746868658	1322.9227710364717
1.1792	648.0433059960781	1324.5942695322935
1.1802	649.6513248056206	1326.267130249337
1.1812	651.2610319967353	1327.9413534632165
1.1822	652.8724284511179	1329.616939449824
1.1832	654.4855150509221	1331.2938884853327
1.1842	656.1002926787546	1332.972200846192
1.1852	657.7167622176803	1334.651876809132
1.1862	659.3349245512169	1336.3329166511592
1.1872	660.9547805633399	1338.0153206495593
1.1882	662.5763311384784	1339.699089081894
1.1892	664.1995771615182	1341.3842222260039
1.1902	665.824519517799	1343.0707203600045
1.1912	667.4511590931168	1344.7585837622894
1.1922	669.0794967737221	1346.4478127115274
1.1932	670.7095334463216	1348.1384074866642
1.1942	672.341269998075	1349.8303683669192
1.1952	673.9747073165993	1351.5236956317895
1.1962	675.6098462899645	1353.2183895610451
1.1972	677.2466878066971	1354.914450434732
1.1982	678.8852327557769	1356.6118785331696
1.1992	680.5254820266404	1358.3106741369527
1.2002	682.1674365091765	1360.0108375269474
1.2012	683.8110970937313	1361.712368984296
1.2022	685.4564646711035	1363.4152687904118
1.2032	687.103540132548	1365.1195372269824
1.2042	688.7523243697727	1366.8251745759662
1.2052	690.4028182749416	1368.5321811195959
1.2062	692.0550227406719	1370.2405571403742
1.2072	693.7089386600364	1371.950302921077
1.2082	695.3645669265607	1373.6614187447499
1.2092	697.0219084342267	1375.3739048947111
1.2102	698.6809640774691	1377.0877616545483
1.2112	700.3417347511777	1378.8029893081205
1.2122	702.0042213506958	1380.519588139556
1.2132	703.668424771822	1382.2375584332535
1.2142	705.3343459108074	1383.9569004738808
1.2152	707.0019856643593	1385.677614546376
1.2162	708.6713449296369	1387.3997009359443
1.2172	710.3424246042554	1389.1231599280616
1.2182	712.015225586282	1390.8479918084702
1.2192	713.6897487742401	1392.5741968631826
1.2202	715.365995067105	1394.3017753784773
1.2212	717.0439653643072	1396.0307276409012
1.2222	718.72366056573	1397.761053937268
1.2232	720.4050815717121	1399.4927545546589
1.2242	722.0882292830438	1401.2258297804208
1.2252	723.7731046009715	1402.9602799021688
1.2262	725.459708427193	1404.6961052077816
1.2272	727.148041663862	1406.433305985406
1.2282	728.838105213584	1408.1718825234523
1.2292	730.5298999794195	1409.9118351105983
1.2302	732.2230380726202	1411.6531640357844
1.2312	733.9156118632943	1413.3958692723834
1.2322	735.6062070437243	1415.1399492443834
1.2332	737.2948157570377	1416.8854012303557
1.2342	738.9814301599826	1418.6322225069123
1.2352	740.6660424229614	1420.3804103487255
1.2362	742.3486447300576	1422.12996202854
1.2372	744.0292292790679	1423.8808748171916
1.2382	745.707788281529	1425.6331459836204
1.2392	747.3843139627504	1427.3867727948887
1.2402	749.0587985618404	1429.1417525161944
1.2412	750.7312343317378	1430.8980824108899
1.2422	752.4016135392388	1432.6557597404933
1.2432	754.0699284650274	1434.4147817647086
1.2442	755.7361714037013	1436.1751457414366
1.2452	757.4003346638043	1437.9368489267956
1.2462	759.0624105678501	1439.6998885751318
1.2472	760.7223914523536	1441.4642619390386
1.2482	762.3802696678567	1443.2299662693697
1.2492	764.036037578958	1444.9969988152561
1.2502	765.6896875643372	1446.7653568241199
1.2512	767.3412120167861	1448.5350375416917
1.2522	768.9906033432326	1450.3060382120234
1.2532	770.6378539647698	1452.0783560775062
1.2542	772.2829563166815	1453.8519883788836
1.2552	773.9259028484697	1455.626932355268
1.2562	775.56668602388	1457.4031852441553
1.2572	777.20529832093	1459.1807442814415
1.2582	778.8417322319322	1460.9596067014347
1.2592	780.4759802635234	1462.739769736874
1.2602	782.1080349366877	1464.5212306189417
1.2612	783.7378887867839	1466.3039865772805
1.2622	785.36553436357	1468.088034840007
1.2632	786.9909642312293	1469.8733726337275
1.2642	788.6141709683942	1471.6599971835528
1.2652	790.2351471681731	1473.447905713114
1.2662	791.8538854381725	1475.2370954445753
1.2672	793.4703784005249	1477.0275635986516
1.2682	795.0846186919099	1478.819307394621
1.2692	796.6965989635817	1480.6123240503423
1.2702	798.3063118813899	1482.4066107822666
1.2712	799.9137501258065	1484.2021648054551
1.2722	801.5189063919471	1485.9989833335917
1.2732	803.1217733895973	1487.7970635789998
1.2742	804.7223438432327	1489.5964027526545
1.2752000000000001	806.320610492046	1491.3969980642003
1.2762	807.9165660899666	1493.1988467219626
1.2772000000000001	809.5102034056863	1495.001945932965
1.2782	811.10151522268	1496.8062929029425
1.2792000000000001	812.6904943392299	1498.6118848363565
1.2802	814.2771335684471	1500.4187189364088
1.2812	815.8614257382941	1502.2267924050575
1.2822	817.4433636916078	1504.0361024430308
1.2832	819.0229402861189	1505.8466462498395
1.2842	820.6001483944775	1507.6584210237957
1.2852	822.1749809042708	1509.4714239620223
1.2862	823.7474307180486	1511.2856522604725
1.2872	825.3174907533405	1513.1011031139392
1.2882	826.8851539426811	1514.9177737160737
1.2892	828.450413233627	1516.7356612593958
1.2902	830.0132615887818	1518.5547629353125
1.2912	831.5736919858132	1520.3750759341285
1.2922	833.131697417476	1522.196597445063
1.2932	834.6872708916301	1524.0193246562612
1.2942	836.240405431264	1525.8432547548125
1.2952	837.7910940745116	1527.6683849267602
1.2962	839.3393298746745	1529.4947123571192
1.2972	840.8851059002393	1531.322234229887
1.2982	842.4284152349	1533.1509477280608
1.2992	843.9692509775753	1534.980850033649
1.3002	845.5076062424292	1536.8119383276874
1.3012	847.0434741588886	1538.6442097902502
1.3022	848.5768478716641	1540.4776616004679
1.3032	850.1077205407669	1542.312290936537
1.3042	851.6360853415297	1544.1480949757379
1.3052	853.1619354646224	1545.9850708944452
1.3062	854.6852641160732	1547.8232158681444
1.3072	856.2060645172846	1549.6625270714435
1.3082	857.7243299050534	1551.5030016780886
1.3092	859.240053531586	1553.3446368609757
1.3102	860.7532286645194	1555.187429792167
1.3112	862.2638485869348	1557.031377642901
1.3122	863.7719065973797	1558.8764775836105
1.3132	865.2773960098804	1560.7227267839319
1.3142	866.7803101539631	1562.5701224127226
1.3152	868.2806423746679	1564.4186616380719
1.3162	869.7783860325676	1566.268341627316
1.3172	871.2735345037826	1568.1191595470498
1.3182	872.7660811799997	1569.9711125631434
1.3192	874.2560194684858	1571.8241978407525
1.3202	875.7433427921064	1573.678412544334
1.3212	877.2280445893394	1575.533753837657
1.3222	878.710118314294	1577.39021888382
1.3232	880.1895574367229	1579.247804845259
1.3242	881.6663554420413	1581.106508883767
1.3252	883.1405058313387	1582.966328160501
1.3262	884.6120021213984	1584.8272598360006
1.3272	886.0808378447088	1586.6893010701972
1.3282	887.5470065494811	1588.5524490224307
1.3292	889.0105017996627	1590.4167008514592
1.3302	890.4713171749523	1592.282053715475
1.3312	891.9294462708141	1594.1485047721155
1.3322	893.3848826984938	1596.0160511784793
1.3332	894.8376200850302	1597.884690091135
1.3342	896.2876520732718	1599.7544186661387
1.3352	897.734972321889	1601.6252340590427
1.3362	899.17957450539	1603.497133424913
1.3372	900.6214523141311	1605.370113918338
1.3382	902.0605994543341	1607.2441726934442
1.3392	903.497009648097	1609.1193069039077
1.3402	904.9306766334088	1610.995513702969
1.3412	906.3615941641607	1612.872790243442
1.3422	907.789756010162	1614.751133677732
1.3432	909.2151559571495	1616.630541157843
1.3442	910.6377878068035	1618.5110098353957
1.3452	912.0576453767573	1620.392536861635
1.3462	913.4747225006121	1622.275119387448
1.3472	914.8890130279472	1624.158754563372
1.3482	916.3005108243345	1626.0434395396107
1.3492	917.7092097713472	1627.9291714660435
1.3502	919.1151037665753	1629.815947492242
1.3512	920.5181867236336	1631.703764767478
1.3522	921.918452572177	1633.5926204407413
1.3532	923.3158952579082	1635.482511660746
1.3542	924.7105087425922	1637.3734355759493
1.3552	926.1022870040646	1639.2653893345584
1.3562	927.4912240362456	1641.1583700845479
1.3572	928.8773138491478	1643.0523749736672
1.3582	930.2605504688892	1644.9474011494576
1.3592	931.6409279377018	1646.8434457592602
1.3602	933.0184403139447	1648.7405059502325
1.3612	934.3930816721113	1650.638578869357
1.3622	935.7648461028421	1652.5376616634555
1.3632	937.1337277129325	1654.4377514792006
1.3642	938.499720625345	1656.338845463129
1.3652	939.8628189792165	1658.2409407616508
1.3662	941.2230169298705	1660.1440345210656
1.3672	942.5803086488235	1662.0481238875707
1.3682	943.9346883237974	1663.9532060072763
1.3692	945.286150158727	1665.8592780262156
1.3702	946.6346883737693	1667.7663370903579
1.3712	947.9802972053125	1669.674380345619
1.3722	949.3229709059854	1671.5834049378764
1.3732	950.6627037446644	1673.493408012976
1.3742	951.9994900064845	1675.4043867167502
1.3752	953.3333239928456	1677.3163381950249
1.3762	954.6642000214218	1679.2292595936335
1.3772	955.992112426169	1681.1431480584276
1.3782	957.3170555573338	1683.0580007352912
1.3792	958.6390237814602	1684.973814770149
1.3802	959.9580114813984	1686.8905873089807
1.3812	961.2740130563113	1688.8083154978312
1.3822	962.5870229216835	1690.7269964828245
1.3832	963.8970355093268	1692.6466274101715
1.3842	965.2040452673895	1694.567205426186
1.3852	966.5080466603612	1696.4887276772924
1.3862	967.809034169082	1698.4111913100403
1.3872	969.1070022907473	1700.3345934711135
1.3882	970.401945538917	1702.2589313073445
1.3892	971.6938584435187	1704.1842019657222
1.3902	972.9827355508577	1706.1104025934071
1.3912	974.2685714236205	1708.0375303377396
1.3922	975.5513606408831	1709.9655823462535
1.3932	976.8310977981151	1711.8945557666862
1.3942	978.107777507188	1713.8244477469912
1.3952	979.3813943963779	1715.755255435347
1.3962	980.651943110375	1717.6869759801723
1.3972	981.9194183102856	1719.6196065301326
1.3982	983.1838146736401	1721.553144234156
1.3992	984.4451268943963	1723.4875862414397
1.4002000000000001	985.7033496829465	1725.4229297014658
1.4012	986.9584777661213	1727.359171764009
1.4022000000000001	988.2105058871949	1729.2963095791495
1.4032	989.4594288058901	1731.234340297283
1.4042000000000001	990.7052412983825	1733.1732610691329
1.4052	991.9479381573054	1735.1130690457596
1.4062000000000001	993.1875141917551	1737.0537613785743
1.4072	994.4239642272929	1738.9953352193463
1.4082	995.6572831059519	1740.9377877202173
1.4092	996.8874656862399	1742.8811160337104
1.4102	998.1145068431427	1744.825317312741
1.4112	999.3384014681299	1746.770388710629
1.4122	1000.5591444691556	1748.7163273811077
1.4132	1001.7767307706656	1750.6631304783366
1.4142	1002.991155313598	1752.6107951569104
1.4152	1004.2024130553881	1754.5593185718708
1.4162	1005.4104989699706	1756.508697878717
1.4172	1006.6154080477843	1758.4589302334166
1.4182	1007.817135295773	1760.410012792415
1.4192	1009.0156757373903	1762.3619427126482
1.4202	1010.2110244126012	1764.3147171515511
1.4212	1011.4031763778852	1766.2683332670701
1.4222	1012.5921267062383	1768.2227882176717
1.4232	1013.7778704871771	1770.1780791623553
1.4242	1014.9604028267383	1772.1342032606608
1.4252	1016.1397188474837	1774.0911576726824
1.4262	1017.3158136884998	1776.0489395590757
1.4272	1018.4886825054024	1778.007546081071
1.4282	1019.6583204703355	1779.9669744004811
1.4292	1020.824722771976	1781.9272216797146
1.4302	1021.9878846155322	1783.8882850817822
1.4312	1023.1478012227486	1785.850161770312
1.4322	1024.304467831904	1787.8128489095545
1.4332	1025.457879697816	1789.776343664398
1.4342	1026.6080320918384	1791.7406432003734
1.4352	1027.7549203018668	1793.70574468367
1.4362	1028.8985396323349	1795.6716452811406
1.4372	1030.0388854042187	1797.6383421603157
1.4382	1031.1759529550357	1799.6058324894107
1.4392	1032.3097376388457	1801.5741134373375
1.4402	1033.440234826251	1803.5431821737134
1.4412	1034.567439904398	1805.5130358688732
1.4422	1035.6913482769753	1807.4836716938764
1.4432	1036.8119553642166	1809.45508682052
1.4442	1037.9292566028976	1811.427278421345
1.4452	1039.043247446339	1813.4002436696505
1.4462	1040.1539233644037	1815.3739797394999
1.4472	1041.2612798434986	1817.3484838057332
1.4482	1042.3653123865724	1819.3237530439746
1.4492	1043.4660165131172	1821.2997846306455
1.4502	1044.5633877591654	1823.2765757429702
1.4512	1045.6574216772908	1825.2541235589895
1.4522	1046.7481138366065	1827.2324252575672
1.4532	1047.835459822766	1829.211478018403
1.4542	1048.9194552379593	1831.1912790220385
1.4552	1050.000095700914	1833.1718254498708
1.4562	1051.077376846893	1835.1531144841576
1.4572	1052.1512943276934	1837.135143308032
1.4582	1053.2218438116452	1839.117909105507
1.4592	1054.2890209836096	1841.1014090614888
1.4602	1055.3528215449765	1843.0856403617834
1.4612	1056.4132412136644	1845.0706001931096
1.4622	1057.4702757241166	1847.056285743104
1.4632	1058.5239208273013	1849.0426942003342
1.4642	1059.574172290707	1851.0298227543062
1.4652	1060.6210258983433	1853.0176685954748
1.4662	1061.664477450735	1855.0062289152515
1.4672	1062.704522764923	1856.9955009060156
1.4682	1063.7411576744598	1858.985481761122
1.4692	1064.774378029408	1860.9761686749114
1.4702	1065.8041796963362	1862.9675588427187
1.4712	1066.8305585583182	1864.959649460884
1.4722	1067.8535105149276	1866.9524377267583
1.4732	1068.8730314822376	1868.9459208387168
1.4742	1069.889117392815	1870.9400959961645
1.4752	1070.9017641957194	1872.9349603995483
1.4762	1071.9109678564978	1874.930511250363
1.4772	1072.916724357183	1876.9267457511633
1.4782	1073.919029696289	1878.92366110557
1.4792	1074.917879888808	1880.921254518282
1.4802	1075.9132709662056	1882.9195231950819
1.4812	1076.9051989764187	1884.9184643428484
1.4822	1077.8936599838494	1886.9180751695617
1.4832	1078.8786500693634	1888.9183528843162
1.4842	1079.860165330284	1890.9192946973253
1.4852	1080.8382018803889	1892.9208978199338
1.4862	1081.812755849905	1894.9231594646237
1.4872	1082.7838233855055	1896.9260768450263
1.4882	1083.7514006503034	1898.9296471759264
1.4892	1084.715483823849	1900.9338676732764
1.4902	1085.6760691021234	1902.9387355542003
1.4912	1086.633152697535	1904.9442480370058
1.4922	1087.5867308389136	1906.9504023411896
1.4932	1088.5367997715066	1908.95719568745
1.4942	1089.483355756973	1910.964625297691
1.4952	1090.4263950733782	1912.9726883950361
1.4962	1091.3659140151894	1914.9813822038307
1.4972	1092.3019088932701	1916.9907039496566
1.4982	1093.2343760348735	1919.0006508593356
1.4992	1094.1633117836398	1921.0112201609422
1.5002	1095.0887124995866	1923.0224090838076
1.5012	1096.0105745591065	1925.0342148585323
1.5022	1096.9288943549602	1927.046634716991
1.5032	1097.84366829627	1929.0596658923446
1.5042	1098.7548928085137	1931.0733056190438
1.5052	1099.6625643335205	1933.0875511328425
1.5062	1100.5666793294629	1935.1023996708016
1.5072	1101.4672342708502	1937.1178484713012
1.5082	1102.3642256485236	1939.1338947740446
1.5092	1103.2576499696495	1941.1505358200714
1.5102	1104.147503757711	1943.1677688517602
1.5112	1105.0337835525047	1945.1855911128423
1.5122	1105.9164859101309	1947.2039998484047
1.5132	1106.795607402988	1949.2229923049026
1.5142	1107.6711446197658	1951.2425657301637
1.5152	1108.5430941654388	1953.2627173733995
1.5162	1109.4114526612577	1955.28344448521
1.5172	1110.2762167447447	1957.304744317596
1.5182	1111.1373830696828	1959.3266141239617
1.5192	1111.9949483061123	1961.3490511591276
1.5202	1112.84890914032	1963.3720526793347
1.5212	1113.6992622748346	1965.3956159422557
1.5222	1114.5460044284168	1967.419738206999
1.5232	1115.3891323360533	1969.4444167341208
1.5242	1116.2286427489478	1971.4696487856286
1.5252000000000001	1117.064532434514	1973.495431624993
1.5262	1117.8967981763672	1975.521762517152
1.5272000000000001	1118.7254367743167	1977.5486387285218
1.5282	1119.5504450443573	1979.5760575270017
1.5292000000000001	1120.3718198186616	1981.6040161819842
1.5302	1121.189557945571	1983.6325119643602
1.5312000000000001	1122.0036562895887	1985.6615421465297
1.5322	1122.8141117313692	1987.6911040024054
1.5332000000000001	1123.6209211677121	1989.721194807425
1.5342	1124.4240815115518	1991.7518118385542
1.5352000000000001	1125.2235896919497	1993.782952374298
1.5362	1126.0194426540847	1995.814613694705
1.5372	1126.811637359246	1997.8467930813772
1.5382	1127.6001707848222	1999.8794878174772
1.5392	1128.3850399242933	2001.9126951877336
1.5402	1129.1662417872215	2003.9464124784513
1.5412	1129.9437733992422	2005.980636977516
1.5422	1130.717631802055	2008.0153659744046
1.5432	1131.4878140534129	2010.050596760189
1.5442	1132.2543172271153	2012.0863266275474
1.5452	1133.0171384129962	2014.1225528707678
1.5462	1133.7762747169165	2016.159272785758
1.5472	1134.5317232607533	2018.1964836700508
1.5482	1135.2834811823905	2020.2341828228132
1.5492	1136.0315456357087	2022.2723675448515
1.5502	1136.7759137905764	2024.3110351386204
1.5512	1137.5165828328386	2026.3501829082281
1.5522	1138.2535499643081	2028.3898081594461
1.5532	1138.9868124027544	2030.4299081997128
1.5542	1139.716367381894	2032.4704803381444
1.5552	1140.4422121513805	2034.5115218855378
1.5562	1141.1643439767934	2036.5530301543818
1.5572	1141.8827601396285	2038.59500245886
1.5582	1142.5974579372873	2040.637436114862
1.5592	1143.308434683066	2042.6803284399862
1.5602	1144.0156877061456	2044.7236767535499
1.5612	1144.7192143515801	2046.7674783765935
1.5622	1145.419011980288	2048.811730631891
1.5632	1146.1150779690377	2050.856430843952
1.5642	1146.8074097104409	2052.901576339033
1.5652	1147.4960046129381	2054.9471644451405
1.5662	1148.1808601007904	2056.993192492042
1.5672	1148.8619736140654	2059.039657811267
1.5682	1149.5393426086289	2061.0865577361205
1.5692	1150.2129645561308	2063.1338896016828
1.5702	1150.8828369439975	2065.181650744823
1.5712	1151.548957275416	2067.2298385041977
1.5722	1152.2113230693258	2069.2784502202667
1.5732	1152.8699318604063	2071.3274832352913
1.5742	1153.5247811990648	2073.376934893347
1.5752	1154.1758686514252	2075.4268025403258
1.5762	1154.8231917993162	2077.4770835239456
1.5772	1155.4667482402588	2079.527775193754
1.5782	1156.1065355874566	2081.5788749011394
1.5792	1156.7425514697802	2083.63037999933
1.5802	1157.3747935317588	2085.682287843409
1.5812	1158.0032594335653	2087.7345957903126
1.5822	1158.6279468510068	2089.787301198843
1.5832	1159.2488534755091	2091.8404014296707
1.5842	1159.865977014108	2093.893893845344
1.5852	1160.4793151894335	2095.9477758102908
1.5862	1161.0888657397002	2098.00204469083
1.5872	1161.6946264186927	2100.0566978551733
1.5882	1162.2974105340388	2102.1117326734357
1.5892	1162.9004934368788	2104.1671470308775
1.5902	1163.5039350350203	2106.222940876682
1.5912	1164.1077354159413	2108.279114197772
1.5922	1164.7118946671374	2110.335666981144
1.5932	1165.3164128761193	2112.3925992138647
1.5942	1165.9212901304156	2114.4499108830732
1.5952	1166.5265265175692	2116.507601975977
1.5962	1167.1321221251405	2118.5656724798573
1.5972	1167.738077040706	2120.624122382065
1.5982	1168.3443913518581	2122.682951670021
1.5992	1168.9510651462053	2124.742160331217
1.6002	1169.5580985113734	2126.8017483532167
1.6012	1170.165491535003	2128.8617157236517
1.6022	1170.7732443047519	2130.922062430226
1.6032	1171.3813569082938	2132.9827884607125
1.6042	1171.9898294333188	2135.043893802954
1.6052	1172.5986619675332	2137.1053784448627
1.6062	1173.2078545986597	2139.167242374422
1.6072	1173.8174074144363	2141.2294855796836
1.6082	1174.4273205026186	2143.292108048769
1.6092	1175.0375939509772	2145.3551097698682
1.6102	1175.6482278473002	2147.4184907312433
1.6112	1176.2592222793903	2149.4822509212217
1.6122	1176.870577335068	2151.546390328203
1.6132	1177.4822931021688	2153.6109089406527
1.6142	1178.0943696685456	2155.6758067471083
1.6152	1178.7068071220663	2157.741083736173
1.6162	1179.3196055506157	2159.8067398965204
1.6172	1179.9327650420948	2161.872775216891
1.6182	1180.5462856844206	2163.9391896860952
1.6192	1181.1601675655263	2166.0059832930106
1.6202	1181.7744107733615	2168.073156026583
1.6212	1182.3890153958919	2170.1407078758257
1.6222	1183.0039815210994	2172.208638829821
1.6232	1183.619309236982	2174.276948877717
1.6242	1184.2349986315542	2176.3456380087323
1.6252	1184.8510497928462	2178.414706212149
1.6262	1185.4674628089049	2180.484153477321
1.6272	1186.084237767793	2182.5539797936653
1.6282	1186.70137475759	2184.6241851506697
1.6292	1187.3188738663905	2186.6947695378853
1.6302	1187.9367351823066	2188.765732944934
1.6312	1188.5549587934654	2190.8370753615004
1.6322	1189.1735447880112	2192.9087967773403
1.6332	1189.7924932541036	2194.9808971822713
1.6342	1190.411804279919	2197.053376566181
1.6352	1191.031477953649	2199.126234919022
1.6362	1191.6515143635036	2201.1994722308136
1.6372	1192.2719135977063	2203.2730884916396
1.6382	1192.8926757444985	2205.3470836916526
1.6392	1193.5138008921372	2207.421457821068
1.6402	1194.1352891288957	2209.49621087017
1.6412	1194.7571405430633	2211.571342829306
1.6422	1195.3793552229456	2213.646853688891
1.6432	1196.0019332568643	2215.722743439403
1.6442	1196.6248747331572	2217.7990120713876
1.6452	1197.2481797401786	2219.875659575454
1.6462	1197.8718483662988	2221.9526859422785
1.6472	1198.4958806999036	2224.0300911625995
1.6482	1199.1202768293965	2226.107875227224
1.6492	1199.7450368431955	2228.1860381270208
1.6502000000000001	1200.370160829736	2230.2645798529243
1.6512	1200.9956488774685	2232.343500395933
1.6522000000000001	1201.6215010748606	2234.4227997471116
1.6532	1202.2477175103954	2236.5024778975867
1.6542000000000001	1202.8742982725728	2238.5825348385515
1.6552	1203.5012434499079	2240.662970561262
1.6562000000000001	1204.128553130933	2242.7437850570386
1.6572	1204.7562274041957	2244.8249783172646
1.6582000000000001	1205.3842663582604	2246.9065503333895
1.6592	1206.0126700817073	2248.988501096924
1.6602000000000001	1206.6414386631322	2251.070830599445
1.6612	1207.2705721911486	2253.1535388325897
1.6622000000000001	1207.9000707543846	2255.2366257880617
1.6632	1208.5299344414852	2257.3200914576255
1.6642000000000001	1209.1601633411112	2259.403935833111
1.6652	1209.7907575419401	2261.48815890641
1.6662	1210.4217171326645	2263.5727606694763
1.6672	1211.0530422019947	2265.6577411143303
1.6682	1211.6847328386555	2267.74310023305
1.6692	1212.3167891313888	2269.82883801778
1.6702	1212.9492111689524	2271.9149544607253
1.6712	1213.5819990401203	2274.001449554156
1.6722	1214.2151528336824	2276.0883232904007
1.6732	1214.848672638445	2278.175575661854
1.6742	1215.4825585432302	2280.26320666097
1.6752	1216.1168106368768	2282.3512162802667
1.6762	1216.7514290082393	2284.4396045123226
1.6772	1217.3864137461885	2286.5283713497797
1.6782	1218.0217649396109	2288.6175167853394
1.6792	1218.65748267741	2290.707040811768
1.6802	1219.2935670485042	2292.7969434218894
1.6812	1219.9300181418296	2294.8872246085934
1.6822	1220.5668360463364	2296.977884364827
1.6832	1221.2040208509932	2299.0689226836016
1.6842	1221.841572644783	2301.1603395579878
1.6852	1222.4794915167056	2303.2521349811186
1.6862	1223.1177775557767	2305.344308946186
1.6872	1223.7564308510284	2307.4368614464456
1.6882	1224.395451491509	2309.5297924752117
1.6892	1225.0348395662822	2311.62310202586
1.6902	1225.6745951644284	2313.7167900918266
1.6912	1226.3147183750445	2315.8108566666083
1.6922	1226.9552092872423	2317.905301743762
1.6932	1227.596067990151	2320.0001253169053
1.6942	1228.237294572915	2322.095327379715
1.6952	1228.8788891246957	2324.19090792593
1.6962	1229.5208517346693	2326.286866949346
1.6972	1230.1631824920296	2328.383204443822
1.6982	1230.805881485985	2330.4799204032743
1.6992	1231.4489488057618	2332.57701482168
1.7002	1232.0923845406007	2334.674487693076
1.7012	1232.7361887797597	2336.7723390115584
1.7022	1233.3803616125122	2338.870568771282
1.7032	1234.0249031281478	2340.969176966462
1.7042	1234.6698134159726	2343.0681635913716
1.7052	1235.3150925653085	2345.1675286403456
1.7062	1235.9607406654934	2347.2672721077743
1.7072	1236.6067578058817	2349.36739398811
1.7082	1237.2531440758432	2351.4678942758615
1.7092	1237.8998995647653	2353.568772965599
1.7102	1238.5470243620496	2355.6700300519474
1.7112	1239.1945185571149	2357.771665529595
1.7122	1239.8423822393954	2359.873679393284
1.7132	1240.490615498343	2361.9760716378196
1.7142	1241.1392184234235	2364.0788422580604
1.7152	1241.7881911041206	2366.181991248927
1.7162	1242.437533629933	2368.2855186053957
1.7172	1243.087246090376	2370.3894243225027
1.7182	1243.737328574981	2372.49370839534
1.7192	1244.3877811732953	2374.59837081906
1.7202	1245.0386039748819	2376.7034115888705
1.7212	1245.689797069321	2378.808830700038
1.7222	1246.341360546208	2380.914628147886
1.7232	1246.9932944951552	2383.020803927797
1.7242	1247.6455990057896	2385.127358035208
1.7252	1248.2982741677556	2387.2342904656166
1.7262	1248.951320070713	2389.3416012145753
1.7272	1249.6047368043387	2391.4492902776947
1.7282	1250.2585244583238	2393.557357650641
1.7292	1250.9126831223775	2395.6658033291396
1.7302	1251.5672128862236	2397.7746273089706
1.7312	1252.2221138396035	2399.8838295859728
1.7322	1252.877386072273	2401.9934101560393
1.7332	1253.5330296740053	2404.103369015122
1.7342	1254.1890447345886	2406.213706159228
1.7352	1254.8454313438285	2408.324421584421
1.7362	1255.5021895915456	2410.435515286821
1.7372	1256.159319567577	2412.546987262605
1.7382	1256.816821361776	2414.658837508004
1.7392	1257.4746950640117	2416.771066019308
1.7402	1258.1329407641695	2418.88367279286
1.7412	1258.791558552151	2420.9966578250614
1.7422	1259.4505485178734	2423.110021112367
1.7432	1260.1099107512707	2425.22376265129
1.7442	1260.769645342292	2427.337882438396
1.7452	1261.4297523809037	2429.452380470309
1.7462	1262.0902319570873	2431.5672567437064
1.7472	1262.7510841608412	2433.6825112553224
1.7482	1263.412309082179	2435.798144001945
1.7492	1264.073906811131	2437.914154980419
1.7502	1264.7358774377435	2440.030544187642
1.7512	1265.398221052079	2442.1473116205702
1.7522	1266.0609377442154	2444.2644572762106
1.7532	1266.7240276042478	2446.381981151628
1.7542	1267.3874907222862	2448.49988324394
1.7552	1268.051327188458	2450.618163550321
1.7562	1268.715537092905	2452.736822067997
1.7572	1269.3801205257867	2454.8558587942516
1.7582	1270.0450775772779	2456.9752737264207
1.7592	1270.7104083375698	2459.0950668618957
1.7602	1271.3761128968692	2461.2152381981214
1.7612	1272.0421913453995	2463.335787732597
1.7622	1272.7086437734	2465.4567154628758
1.7632	1273.375470271126	2467.578021386566
1.7642	1274.0426709288488	2469.6997055013276
1.7652	1274.710245836856	2471.8217678048763
1.7662	1275.3781950854518	2473.944208294981
1.7672	1276.0465187649552	2476.0670269694638
1.7682	1276.7152169657022	2478.190223826201
1.7692	1277.3842897780448	2480.313798863122
1.7702	1278.053737292351	2482.4377520782095
1.7712	1278.7235595990046	2484.5620834695005
1.7722	1279.393756788406	2486.6867930350836
1.7732	1280.0643289509717	2488.811880773102
1.7742	1280.7352761771335	2490.9373466817515
1.7752000000000001	1281.40659855734	2493.063190759281
1.7762	1282.0782961820557	2495.189413003992
1.7772000000000001	1282.7503691417614	2497.3160134142386
1.7782	1283.4228175269536	2499.4429919884283
1.7792000000000001	1284.0956414281452	2501.5703487250216
1.7802	1284.7688409358648	2503.6980836225302
1.7812000000000001	1285.4424161406578	2505.8261966795208
1.7822	1286.1163671330846	2507.954687894609
1.7832000000000001	1286.7906940037226	2510.083557266466
1.7842	1287.465396843165	2512.212804793813
1.7852000000000001	1288.1404757420214	2514.3424304754258
1.7862	1288.8159307909166	2516.4724343101293
1.7872000000000001	1289.4917620804927	2518.6028162968037
1.7882	1290.1679697014065	2520.733576434378
1.7892000000000001	1290.8445537443324	2522.864714721836
1.7902	1291.5215142999596	2524.9962311582117
1.7912000000000001	1292.1988514589943	2527.128125742591
1.7922	1292.8765653121582	2529.260398474111
1.7932	1293.554655950189	2531.393049351961
1.7942	1294.2331234638416	2533.5260783753824
1.7952	1294.9119679438854	2535.659485543667
1.7962	1295.5911894811072	2537.793270856159
1.7972	1296.2707881663093	2539.927434312252
1.7982	1296.95076409031	2542.0619759113933
1.7992	1297.6311173439435	2544.1968956530786
1.8002	1298.3118480180613	2546.3321935368576
1.8012	1298.9929562035295	2548.467869562329
1.8022	1299.674441991231	2550.603923729142
1.8032	1300.3563054720648	2552.740356036998
1.8042	1301.038546736946	2554.877166485649
1.8052	1301.7211658768053	2557.0143550748962
1.8062	1302.4041629825908	2559.1519218045937
1.8072	1303.0875381452645	2561.2898666746437
1.8082	1303.771291455807	2563.4281896850016
1.8092	1304.455423005213	2565.5668908356697
1.8102	1305.1399328844946	2567.705970126704
1.8112	1305.824821184679	2569.845427558208
1.8122	1306.5100879968102	2571.9852631303374
1.8132	1307.1957334119481	2574.1254768432964
1.8142	1307.8817575211685	2576.266068697341
1.8152	1308.5681604155636	2578.407038692774
1.8162	1309.2549421862416	2580.548386829953
1.8172	1309.9421029243265	2582.6901131092795
1.8182	1310.629642720959	2584.83221753121
1.8192	1311.317561667295	2586.974700096246
1.8202	1312.0058598545074	2589.117560804943
1.8212	1312.6945373737851	2591.260799657902
1.8222	1313.3835943163326	2593.404416655777
1.8232	1314.0730307733706	2595.548411799268
1.8242	1314.762846836136	2597.692785089126
1.8252	1315.4530425958822	2599.8375365261513
1.8262	1316.143618143878	2601.9826661111933
1.8272	1316.8345735714088	2604.12817384515
1.8282	1317.525908969776	2606.2740597289685
1.8292	1318.217624430297	2608.4203237636443
1.8302	1318.9097200443055	2610.566965950223
1.8312	1319.602195903151	2612.7139862897984
1.8322	1320.295052098199	2614.861384783512
1.8332	1320.9882887208319	2617.0091614325556
1.8342	1321.6819058624474	2619.1573162381683
1.8352	1322.3759036144595	2621.3058492016376
1.8362	1323.0702820682989	2623.4547603243004
1.8372	1323.765041315411	2625.604049607541
1.8382	1324.460181447259	2627.7537170527935
1.8392	1325.155702555321	2629.903762661538
1.8402	1325.8516047310918	2632.0541864353045
1.8412	1326.5478880660824	2634.2049883756695
1.8422	1327.244552651819	2636.356168484259
1.8432	1327.941598579845	2638.5077267627457
1.8442	1328.6390259417196	2640.659663212852
1.8452	1329.3368348290176	2642.8119778363457
1.8462	1330.0350253333306	2644.964670635044
1.8472	1330.7335975462656	2647.1177416108103
1.8482	1331.4325515594467	2649.271190765557
1.8492	1332.1318874645128	2651.4250181012435
1.8502	1332.8316053531203	2653.579223619877
1.8512	1333.5317053169406	2655.733807323511
1.8522	1334.2321874476625	2657.8887692142475
1.8532	1334.9330518369889	2660.0441092942337
1.8542	1335.6342985766412	2662.199827565668
1.8552	1336.335927758355	2664.355924030791
1.8562	1337.037939473883	2666.512398691894
1.8572	1337.7403338149934	2668.6692515513128
1.8582	1338.4431108734714	2670.8264826114328
1.8592	1339.1462707411179	2672.9840918746836
1.8602	1339.8498135097493	2675.1420793435427
1.8612	1340.553739271199	2677.300445020535
1.8622	1341.2580481173163	2679.4591889082303
1.8632	1341.9627401399662	2681.6183110092456
1.8642	1342.6678154310307	2683.777811326246
1.8652	1343.3732740824069	2685.9376898619407
1.8662	1344.0791161860084	2688.097946619087
1.8672	1344.7853418337652	2690.258581600487
1.8682	1345.4919511176233	2692.419594808991
1.8692	1346.198944129545	2694.5809862474935
1.8702	1346.906320961508	2696.742755918936
1.8712	1347.614081705507	2698.904903826305
1.8722	1348.3222264535525	2701.067429972636
1.8732	1349.0307552976706	2703.230334361006
1.8742	1349.7396683299048	2705.3936169945423
1.8752	1350.4489656423134	2707.557277876414
1.8762	1351.1586473269717	2709.7213170098394
1.8772	1351.868713475971	2711.8857343980794
1.8782	1352.579164181418	2714.0505300444424
1.8792	1353.2899995354367	2716.2157039522817
1.8802	1354.0012196301666	2718.3812561249965
1.8812	1354.7128245577628	2720.54718656603
1.8822	1355.424814410398	2722.713495278874
1.8832	1356.1371892802597	2724.8801822670603
1.8842	1356.849949259552	2727.0472475341708
1.8852	1357.5630944404952	2729.21469108383
1.8862	1358.2766249153258	2731.382512919709
1.8872	1358.9905407762963	2733.5507130455217
1.8882	1359.7048421156753	2735.7192914650295
1.8892	1360.4195290257478	2737.888248182037
1.8902	1361.1346015988147	2740.0575832003938
1.8912	1361.8500599271931	2742.2272965239945
1.8922	1362.5659041032168	2744.397388156779
1.8932	1363.2821342192346	2746.5678581027305
1.8942	1363.9987503676125	2748.7387063658784
1.8952	1364.7157526407316	2750.9099329502947
1.8962	1365.4331411309906	2753.0815378600983
1.8972	1366.1509159308032	2755.2535210994497
1.8982	1366.8690771325996	2757.425882672556
1.8992	1367.5876248288262	2759.598622583667
1.9002000000000001	1368.3065591119457	2761.7717408370777
1.9012	1369.0258800744364	2763.9452374371267
1.9022000000000001	1369.7455878087935	2766.119112388197
1.9032	1370.4656824075278	2768.2933656947157
1.9042000000000001	1371.1861639631666	2770.4679973611537
1.9052	1371.9070325682528	2772.643007392025
1.9062000000000001	1372.6282883153465	2774.8183957918895
1.9072	1373.3499312970227	2776.994162565348
1.9082000000000001	1374.0719616058739	2779.170307717048
1.9092	1374.7943793345075	2781.3468312516784
1.9102000000000001	1375.517184575548	2783.5237331739727
1.9112	1376.2403774216355	2785.7010134887073
1.9122000000000001	1376.9639579654267	2787.8786722007035
1.9132	1377.687926299594	2790.056709314824
1.9142000000000001	1378.4122825168267	2792.235124835977
1.9152	1379.1370267098293	2794.4139187691117
1.9162000000000001	1379.8621589713232	2796.5930911192227
1.9172	1380.5876793940456	2798.7726418913458
1.9182000000000001	1381.3135880707503	2800.952571090562
1.9192	1382.0398850942065	2803.132878721993
1.9202	1382.7665705572006	2805.3135647908057
1.9212	1383.493592061002	2807.49462930221
1.9222	1384.22073970498	2809.676072234144
1.9232	1384.948013445387	2811.8578934553652
1.9242	1385.6754132385117	2814.0400928347394
1.9252	1386.4029390406818	2816.222670241249
1.9262	1387.130590808262	2818.405625543989
1.9272	1387.8583684976552	2820.588958612169
1.9282	1388.5862720653017	2822.7726693151085
1.9292	1389.31430146768	2824.956757522243
1.9302	1390.0424566613053	2827.141223103119
1.9312	1390.7707376027317	2829.3260659273983
1.9322	1391.4991442485493	2831.511285864851
1.9332	1392.2276765553866	2833.696882785363
1.9342	1392.956334479909	2835.88285655893
1.9352	1393.68511797882	2838.0692070556634
1.9362	1394.4140270088592	2840.2559341457813
1.9372	1395.1430615268046	2842.443037699618
1.9382	1395.8722214894706	2844.630517587616
1.9392	1396.601506853709	2846.8183736803317
1.9402	1397.330917576409	2849.0066058484313
1.9412	1398.0604536144963	2851.1952139626933
1.9422	1398.7901149249337	2853.3841978940054
1.9432	1399.5199014647212	2855.573557513368
1.9442	1400.2498131908953	2857.7632926918905
1.9452	1400.97985006053	2859.9534033007944
1.9462	1401.7100120307352	2862.14388921141
1.9472	1402.4402990586584	2864.3347502951797
1.9482	1403.170711101483	2866.5259864236527
1.9492	1403.9012481164293	2868.717597468492
1.9502	1404.6319100607545	2870.909583301467
1.9512	1405.362696891752	2873.1019437944597
1.9522	1406.0936085667515	2875.2946788194586
1.9532	1406.8246450431197	2877.4877882485634
1.9542	1407.5558062782595	2879.681271953982
1.9552	1408.2870922296097	2881.875129808033
1.9562	1409.0185028546455	2884.0693616831404
1.9572	1409.7500381108791	2886.263967451841
1.9582	1410.4816979558575	2888.458946986777
1.9592	1411.2134823471654	2890.6543001607006
1.9602	1411.9453912424224	2892.8500268464713
1.9612	1412.6774245992847	2895.0461269170582
1.9622	1413.4095823754442	2897.2426002455363
1.9632	1414.141864528629	2899.43944670509
1.9642	1414.8742710166025	2901.6366661690113
1.9652	1415.606801797165	2903.8342585106984
1.9662	1416.3394568281515	2906.032223603658
1.9672	1417.0722360674333	2908.2305613215044
1.9682	1417.8051394729175	2910.4292715379565
1.9692	1418.5381670025467	2912.628354126844
1.9702	1419.271318614299	2914.8278089621
1.9712	1420.004594266188	2917.0276359177665
1.9722	1420.7379939162624	2919.22783486799
1.9732	1421.4715175226077	2921.428405687026
1.9742	1422.2051650433434	2923.6293482492333
1.9752	1422.938936436625	2925.8306624290785
1.9762	1423.6728316606436	2928.0323481011337
1.9772	1424.4068506736246	2930.234405140077
1.9782	1425.1409934338294	2932.4368334206915
1.9792	1425.8752598995547	2934.639632817867
1.9802	1426.6096500291314	2936.842803206597
1.9812	1427.3441637809267	2939.0463444619827
1.9822	1428.0788011133413	2941.250256459227
1.9832	1428.8135619848126	2943.4545390736407
1.9842	1429.5484463538114	2945.659192180637
1.9852	1430.2834541788445	2947.8642156557366
1.9862	1431.0185854184529	2950.0696093745614
1.9872	1431.7538400312126	2952.2753732128413
1.9882	1432.4892179757344	2954.481507046406
1.9892	1433.2247192106636	2956.688010751194
1.9902	1433.9603436946804	2958.894884203244
1.9912	1434.6960913864996	2961.1021272787016
1.9922	1435.43196224487	2963.3097398538125
1.9932	1436.1679562285756	2965.51772180493
1.9942	1436.9040732964343	2967.726073008506
1.9952	1437.6403134072993	2969.934793341101
1.9962	1438.3766765200571	2972.143882679374
1.9972	1439.1131625936296	2974.3533409000916
1.9982	1439.8497715869717	2976.563167880118
1.9992	1440.5865034590736	2978.7733634964234
2.0002	1441.323358168959	2980.9839276260795
2.0012	1442.0603356756862	2983.194860146262
2.0022	1442.7974359383481	2985.4061609342475
2.0032	1443.53465891607	2987.6178298674135
2.0042	1444.2720045680128	2989.829866823242
2.0052	1445.0094728533707	2992.0422716793155
2.0062	1445.7470637313722	2994.25504431332
2.0072	1446.4847771612788	2996.4681846030394
2.0082	1447.2226131023865	2998.681692426363
2.0092	1447.960571514025	3000.895567661279
2.0102	1448.6986523555586	3003.109810185879
2.0112	1449.4368555863832	3005.3244198783523
2.0122	1450.1751811659299	3007.5393966169927
2.0132	1450.913629053663	3009.7547402801924
2.0142	1451.6521992090811	3011.9704507464467
2.0152	1452.3908915917148	3014.186527894348
2.0162	1453.1297061611292	3016.402971602591
2.0172	1453.8686428769229	3018.619781749972
2.0182	1454.6077016987276	3020.836958215386
2.0192	1455.3468825862078	3023.0545008778267
2.0202	1456.0861854990624	3025.27240961639
2.0212	1456.8256103970225	3027.490684310271
2.0222	1457.5651572398538	3029.7093248387646
2.0232	1458.304825987353	3031.9283310812625
2.0242	1459.0446165993521	3034.1477029172597
2.0252	1459.7845290357147	3036.367440226348
2.0262000000000002	1460.5245632563388	3038.58754288822
2.0272	1461.2647192211534	3040.808010782664
2.0282	1462.0049968901224	3043.0288437895706
2.0292	1462.7453962232416	3045.250041788928
2.0302000000000002	1463.4859171805401	3047.4716046608232
2.0312	1464.2265597220787	3049.6935322854397
2.0322	1464.9673238079527	3051.9158245430617
2.0332	1465.708209398289	3054.1384813140708
2.0342000000000002	1466.449216453248	3056.3615024789474
2.0352	1467.1903449330212	3058.5848879182668
2.0362	1467.931594797834	3060.8086375127054
2.0372	1468.6729660079443	3063.0327511430364
2.0382000000000002	1469.4144585236427	3065.2572286901313
2.0392	1470.1560723052507	3067.4820700349555
2.0402	1470.897807313124	3069.707275058576
2.0412	1471.6396635076505	3071.932843642155
2.0422000000000002	1472.3816408492496	3074.1587756669524
2.0432	1473.1237392983733	3076.385071014323
2.0442	1473.8659588155056	3078.61172956572
2.0452	1474.6082993611635	3080.8387512026943
2.0462000000000002	1475.3507608958962	3083.0661358068924
2.0472	1476.093343380284	3085.2938832600553
2.0482	1476.8360467749399	3087.521993444023
2.0492	1477.578871040509	3089.75046624073