4.00000001e-15	6.302945748716805e-26	4.351707029680875e-12
4.73000011e-15	6.302945614818121e-25	4.385181901361303e-12
4.7599999e-15	6.302945614818122e-24	4.407498337424682e-12
4.91000012e-15	6.302945960723054e-23	4.546975920553448e-12
6.99000006e-15	7.551104552555234e-22	6.471769917429146e-12
9.89999996e-15	8.736777248382057e-21	9.149743617496096e-12
2.71999999e-14	1.0609016168266013e-19	2.5161794911850037e-11
1.27e-13	3.632001829948672e-18	1.1827716915866996e-10
6.93000019e-13	1.185672907833073e-16	6.415978632001786e-10
6.29500011e-12	6.08078550546753e-15	5.824592948002679e-9
1.58099991e-11	3.1003124302611025e-14	1.4628431042178087e-8
3.97200016e-11	1.517072015175184e-13	3.6749608457933496e-8
9.97599989e-11	7.182883240348137e-13	9.22785101539835e-8
2.50600013e-10	3.286319950903816e-12	2.318678910957376e-7
6.29399977e-10	1.4465520754295918e-11	5.824592479357286e-7
1.581e-9	6.08770373800491e-11	1.4628431488507032e-6
3.97200006e-9	2.44063831733988e-10	3.6755189243472444e-6
4.99999997e-9	3.281968243695604e-10	4.626757397902255e-6
9.97599958e-9	8.955255713010489e-10	9.233429602767239e-6
1.98999999e-8	2.3919883842892214e-9	0.000018422227181432718
3.97199997e-8	6.278062742691364e-9	0.00003676076869002455
7.9240003e-8	1.6250836532024102e-8	0.00007336532325373801
1.58099994e-7	4.16625735326936e-8	0.00014639588819459942
1.98999999e-7	5.453023833965633e-8	0.00018433386074536936
3.15499989e-7	1.0165922706985048e-7	0.00029217806962731534
4.99999999e-7	1.8903147176969427e-7	0.00046312206427136807
6.29400006e-7	2.5767685114929705e-7	0.0005830171702744923
7.92399987e-7	3.1427137022985945e-7	0.0007342111002008481
9.97599955e-7	4.2810757754965417e-7	0.000924458816112475
1.58099999e-6	7.937960432939077e-7	0.0014650748047310871
2.5060001e-6	1.4703190805623745e-6	0.002323142055344789
3.97199983e-6	2.7221601762999334e-6	0.003682771814327159
4.99999987e-6	3.533363099754519e-6	0.0046373577214907395
6.29399983e-6	4.806516235215354e-6	0.005835750937290783
7.92399987e-6	6.540169783530463e-6	0.007353269471100201
9.976e-6	8.892769939745593e-6	0.00925574675295693
0.00001256	0.000012094398348582906	0.011660343673287213
0.0000158099992	0.000015620397121178308	0.014678642936844455
0.0000199000006	0.00002124302644498996	0.018483597411292123
0.0000250600006	0.000028880830841330063	0.02327605434054899
0.0000315500001	0.00003712564126311091	0.02931265286766347
0.0000397199983	0.00005047980272260657	0.03691698437848694
0.0000499999987	0.0000686465036822138	0.046485161459495654
0.000062940002	0.00009329613847355502	0.058524884735550106
0.0000792400024	0.00012686900357063158	0.07375585817897791
0.00009976	0.00016207320464182103	0.09283642021870118
0.000110499997	0.00018047310421780854	0.10287881834411962
0.000125599996	0.00020531130997545192	0.1169381856728409
0.000158099996	0.0002791452756081232	0.14728854831510826
0.000199000002	0.0003629546942646731	0.18550547199285877
0.0002	0.0003652221626504233	0.1864462707257967
0.0012000000000000001	0.0013087123297136729	1.1277314456735463
0.0022	0.0024464107909377046	2.0689460723115425
0.0032	0.003834138158553995	3.01074051735494
0.0042	0.005432998611980342	3.9530085763711003
0.0052	0.007204748479297192	4.895677131653118
0.0062	0.00913021907107402	5.838700193432477
0.0072	0.011195606306660897	6.782043954492657
0.0082	0.013390742314792314	7.7256823818861875
0.009200000000000002	0.015707963923905676	8.669594740035306
0.0102	0.018137340093895827	9.613761412477249
0.0112	0.020617541416228687	10.558061706175092
0.0122	0.023206679568911467	11.502583582005277
0.013200000000000002	0.02590164923741351	12.447317790883067
0.0142	0.028700060921909326	13.392256252331874
0.0152	0.031600038085475665	14.337391857558385
0.0162	0.03460005110651834	15.282718311056774
0.0172	0.037698516933390755	16.228230001341206
0.0182	0.040893775597545305	17.173921878492546
0.0192	0.04418511081213377	18.119789356434516
0.0202	0.04757193405505262	19.06582829002376
0.0212	0.05105385531462296	20.01203491575153
0.022199999999999998	0.05463059576843234	20.95840580707697
0.0232	0.05830198028851692	21.904937833849697
0.0242	0.06206793898215339	22.85162812841303
0.0252	0.06592848288383867	23.798474057377888
0.0262	0.06988352106375043	24.745473196963122
0.0272	0.07393281890793948	25.692623305131644
0.0282	0.0780765010934171	26.63992229608238
0.0292	0.0823147243817595	27.58736823644979
0.030199999999999998	0.08664766835447033	28.53495933072928
0.0312	0.09107550318315681	29.482693908341826
0.0322	0.09559848246078681	30.430570411290407
0.0332	0.10021688176638427	31.37858738626699
0.0342	0.10493096667097601	32.32674347585628
0.0352	0.10974102572129853	33.27503740982412
0.0362	0.11464741035513516	34.22346799832489
0.0372	0.1196504190391144	35.17203412699392
0.0382	0.12475037119954044	36.120734749425836
0.0392	0.12994767284383074	37.0695688823703
0.0402	0.13524268350374186	38.01853560312423
0.0412	0.14063577466613508	38.96763404385279
0.0422	0.1461274318002536	39.91686338786374
0.0432	0.15171804261038946	40.866222868699644
0.044199999999999996	0.15740804501436095	41.81571176437086
0.0452	0.16319797539247913	42.765329395463645
0.0462	0.16908831402633503	43.71507512450856
0.0472	0.17507956584108106	44.664948352037804
0.0482	0.18117233157164145	45.6149485146761
0.0492	0.18736707910724748	46.565075084916174
0.0502	0.1936646021011507	47.515327566174584
0.0512	0.20006537396188842	48.46570549750245
0.0522	0.20657026093481498	49.41620844517539
0.0532	0.21317993267619473	50.36683600869778
0.0542	0.21989493724135384	51.31758781523772
0.0552	0.22671604298434073	52.26846351581058
0.0562	0.23364363221059298	53.21946278804224
0.0572	0.24067901321654475	54.17058532776973
0.0582	0.2478231126062014	55.12183086437386
0.0592	0.2550771959311085	56.07319915242782
0.0602	0.2624415287388843	57.024689976223854
0.0612	0.26991583219756865	57.976303131675195
0.0622	0.2775013128975308	58.92803841676233
0.0632	0.2852011656579956	59.87989565523679
0.06420000000000001	0.29301609336820145	60.8318747270785
0.06520000000000001	0.3009440350444838	61.78397552707719
0.06620000000000001	0.30898501914091236	62.73619792168695
0.06720000000000001	0.31714685016502336	63.688541781250784
0.06820000000000001	0.32542207756854996	64.64100709698424
0.06920000000000001	0.33381829286682024	65.59359375037047
0.07020000000000001	0.34233437529800037	66.54630173637611
0.07120000000000001	0.35096987891524156	67.49913103422213
0.07220000000000001	0.35972985934233287	68.45208161704083
0.0732	0.3686060813437921	69.40515352948493
0.0742	0.3776139873166234	70.35834670154519
0.0752	0.38675515525187165	71.31166127341957
0.0762	0.3960090109964366	72.2650974038051
0.0772	0.40540213297558914	73.21865497541327
0.0782	0.4149393456824218	74.17233421898646
0.0792	0.42462091564021137	75.12613542123557
0.08020000000000001	0.4336631510169021	76.08005886490845
0.08120000000000001	0.4396966015020456	77.03409515086895
0.08220000000000001	0.4463429840942436	77.98820573999957
0.08320000000000001	0.45565705006125273	78.94239712379782
0.08420000000000001	0.4670429961483026	79.8967003998027
0.08520000000000001	0.47863200596140526	80.85113889930587
0.08620000000000001	0.49042532762599367	81.80571341856174
0.08720000000000001	0.5024880328622036	82.76042474982908
0.0882	0.5149945488646351	83.7152744067777
0.0892	0.527621416762787	84.67026586147756
0.0902	0.5403409357999674	85.62539887310481
0.0912	0.5530379327338442	86.58067290368245
0.0922	0.5659446070096468	87.53608615437905
0.0932	0.5790626747490325	88.49163938936287
0.0942	0.5923919609148333	89.44733337484817
0.0952	0.6059314793740445	90.40316885897113
0.09620000000000001	0.6196862040721426	91.35914656367075
0.09720000000000001	0.6335881830669553	92.31526724753944
0.09820000000000001	0.6473807519151913	93.27153096076394
0.09920000000000001	0.6612691009112318	94.22793512949121
0.10020000000000001	0.6755292144819064	95.18447929889145
0.10120000000000001	0.690371709574952	96.141165777629
0.10220000000000001	0.7056893505385464	97.09799891533171
0.10320000000000001	0.7212496122101696	98.05498193069863
0.10420000000000001	0.737054629762921	99.01211572239754
0.1052	0.7531065201108218	99.96940119233888
0.1062	0.7694073869528015	100.92683924540957
0.1072	0.7859593206944925	101.88443078926447
0.1082	0.8027643983757171	102.84217673412495
0.1092	0.8198246836033853	103.80007799258415
0.1102	0.8371422264895239	104.75813547941883
0.11120000000000001	0.8547190635941674	105.71635011140745
0.11220000000000001	0.8725572178728642	106.67472280715427
0.11320000000000001	0.8906586986285744	107.63325448691928
0.11420000000000001	0.9090255014677083	108.59194607245375
0.11520000000000001	0.9276596082601124	109.55079848684103
0.11620000000000001	0.9465629871027803	110.50981265434268
0.11720000000000001	0.9657375922871191	111.46898950024948
0.11820000000000001	0.9851853642695578	112.42832995073732
0.11920000000000001	1.0049082296453429	113.38783493272763
0.1202	1.0249081011253716	114.34750537375238
0.1212	1.045186877515806	115.30734220182332
0.1222	1.0657464437005013	116.2673463453053
0.1232	1.0865886706258951	117.22751873279377
0.1242	1.1077154152883746	118.18786029299596
0.1252	1.1291285207239976	119.14837195461588
0.1262	1.1508298160002244	120.10905464624288
0.1272	1.1728211162098596	121.06990929624371
0.1282	1.1951042224668897	122.03093683265787
0.1292	1.217680921904148	122.99213818309624
0.1302	1.2405529876727386	123.95351427464281
0.1312	1.263722178943104	124.91506603375947
0.1322	1.2871902283110856	125.8767943861936
0.1332	1.3109587920477335	126.83870025679386
0.1342	1.3350295200748847	127.80078456895743
0.13520000000000001	1.3594042533076403	128.76304824461207
0.13620000000000002	1.3840847334670383	129.7254922056647
0.13720000000000002	1.4090726221373846	130.68811737327343
0.13820000000000002	1.434369580908403	131.6509246672791
0.13920000000000002	1.4599772573980816	132.61391500623392
0.14020000000000002	1.4858972852641723	133.577089307329
0.14120000000000002	1.512131284216558	134.54044848632375
0.14220000000000002	1.5386808600306134	135.50399345747763
0.14320000000000002	1.5655476045613927	136.46772513348375
0.14420000000000002	1.592733095758651	137.43164442540453
0.1452	1.62023889768258	138.39575224260906
0.1462	1.6480665605203217	139.36004949271262
0.1472	1.676217620603333	140.3245370815176
0.1482	1.7046936004250275	141.2892159129564
0.1492	1.7334960086593765	142.2540868890359
0.1502	1.7626263401799547	143.2191509097836
0.1512	1.7920860760795827	144.18440887319508
0.1522	1.8218765275120639	145.14986167518344
0.1532	1.851998150166937	146.11551020850905
0.1542	1.882451213878952	147.08135535725907
0.1552	1.9132388763954933	148.04739799578047
0.1562	1.944364079180776	149.01363900749547
0.1572	1.9758273129356816	149.9800792833686
0.1582	2.00763007207052	150.94671970614192
0.1592	2.0397737300007965	151.91356115684496
0.1602	2.0722596474464026	152.88060451406608
0.1612	2.105017393456884	153.84785065391887
0.1622	2.1377409787862285	154.81530000692933
0.1632	2.1703506480886046	155.78295111022058
0.1642	2.2028462860735227	156.75080202954032
0.1652	2.235227778939151	157.71885085349416
0.16620000000000001	2.2674950143473818	158.6870956931397
0.16720000000000002	2.299647881399454	159.65553468158984
0.16820000000000002	2.3316862706121464	160.62416597362582
0.16920000000000002	2.3636100738945016	161.59298774531908
0.17020000000000002	2.395419184525081	162.56199819366202
0.17120000000000002	2.427113497129722	163.5311955362072
0.17220000000000002	2.4586929076598016	164.5005780107151
0.17320000000000002	2.490157313370969	165.4701438748095
0.17420000000000002	2.5215066128023573	166.43989140564125
0.17520000000000002	2.5527407057562406	167.40981889955904
0.1762	2.5838594932781414	168.37992467178805
0.1772	2.6148628776373672	169.3502070561157
0.1782	2.645750762307956	170.32066440458402
0.1792	2.6765230519500407	171.29129508718927
0.1802	2.707179652391607	172.26209749158798
0.1812	2.7377204706106295	173.23307002280933
0.1822	2.7681454147175946	174.20421110297397
0.1832	2.7984543939383766	175.1755191710187
0.1842	2.8286473185974783	176.14699268242722
0.1852	2.858724100101614	177.1186301089667
0.1862	2.8886846509236297	178.09042993842965
0.1872	2.918528884586753	179.06239067438165
0.1882	2.948256715649161	180.03451083591403
0.1892	2.9778680596888636	181.00678895740197
0.1902	3.0073628332888838	181.97922358826742
0.1912	3.036740954022743	182.9518132927472
0.1922	3.0660023404402277	183.9245566496657
0.1932	3.0951469120534374	184.89745225221213
0.1942	3.1241745893231143	185.8704987077226
0.1952	3.153085293645233	186.84369463746637
0.1962	3.1818789473378497	187.81703867643648
0.19720000000000001	3.210555473628217	188.79052947314474
0.19820000000000002	3.2391147966401315	189.7641656894205
0.19920000000000002	3.267556841381536	190.73794600021373
0.20020000000000002	3.2958815337323513	191.71186909340176
0.20120000000000002	3.32408880043254	192.68593366959996
0.20220000000000002	3.352178569070396	193.66013844197613
0.20320000000000002	3.3801507680710556	194.63448213606839
0.20420000000000002	3.4080053266852146	195.6089634896066
0.20520000000000002	3.4357421749780666	196.5835812523374
0.20620000000000002	3.4633612438184387	197.55833418585257
0.20720000000000002	3.490862464868123	198.53322106342029
0.20820000000000002	3.5182457705714154	199.50824066982017
0.2092	3.5455110941448322	200.48339180118109
0.2102	3.5726583695670215	201.45867326482207
0.2112	3.599687531568849	202.4340838790962
0.2122	3.626598515623667	203.40962247323748
0.2132	3.6533912579377574	204.38528788721055
0.2142	3.68006569544094	205.36107897156302
0.2152	3.706621765777349	206.33699458728066
0.2162	3.7330594072963725	207.31303360564527
0.2172	3.7593785590437494	208.28919490809503
0.2182	3.7855791607528197	209.26547738608733
0.2192	3.811661152835932	210.24187994096434
0.2202	3.8376244763759915	211.2184014838207
0.2212	3.863469073118159	212.19504093537375
0.2222	3.8891948854616887	213.17179722583595
0.2232	3.9148018564519065	214.14866929478967
0.2242	3.9402899297723235	215.12565609106423
0.2252	3.96565904973688	216.10275657261482
0.2262	3.990909161282325	217.07996970640394
0.2272	4.016040209960717	218.05729446828448
0.22820000000000001	4.0410521419320515	219.0347298428852
0.22920000000000001	4.065944903957015	220.012274823498
0.23020000000000002	4.090718443389848	220.98992841196699
0.23120000000000002	4.115372708171336	221.96768961857984
0.23220000000000002	4.13990764682191	222.94555746196065
0.23320000000000002	4.164323208434854	223.92353096896463
0.23420000000000002	4.188619342669633	224.90160917457493
0.23520000000000002	4.21279599974532	225.87979112180065
0.23620000000000002	4.236853130434132	226.85807586157708
0.23720000000000002	4.260790686055067	227.8364624526672
0.23820000000000002	4.284608618467646	228.8149499615651
0.23920000000000002	4.308306880065747	229.79353746240076
0.2402	4.331885423771546	230.7722240368467
0.2412	4.35534420302954	231.7510087740258
0.2422	4.37868317180068	232.72989077042084
0.2432	4.401902284556577	233.70886912978554
0.2442	4.4250014962738105	234.68794296305686
0.2452	4.447980762428324	235.66711138826895
0.2462	4.470840038989897	236.64637353046822
0.2472	4.493579282416709	237.62572852162998
0.2482	4.516198449649993	238.60517550057634
0.2492	4.538697498108747	239.58471361289529
0.2502	4.561076385684556	240.5643420108613
0.2512	4.583335070736465	241.54405985335697
0.2522	4.6054735120859425	242.52386630579593
0.2532	4.627491669011921	243.50376054004707
0.2542	4.649389501245901	244.4837417343598
0.2552	4.671166968967134	245.46380907329058
0.2562	4.6928240327978745	246.44396174763045
0.2572	4.714360653798709	247.4241989543339
0.2582	4.7357767934639305	248.40451989644842
0.2592	4.757072413717017	249.3849237830457
0.2602	4.77824747690614	250.3654098291534
0.2612	4.799301945799754	251.34597725568804
0.2622	4.820235783582255	252.32662528938914
0.2632	4.841048953849685	253.30735316275405
0.2642	4.861741420605515	254.28816011397396
0.2652	4.882313148256472	255.26904538687072
0.2662	4.902764101608438	256.25000823083474
0.2672	4.9230942458624	257.23104790076377
0.2682	4.943303546610452	258.2121636570023
0.2692	4.963391969831871	259.19335476528244
0.2702	4.983359481889224	260.174620496665
0.2712	5.003206049524547	261.15596012748193
0.2722	5.022931639855567	262.13737293927943
0.2732	5.042536220371983	263.1188582187618
0.2742	5.062019758931791	264.10041525773596
0.2752	5.081382223757658	265.0820433530574
0.2762	5.100623583433368	266.06374180657616
0.2772	5.119743806900269	267.0455099250839
0.2782	5.138742863453825	268.0273470202618
0.2792	5.157620722740168	269.00925240862915
0.2802	5.176377354752722	269.99122541149245
0.2812	5.195012729828865	270.9732653548956
0.2822	5.213526818646626	271.9553715695702
0.2832	5.231919592221447	272.9375433908876
0.2842	5.250191021902971	273.91978015881017
0.2852	5.268341079371869	274.90208121784457
0.2862	5.286369736636726	275.88444591699493
0.2872	5.3042769660309546	276.86687360971666
0.2882	5.32206274020975	277.8493636538715
0.28919999999999996	5.339727032147089	278.8319154116823
0.29019999999999996	5.357269815132765	279.8145282496894
0.29119999999999996	5.374691062769457	280.7972015387065
0.29219999999999996	5.391990748969846	281.7799346537781
0.29319999999999996	5.409168847953762	282.76272697413725
0.29419999999999996	5.426225334245362	283.7455778831632
0.29519999999999996	5.44316018267036	284.7284867683407
0.29619999999999996	5.459973368353272	285.7114530212189
0.29719999999999996	5.476664866714711	286.6944760373715
0.29819999999999997	5.493234653468711	287.677555216357
0.29919999999999997	5.509682704620078	288.66068996167945
0.30019999999999997	5.526008996461786	289.64387968075016
0.30119999999999997	5.5422135055724	290.62712378484935
0.30219999999999997	5.558296208813522	291.61042168908864
0.30319999999999997	5.574257083327285	292.5937728123741
0.30419999999999997	5.590096106533865	293.57717657736924
0.30519999999999997	5.605813256129032	294.5606324104595
0.30619999999999997	5.621408510081721	295.5441397417159
0.3072	5.636881846631642	296.5276980048603
0.3082	5.652233244286913	297.51130663723035
0.3092	5.66746268182173	298.49496507974527
0.3102	5.6825701382740474	299.478672776872
0.3112	5.697555592943311	300.4624291765916
0.3122	5.712419025388194	301.44623373036654
0.3132	5.727160415424377	302.4300858931075
0.3142	5.741779743122347	303.41398512314186
0.3152	5.756276988805218	304.39793088218124
0.3162	5.770652133046594	305.3819226352906
0.3172	5.784905156668438	306.3659598508569
0.3182	5.799036040738975	307.3500420005585
0.3192	5.813044766570617	308.3341685593351
0.3202	5.82693131571792	309.3183390053577
0.3212	5.840695669975553	310.30255281999905
0.3222	5.854337811376295	311.28680948780453
0.3232	5.867857722189062	312.2711084964634
0.3242	5.881255384916943	313.25544933678043
0.3252	5.894530782295272	314.2398315026474
0.3262	5.907683897289711	315.22425449101587
0.3272	5.920714713094367	316.20871780186934
0.3282	5.933623213129916	317.19322093819636
0.3292	5.94640938104176	318.1777634059637
0.3302	5.959073200698197	319.1623447140898
0.3312	5.971614656188616	320.14696437441876
0.3322	5.984033731821714	321.1316219016944
0.3332	5.996330412123726	322.11631681353504
0.3342	6.008504681836679	323.1010486304076
0.3352	6.020556525916667	324.0858168756034
0.3362	6.032485929532142	325.0706210752131
0.3372	6.044292878062225	326.05546075810264
0.3382	6.055977357095034	327.0403354558887
0.3392	6.067539352426033	328.0252447029154
0.3402	6.078978850056398	329.0101880362306
0.3412	6.090295836191403	329.9951649955627
0.3422	6.101490297238811	330.9801751232975
0.3432	6.112562219807308	331.96521796445575
0.3442	6.123511590704924	332.95029306667055
0.3452	6.134338396937495	333.93539998016524
0.3462	6.145042625707126	334.92053825773144
0.3472	6.155624264410679	335.9057074547071
0.3482	6.166083300638274	336.8909071289557
0.3492	6.176419722171806	337.8761368408442
0.3502	6.186633516983477	338.86139615322287
0.3512	6.196724673234347	339.8466846314041
0.35219999999999996	6.206693179272896	340.832001843142
0.35319999999999996	6.2165390236336	341.81734735861215
0.35419999999999996	6.226262195035532	342.8027207503916
0.35519999999999996	6.2358626823809615	343.788121593439
0.35619999999999996	6.245340474753987	344.77354946507495
0.35719999999999996	6.254695561419162	345.75900394496284
0.35819999999999996	6.263927931820156	346.74448461508945
0.35919999999999996	6.273037575578415	347.72999105974594
0.36019999999999996	6.282024482491839	348.7155228655094
0.36119999999999997	6.29088864253348	349.70107962122404
0.36219999999999997	6.299630045850238	350.6866609179829
0.36319999999999997	6.308248682761592	351.6722663491098
0.36419999999999997	6.316744543758323	352.65789551014126
0.36519999999999997	6.32511761950126	353.64354799880886
0.36619999999999997	6.3333679008200425	354.6292234150216
0.36719999999999997	6.341495378711884	355.61492136084854
0.36819999999999997	6.349500044340358	356.60064144050153
0.3692	6.357381889034193	357.5863832603185
0.3702	6.365140904286076	358.5721464287461
0.3712	6.3727770817514715	359.55793055632364
0.3722	6.380290413247455	360.5437352556662
0.3732	6.387680890751555	361.5295601414486
0.3742	6.3949485064005955	362.51540483038895
0.3752	6.402093252489576	363.5012689412331
0.3762	6.409115121470536	364.4871520947385
0.3772	6.4160141059514455	365.4730539136588
0.3782	6.422790198695103	366.45897402272834
0.3792	6.429443392618042	367.4449120486467
0.3802	6.435973680789452	368.4308676200637
0.3812	6.442381056430104	369.41684036756436
0.3822	6.448665512911295	370.4028299236542
0.3832	6.4548270437537925	371.3888359227445
0.3842	6.460865642626799	372.3748580011374
0.3852	6.4680835432856965	373.3608957970122
0.3862	6.482035916309591	374.34695232408916
0.3872	6.504107850675771	375.3330449698336
0.3882	6.534300580189826	376.3191946109487
0.3892	6.5726158502718395	377.30542201975857
0.3902	6.619055914618491	378.29174786632717
0.3912	6.673623531950736	379.27819272054774
0.3922	6.736321962845569	380.2647770542013
0.3932	6.807154966650492	381.25152124298717
0.3942	6.886126798479259	382.23844556852424
0.3952	6.97324220628758	383.2255702203249
0.3962	7.068506428027404	384.2129152977411
0.3972	7.1719251888785465	385.20050081188384
0.3982	7.283504698556342	386.18834668751634
0.3992	7.403251648694136	387.1764727649215
0.4002	7.531173210299334	388.1648988017438
0.4012	7.66727703128194	389.1536444748066
0.4022	7.8115712340543295	390.1427293819055
0.4032	7.964064413201154	391.1321730435772
0.4042	8.124765633218358	392.12199490484574
0.4052	8.293684426320091	393.11221433694527
0.4062	8.470830790312592	394.1028506390208
0.4072	8.656215186534006	395.093923039807
0.4082	8.84984853785897	396.0854506992848
0.4092	9.051742226767301	397.077452710318
0.4102	9.261908093475492	398.06994810026805
0.4112	9.480358434130295	399.062955832589
0.4122	9.707105999063465	400.05649480840293
0.4132	9.942163991106634	401.050583868055
0.4142	10.185546063965642	402.0452417926502
0.4152	10.437266320653322	403.04048730557076
0.4162	10.697339311979887	404.03633907397534
0.41719999999999996	10.965780035100359	405.03281571028043
0.41819999999999996	11.242603932117898	406.0299357736237
0.41919999999999996	11.527826888742476	407.0277177713102
0.42019999999999996	11.821465233004142	408.02618016024155
0.42119999999999996	12.123535734019997	409.02534134832837
0.42219999999999996	12.434055600814283	410.02521969588645
0.42319999999999997	12.753042481190905	411.0258335170171
0.42419999999999997	13.080514460657506	412.02720108097117
0.42519999999999997	13.416490061400633	413.0293406134985
0.42619999999999997	13.76098824131129	414.0322702981817
0.42719999999999997	14.114028393060025	415.03600827775495
0.42819999999999997	14.475630343221306	416.04057265540905
0.42919999999999997	14.845814351446307	417.04598149608177
0.43019999999999997	15.224601109683412	418.05225282773387
0.43119999999999997	15.61201174144621	419.05940464261215
0.4322	16.00806780112811	420.06745489849885
0.4332	16.412791273363098	421.07642151994753
0.4342	16.826204572432097	422.08632239950646
0.4352	17.248330541714584	423.0971753989296
0.4362	17.67919245318443	424.1089983503743
0.4372	18.11881400695023	425.12180905758794
0.4382	18.56721933083873	426.1356252970817
0.4392	19.024432980021803	427.15046481929346
0.4402	19.490479936685645	428.16634534973883
0.4412	19.965385609742352	429.1832845901508
0.4422	20.449175834583205	430.201300219609
0.4432	20.941876872873003	431.22040989565755
0.4442	21.443515412385537	432.2406312554129
0.4452	21.954118566879348	433.26198191666094
0.4462	22.473713876013353	434.284479478944
0.4472	23.002329305302386	435.30814152463813
0.4482	23.53999324611181	436.3329856200207
0.4492	24.08673451569094	437.35902931632785
0.4502	24.642582357245153	438.3862901508036
0.4512	25.20756644004593	439.4147856477387
0.4522	25.781716859578808	440.44453331950155
0.4532	26.36506413772867	441.4755506675593
0.4542	26.95763922300242	442.5078551834914
0.4552	27.55947349078799	443.54146434999393
0.4562	28.17059874365038	444.57639564187593
0.4572	28.791047211663344	445.6126665270476
0.4582	29.420851552777336	446.6502944675009
0.4592	30.060044853222948	447.68929692028183
0.4602	30.70866062794945	448.72969133845555
0.4612	31.366732821098672	449.7714951720639
0.4622	32.03429580651339	450.81472586907563
0.4632	32.71138438828043	451.85940087632963
0.4642	33.39803380130778	452.905537640471
0.4652	34.094279711936025	453.9531536088804
0.4662	34.80015821858323	455.00226623059706
0.4672	35.515705852423494	456.05289295723423
0.4682	36.240959578098895	457.1050512438896
0.4692	36.97595679446437	458.15875855004833
0.4702	37.72073533536563	459.2140323404808
0.4712	38.47533347044965	460.27089008613376
0.4722	39.23978990600758	461.329349265016
0.4732	40.01414378585003	462.38942736307797
0.4742	40.79843469221451	463.45114187508636
0.4752	41.592702646704716	464.5145103054928
0.4762	42.39698811126132	465.579550169297
0.4772	43.21133198916484	466.64627899290554
0.4782	44.035775626069395	467.71471431498446
0.4792	44.870360811067975	468.7848736873077
0.48019999999999996	45.71512977778874	469.85677467560043
0.48119999999999996	46.570125205522494	470.9304348603778
0.48219999999999996	47.43539022038029	472.0058718377782
0.48319999999999996	48.31096839648254	473.08310322039364
0.48419999999999996	49.196903757177964	474.16214663809393
0.48519999999999996	50.093240776293555	475.24301973884803
0.48619999999999997	51.00002437941404	476.32574018954006
0.48719999999999997	51.91729994519242	477.4103256767822
0.48819999999999997	52.845113306689775	478.49679390772286
0.48919999999999997	53.783510752745435	479.5851626108514
0.49019999999999997	54.732539029376895	480.6754495367989
0.49119999999999997	55.69224534120941	481.7676724591354
0.49219999999999997	56.66267735293517	482.86184917516306
0.49319999999999997	57.64388319080241	483.9579975067069
0.4942	58.635911444133306	485.0561353009007
0.4952	59.63881116687199	486.1562804309711
0.4962	60.65263187916123	487.25845079701725
0.4972	61.67742356894886	488.3626643267882
0.4982	62.71323669362291	489.4689389764567
0.4992	63.76012218167641	490.57729273139057
0.5002	64.81813143440054	491.6877436069209
0.5012	65.88731632760708	492.80030964910713
0.5022	66.96772921338015	493.9150089355006
0.5032	68.05942292185631	495.0318595759045
0.5042	69.1624507630335	496.15087971313136
0.5052	70.27512241616301	497.27208752375867
0.5062	71.38982613887686	498.3954977720193
0.5072	72.50384401839064	499.5211101234672
0.5082	73.61715920101366	500.6489188842052
0.5092	74.72975486603225	501.7789183495806
0.5102	75.84161422594553	502.9111028043134
0.5112	76.95272052669878	504.04546652262394
0.5122	78.06305704791446	505.1820037683599
0.5132	79.17260710312154	506.32070879512264
0.5142	80.28135403998239	507.4615758463935
0.5152	81.38928124051743	508.6045991556588
0.5162	82.4963721213281	509.7497729465351
0.5172	83.60261013381735	510.8970914328935
0.5182	84.707978764408	512.0465488189832
0.5192	85.81246153475922	513.1981392995549
0.5202	86.91604200198118	514.351857059984
0.5212	88.01870375884664	515.5076962763919
0.5222	89.12043043400162	516.6656511157686
0.5232	90.22120569217343	517.8257157360931
0.5242	91.32101323437676	518.9878842864549
0.5252	92.41983679811763	520.1521509071732
0.5262	93.51766015759547	521.318509729917
0.5272	94.61446712390307	522.4869548778238
0.5282	95.71024154522469	523.6574804656187
0.5292	96.80496730703211	524.830080599732
0.5302	97.89862833227832	526.0047493784166
0.5312	98.9912085815898	527.1814808918651
0.5322	100.08269205345661	528.3602692223265
0.5332	101.17306278442024	529.5411084442213
0.5342	102.26230484925993	530.723992624258
0.5352	103.3504023611768	531.9089158215473
0.5362	104.43733947197619	533.0958720877168
0.5372	105.52310037224775	534.2848554670243
0.5382	106.60766929154423	535.475859996472
0.5392	107.6910304985574	536.6688797059185
0.5402	108.77316830129331	537.8639086181919
0.5412	109.85406704724458	539.0609407492011
0.5422	110.93371112356111	540.2599701080471
0.5432	112.01208495721959	541.4609906971344
0.5442	113.08917301518987	542.6639965122805
0.5452	114.16495980460084	543.8689815428263
0.5462	115.23942987290329	545.0759397717451
0.5472	116.31256780803163	546.2848651757513
0.5482	117.38435823856393	547.4957517254094
0.5492	118.45478583387914	548.7085933852406
0.5502	119.52383530431369	549.9233841138313
0.5512	120.59149140131575	551.1401178639392
0.5522	121.65773891759721	552.3587885825996
0.5532	122.7225626872851	553.5793902112317
0.5542	123.78594758606982	554.8019166857435
0.5552	124.84787853135272	556.0263619366368
0.5562	125.90834048239121	557.2527198891113
0.5572	126.96731844044281	558.480984463169
0.5582	128.0247974489063	559.7111495737166
0.5592	129.08076259346268	560.9432091306697
0.5602	130.1351990022131	562.1771570390541
0.5612	131.18809184581576	563.4129871991082
0.5622	132.23942633762047	564.650693506384
0.5632	133.28918773380283	565.8902698518488
0.5642	134.33736133349498	567.131710121985
0.5652	135.38393247891594	568.3750081988902
0.5662	136.4288865554997	569.620157960377
0.5672	137.4722089920219	570.8671532800718
0.5682	138.51388526072463	572.1159880275131
0.5692	139.55390087743996	573.3666560682504
0.5702	140.59224140171105	574.6191512639409
0.5712	141.62889243691268	575.873467472447
0.5722	142.66383963036918	577.1295985479331
0.5732	143.69706867347153	578.3875383409618
0.5742	144.7285653017923	579.6472806985893
0.5752	145.758315295199	580.9088194644607
0.5762	146.78630447796652	582.1721484789056
0.5771999999999999	147.8125187188869	583.437261579031
0.5781999999999999	148.8369439313788	584.7041525988168
0.5791999999999999	149.85956607359387	585.9728153692078
0.5801999999999999	150.88037114852304	587.2432437182074
0.5811999999999999	151.89934520410026	588.5154314709699
0.5821999999999999	152.91647433330525	589.7893724498927
0.5831999999999999	153.93174467426456	591.0650604747075
0.5841999999999999	154.94514241035085	592.342489362572
0.5851999999999999	155.9566537702808	593.6216529281598
0.5861999999999999	156.9662650282119	594.9025449837516
0.5871999999999999	157.97396250383713	596.185159339324
0.5882	158.9797325624784	597.4694898026393
0.5892	159.9835616151786	598.7555301793343
0.5902	160.98543611879214	600.043274273009
0.5912	161.98534257607378	601.332715885314
0.5922	162.98326753576626	602.6238488160384
0.5932	163.9791975926864	603.9166668631967
0.5942	164.97311938780976	605.211163823116
0.5952	165.96501960835357	606.5073334905211
0.5962	166.9548849878589	607.8051696586215
0.5972	167.9427023062707	609.1046661191959
0.5982	168.9284583900167	610.4058166626775
0.5992	169.912140112085	611.7086150782379
0.6002	170.89373439210033	613.0130551538721
0.6012	171.87322819639826	614.3191306764809
0.6022	172.85060853809915	615.6268354319552
0.6032	173.8258624771793	616.9361632052577
0.6042	174.7989771205423	618.2471077805061
0.6052	175.76993962208766	619.5596629410542
0.6062	176.738737182779	620.873822469574
0.6072	177.7053570507101	622.189580148136
0.6082	178.66978652117047	623.5069297582905
0.6092	179.63201293670878	624.8258650811473
0.6102	180.5920236871958	626.1463798974556
0.6112	181.54980620988488	627.4684679876833
0.6122	182.50534798947243	628.792123132096
0.6132	183.45863655815612	630.1173391108354
0.6142	184.40965949569193	631.4441097039971
0.6152	185.35840442945062	632.7724286917091
0.6162	186.30485903447192	634.102289854208
0.6172	187.24901103351797	635.4336869719165
0.6182	188.1908481971255	636.7666138255194
0.6192	189.13035834365687	638.1010641960402
0.6202	190.06752933934905	639.4370318649159
0.6212	191.00234909836277	640.774510614073
0.6222	191.93480558282891	642.1134942260019
0.6232	192.8648868028947	643.4539764838308
0.6242	193.79258081676815	644.7959511714007
0.6252	194.71787573076176	646.1394120733381
0.6262	195.64075969933444	647.4843529751287
0.6272	196.56122092513263	648.8307676631899
0.6282	197.47924765902994	650.1786499249432
0.6292	198.3948282001659	651.5279935488862
0.6302	199.30795089598328	652.8787923246642
0.6312	200.21860414226452	654.2310400431417
0.6322	201.1267763831664	655.5847304964723
0.6332	202.0324561112543	656.9398574781702
0.6342	202.9356318675346	658.2964147831793
0.6352	203.8362922414867	659.6543962079436
0.6362	204.734425871093	661.0137955504755
0.6372	205.6300214428685	662.3746066104255
0.6382	206.52306769188894	663.7368231891505
0.6392	207.4135534018176	665.1004390897813
0.6402	208.30146740493154	666.4654481172907
0.6412	209.18679858214628	667.8318440785612
0.6422	210.06953586303956	669.199620782451
0.6432	210.9496682258737	670.5687720398613
0.6442	211.8271846976176	671.9392916638022
0.6452	212.70207435396676	673.3111734694585
0.6462	213.57432631936283	674.684411274255
0.6472	214.44392976701187	676.0589988979217
0.6482	215.3108739189016	677.4349301625584
0.6492	216.1751480458174	678.812198892699
0.6502	217.0367414673578	680.1907989153756
0.6512	217.89564355194815	681.5707240601814
0.6522	218.75184371685378	682.9519681593347
0.6532	219.6053314281921	684.3345250477412
0.6542	220.45609620094356	685.7183885630568
0.6552	221.30412759896134	687.1035525457492
0.6562	222.14941523498075	688.4900108391599
0.6572	222.99194877062675	689.8777572895659
0.6582	223.83171791642104	691.26678574624
0.6592	224.66871243178804	692.6570900615118
0.6602	225.5029221250597	694.048664090828
0.6612	226.33433685347958	695.4415016928122
0.6622	227.16294652320596	696.8355967293247
0.6632	227.98874108931344	698.2309430655214
0.6642	228.8117105557945	699.6275345699129
0.6652	229.63184497555926	701.0253651144226
0.6662	230.44913445043468	702.4244285744453
0.6672	231.26356913116302	703.8247188289049
0.6682	232.07513921739857	705.2262297603114
0.6692	232.88383495770455	706.6289552548187
0.6702	233.68964664954825	708.032889202281
0.6712	234.4925646392954	709.438025496309
0.6722	235.29257932220395	710.8443580343264
0.6732	236.08968114241662	712.2518807176253
0.6742	236.88386059295271	713.6605874514216
0.6752	237.67510821569883	715.0704721449102
0.6762	238.46341460139908	716.4815287113197
0.6772	239.24877038964377	717.8937510679663
0.6782	240.03116626885807	719.3071331363085
0.6792	240.8105929762891	720.7216688420004
0.6802	241.58704129799216	722.1373521149451
0.6812	242.36050206881688	723.5541768893478
0.6822	243.13096617239142	724.9721371037682
0.6832	243.89842454110666	726.3912267011733
0.6842	244.66286815609908	727.8114396289889
0.6852	245.42428804723315	729.232769839152
0.6862	246.18267529308253	730.6552112881615
0.6872	246.93802102091055	732.0787579371294
0.6882	247.6903164066502	733.5034037518316
0.6892	248.43955267488278	734.9291427027586
0.6902	249.18572109881615	736.355968765165
0.6912	249.92881300026175	737.7838759191195
0.6922	250.6688197496115	739.2128581495543
0.6932	251.40573276581307	740.6429094463145
0.6942	252.13954351634501	742.0740238042061
0.6952	252.87024351719086	743.5061952230456
0.6962	253.59782433281237	744.9394177077069
0.6972	254.32227757612216	746.3736852681702
0.6982	255.04359490845547	747.8089919195692
0.6992	255.76176803954115	749.2453316822376
0.7002	256.476788727472	750.6826985817571
0.7012	257.18864877867435	752.1210866490035
0.7022	257.89734004787664	753.5604899201927
0.7032	258.60285443807766	755.000902436927
0.7041999999999999	259.3051839005136	756.4423182462409
0.7051999999999999	260.00432043462513	757.8847314006463
0.7061999999999999	260.70025608802246	759.3281359581771
0.7071999999999999	261.39298295645125	760.7725259824349
0.7081999999999999	262.0824931837564	762.2178955426324
0.7091999999999999	262.7687789618461	763.6642387136384
0.7101999999999999	263.45183253065494	765.1115495760214
0.7111999999999999	264.1316461781055	766.5598222160926
0.7121999999999999	264.80821224007093	768.00905072595
0.7132	265.4815231003352	769.459229203521
0.7142	266.15157119055334	770.9103517526047
0.7152	266.81834899021146	772.3624124829149
0.7162	267.481849026585	773.8154055101215
0.7172	268.14206387469744	775.269324955893
0.7182	268.79898615727757	776.7241649479374
0.7192	269.4526085447164	778.1799196200436
0.7202	270.1029237550234	779.6365831121223
0.7212	270.74992455378236	781.0941495702467
0.7222	271.39360375410575	782.5526131466929
0.7232	272.0339542165894	784.0119679999794
0.7242	272.6709688492661	785.4722082949078
0.7252	273.30464060755867	786.9333282026013
0.7262	273.93496249423214	788.3953219005444
0.7272	274.5619275593458	789.858183572622
0.7282	275.1855289002042	791.3219074091576
0.7292	275.8057596613077	792.7864876069517
0.7302	276.42261303430257	794.2519183693204
0.7312	277.03608225793016	795.7181939061325
0.7322	277.6461606179758	797.1853084338474
0.7332	278.25284144721684	798.6532561755522
0.7342	278.85611812537013	800.1220313609991
0.7352	279.45598407903935	801.5916282266414
0.7362	280.0524327816611	803.0620410156705
0.7372	280.6454577534507	804.5332639780514
0.7382	281.2350525613479	806.0052913705597
0.7392	281.82121081896105	807.478117456816
0.7402	282.4039261865115	808.9517365073222
0.7412	282.98319237077715	810.4261427994958
0.7422	283.5590031250356	811.9013306177055
0.7432	284.1313522490063	813.377294253305
0.7442	284.70023358879297	814.8540280046678
0.7452	285.2656410368245	816.3315261772212
0.7462	285.8275685317963	817.8097830834798
0.7472	286.38601005861034	819.2887930430793
0.7482	286.94095964831496	820.7685503828093
0.7492	287.4924113780445	822.249049436647
0.7502	288.0403593709577	823.7302845457895
0.7512	288.584797796176	825.2122500586858
0.7522	289.12572086872177	826.69494033107
0.7532	289.66312284945496	828.1783497259929
0.7542	290.1969980450103	829.6624726138533
0.7552	290.7273408077332	831.1473033724299
0.7562	291.254145535616	832.6328363869123
0.7572	291.77740667223276	834.1190660499324
0.7582	292.29711870667455	835.6059867615943
0.7592	292.8132761734834	837.0935929295055
0.7602	293.3258736525865	838.5818789688069
0.7612	293.8349057692291	840.0708393022027
0.7622	294.340367193908	841.5604683599898
0.7632	294.84225264230355	843.0507605800883
0.7642	295.34055687521214	844.5417104080695
0.7652	295.8352746984772	846.033312297186
0.7662	296.3264009629206	847.5255607083991
0.7672	296.81393056427356	849.018450110409
0.7682	297.2978584431064	850.5119749796819
0.7692	297.77817958475845	852.0061298004783
0.7702	298.2548890192676	853.500909064881
0.7712	298.727981821299	854.9963072728223
0.7722	299.1974531100738	856.4923189321117
0.7732	299.6632980492969	857.9889385584632
0.7742	300.12551184708485	859.4861606755214
0.7752	300.58408975589305	860.9839798148888
0.7762	301.0390270724423	862.4823905161517
0.7772	301.49031913764594	863.9813873269069
0.7782	301.93796133653484	865.4809648027871
0.7792	302.381949098184	866.9811175074874
0.7802	302.8222778956373	868.4818400127897
0.7812	303.25894324583214	869.9831268985888
0.7822	303.69194070952454	871.4849727529173
0.7832	304.12126589121254	872.9873721719699
0.7842	304.54691443906034	874.4903197601286
0.7852	304.9688820448214	875.9938101299869
0.7862	305.38716444376126	877.4978379023736
0.7872	305.80175741458066	879.0023977063773
0.7882	306.21265677933695	880.5074841793696
0.7892	306.61985840336666	882.0130919670287
0.7902	307.0233581952065	883.5192157233627
0.7912	307.4231521065148	885.0258501107329
0.7922	307.81923613199206	886.5329897998763
0.7932	308.2116063093016	888.0406294699283
0.7942	308.60025871898944	889.5487638084448
0.7952	308.98518948440415	891.0573875114254
0.7962	309.36639477161634	892.566495283334
0.7972	309.74387078933773	894.0760818371217
0.7982	310.11761378883966	895.5861418942476
0.7992	310.4876200638718	897.0966701847004
0.8002	310.8538859505802	898.6076614470198
0.8012	311.216407827425	900.1191104283171
0.8022	311.57518211509785	901.6310118842958
0.8032	311.93020527643915	903.1433605792727
0.8042	312.28147381635506	904.6561512861974
0.8052	312.6289842817336	906.1693787866733
0.8062	312.9727332613614	907.6830378709765
0.8072	313.31271738583916	909.1971233380763
0.8082	313.64893332749773	910.7116299956546
0.8092	313.98137780031317	912.2265526601245
0.8102	314.3100475598218	913.7418861566505
0.8112	314.6349394030353	915.2576253191663
0.8122	314.95605016835464	916.7737649903942
0.8132	315.27337673548493	918.2903000218632
0.8142	315.58691602534884	919.8072252739279
0.8152	315.8966650000006	921.3245356157859
0.8162	316.2026206625392	922.8422259254959
0.8172	316.5047800570215	924.3602910899958
0.8182	316.80314026837533	925.8787260051198
0.8192	317.09769842231174	927.397525575616
0.8202	317.3884516852376	928.9166847151631
0.8212	317.6753972641677	930.4361983463881
0.8222	317.9585324066364	931.9560614008823
0.8232	318.23785440060925	933.4762688192184
0.8242	318.51336057439454	934.9968155509667
0.8252	318.7850482965542	936.5176965547112
0.8262	319.0529149758147	938.0389067980658
0.8272	319.31695806097764	939.5604412576897
0.8282	319.57717504083035	941.0822949193039
0.8292	319.8335634440557	942.6044627777056
0.8302	320.0861208391424	944.1269398367846
0.8312	320.33514988461746	945.649721109537
0.8322	320.58225008236127	947.1728019847287
0.8331999999999999	320.82894612447933	948.6961797841361
0.8341999999999999	321.0752376986322	950.2198536663287
0.8351999999999999	321.32112449349466	951.7438227915186
0.8361999999999999	321.5666061987536	953.2680863215562
0.8371999999999999	321.81168250510507	954.7926434199254
0.8382	322.05635310425157	956.317493251739
0.8392	322.3006176888995	957.8426349837343
0.8402	322.5444759527564	959.3680677842682
0.8412	322.78792759052834	960.8937908233124
0.8422	323.03097229791734	962.4198032724494
0.8432	323.27360977161857	963.9461043048677
0.8442	323.5158397093178	965.4726930953572
0.8452	323.75766180968867	966.9995688203044
0.8462	323.9990757723905	968.5267306576884
0.8472	324.24008129806515	970.0541777870765
0.8482	324.4806780883348	971.5819093896191
0.8492	324.7208658457991	973.1099246480456
0.8502	324.9606442740329	974.6382227466604
0.8512	325.2000130775835	976.1668028713376
0.8522	325.438971961968	977.6956642095173
0.8532	325.67752063367107	979.2248059502011
0.8542	325.915658800142	980.7542272839476
0.8552	326.15338616979284	982.2839274028679
0.8562	326.39070245199497	983.8139055006218
0.8572	326.62760735707735	985.3441607724129
0.8582	326.86410059632374	986.8746924149851
0.8592	327.1001818819702	988.4054996266173
0.8602	327.33585092720256	989.9365816071199
0.8612	327.57110744615414	991.4679375578304
0.8622	327.80595115390327	992.999566681609
0.8632	328.0403817664705	994.5314681828347
0.8642	328.2743990008166	996.0636412674008
0.8652	328.50800257483985	997.5960851427109
0.8662	328.7411922073737	999.1287990176747
0.8672	328.97396761818436	1000.661782102704
0.8682	329.2063285279684	1002.1950336097083
0.8692	329.4382746583504	1003.7285527520909
0.8702	329.6698057318803	1005.2623387447447
0.8712	329.9009214720313	1006.7963908040485
0.8722	330.13162160319746	1008.3307081478622
0.8732	330.36190585069124	1009.8652899955235
0.8742	330.5917739407411	1011.4001355678437
0.8752	330.82122560048936	1012.9352440871029
0.8762	331.0502605579895	1014.4706147770476
0.8772	331.2788785422042	1016.006246862885
0.8782	331.50707928300284	1017.5421395712802
0.8792	331.7348625111593	1019.078292130352
0.8802	331.9622279583493	1020.6147037696686
0.8812	332.1891753571486	1022.151373720244
0.8822	332.41570444103036	1023.6883012145341
0.8832	332.64181494436303	1025.225485486433
0.8842	332.8675066024079	1026.762925771268
0.8852	333.0927791513171	1028.300621305798
0.8862	333.3176323281309	1029.8385713282069
0.8872	333.5420658707761	1031.3767750781021
0.8882	333.7660795180631	1032.9152317965093
0.8892	333.98967300968417	1034.4539407258694
0.8902	334.21284608621096	1035.9929011100344
0.8912	334.43559848909234	1037.5321121942634
0.8922	334.6579299606523	1039.0715732252195
0.8932	334.8798402440875	1040.6112834509656
0.8942	335.10132908346543	1042.1512421209611
0.8952	335.3223962237217	1043.6914484860574
0.8962	335.54304141065836	1045.2319017984946
0.8972	335.7632643909416	1046.7726013118984
0.8982	335.98306491209917	1048.3135462812754
0.8992	336.2024427225191	1049.8547359630106
0.9002	336.4213975714464	1051.3961696148624
0.9012	336.6399292089819	1052.9378464959602
0.9022	336.85803738607973	1054.4797658668003
0.9032	337.07572185454507	1056.0219269892423
0.9042	337.292982367032	1057.5643291265046
0.9052	337.5098186770418	1059.1069715431634
0.9062	337.7262305389204	1060.6498535051462
0.9072	337.94221770785657	1062.19297427973
0.9082	338.15777993987956	1063.7363331355368
0.9092	338.3729169918572	1065.2799293425317
0.9102	338.5876286214938	1066.8237621720168
0.9112	338.80191458732804	1068.3678308966303
0.9122	339.0157746487308	1069.9121347903415
0.9132	339.2292085659034	1071.4566731284478
0.9142	339.4422160998751	1073.0014451875713
0.9152	339.6547970125015	1074.5464502456546
0.9162	339.86695106646226	1076.091687581959
0.9172	340.0786780252591	1077.6371564770593
0.9182	340.2899776532137	1079.1828562128417
0.9192	340.500849715466	1080.7287860724996
0.9202	340.71129397797165	1082.2749453405304
0.9212	340.9213102075006	1083.821333302733
0.9222	341.13089817163456	1085.3679492462024
0.9232	341.3400576387654	1086.9147924593294
0.9242	341.5487883780929	1088.461862231794
0.9252	341.7570901596232	1090.0091578545644
0.9262	341.9649627541661	1091.5566786198929
0.9272	342.1724059333337	1093.1044238213121
0.9282	342.37941946953833	1094.652392753633
0.9292	342.58600313599044	1096.2005847129399
0.9302	342.79215670669674	1097.748998996589
0.9312	342.9978799564582	1099.2976349032042
0.9322	343.2031726608682	1100.846491732673
0.9332	343.4080345963107	1102.3955687861455
0.9342	343.61246553995795	1103.944865366029
0.9352	343.81646526976897	1105.4943807759864
0.9362	344.02003356448745	1107.0441143209318
0.9372	344.22317020363994	1108.5940653070284
0.9382	344.4258749675337	1110.144233041684
0.9392	344.62814763725527	1111.6946168335498
0.9402	344.8299879946681	1113.245215992515
0.9412	345.0313958224111	1114.796029829706
0.9422	345.23237090389637	1116.3470576574805
0.9432	345.4329130233076	1117.8982987894276
0.9442	345.6330219655982	1119.449752540362
0.9452	345.8326975164892	1121.0014182263224
0.9462	346.0319394624678	1122.553295164568
0.9472	346.23074759078526	1124.1053826735754
0.9482	346.42912168945503	1125.6576800730356
0.9492	346.62706154725106	1127.2101866838516
0.9502	346.82456695370587	1128.7629018281334
0.9512	347.02163769910896	1130.3158248291977
0.9522	347.21827357450456	1131.8689550115628
0.9532	347.41447437169035	1133.4222917009463
0.9542	347.61023988321523	1134.9758342242628
0.9552	347.8055699023777	1136.5295819096198
0.9562	348.00046422322424	1138.0835340863148
0.9572	348.194922640547	1139.6376900848336
0.9582	348.3889449498828	1141.1920492368458
0.9592	348.5825309475106	1142.7466108752035
0.9601999999999999	348.77568043045017	1144.301374333936
0.9611999999999999	348.96839319646034	1145.8563389482504
0.9621999999999999	349.1606690440369	1147.4115040545246
0.9632	349.35250777241134	1148.9668689903078
0.9642	349.54390918154854	1150.5224330943156
0.9652	349.73487307214566	1152.0781957064282
0.9662	349.9253992456299	1153.634156167687
0.9672	350.1154875041569	1155.190313820292
0.9682	350.3051376506092	1156.7466680075984
0.9692	350.49434948859437	1158.303218074115
0.9702	350.6831228224434	1159.8599633655
0.9712	350.8714574572087	1161.4169032285592
0.9722	351.0593531986628	1162.9740370112424
0.9732	351.24680985329644	1164.5313640626414
0.9742	351.4338272283169	1166.0888837329867
0.9752	351.62040513164635	1167.6465953736447
0.9762	351.8065433719201	1169.2044983371152
0.9772	351.992241758485	1170.7625919770285
0.9782	352.1775001013978	1172.3208756481429
0.9792	352.3623182114234	1173.8793487063415
0.9802	352.5466959000333	1175.43801050863
0.9812	352.7306329794036	1176.9968604131336
0.9822	352.91412926241395	1178.5558977790943
0.9832	353.09718456264545	1180.1151219668682
0.9842	353.2797986943791	1181.6745323379237
0.9852	353.46197147259437	1183.2341282548373
0.9862	353.6437027129672	1184.7939090812922
0.9872	353.82499223186863	1186.3538741820746
0.9882	354.00583984636336	1187.914022923072
0.9892	354.18624537420766	1189.47435467127
0.9902	354.36620863384815	1191.0348687947496
0.9912	354.5457294444201	1192.5955646626858
0.9922	354.72480762574565	1194.1564416453423
0.9932	354.90344299833254	1195.717499114072
0.9942	355.08163538337226	1197.2787364413125
0.9952	355.2593846027385	1198.840153000584
0.9962	355.43669047898584	1200.4017481664864
0.9972	355.61355283534766	1201.9635213146978
0.9982	355.78997149573524	1203.5254718219705
0.9992	355.9659462847354	1205.0875990661293
1.0002	356.14147702760977	1206.649902426069
1.0012	356.31656355029264	1208.212381281752
1.0022	356.49120567938957	1209.775035014204
1.0032	356.66540324217607	1211.3378630055147
1.0042	356.83915606659565	1212.9008646388318
1.0052	357.0124639812587	1214.464039298362
1.0062	357.18532681544053	1216.027386369365
1.0072	357.3577443990804	1217.5909052381546
1.0082	357.52971656277936	1219.1545952920922
1.0092	357.7012431377992	1220.7184559195882
1.0102	357.8723239560608	1222.2824865100968
1.0112	358.0429588501427	1223.8466864541158
1.0122	358.2131476532792	1225.411055143181
1.0132	358.38289019935945	1226.9755919698678
1.0142	358.5521863229256	1228.5402963277852
1.0152	358.72103585917125	1230.1051676115756
1.0162	358.88943864394025	1231.6702052169112
1.0172	359.05739451372506	1233.2354085404925
1.0182	359.2249033056651	1234.8007769800447
1.0192	359.3919648575458	1236.3663099343175
1.0202	359.558735091905	1237.9320068030797
1.0212	359.72585400502277	1239.497867139993
1.0222	359.89338477334667	1241.0638911264111
1.0232	360.06132750534124	1242.6300790051494
1.0242	360.2296823096148	1244.196431018654
1.0252	360.3984492949193	1245.7629474090045
1.0262	360.5676285701502	1247.3296284179144
1.0272	360.7372202443457	1248.896474286731
1.0282	360.9072244266872	1250.4634852564395
1.0292	361.0776412264986	1252.030661567661
1.0302	361.2484707532463	1253.5980034606562
1.0312	361.4197131165388	1255.1655111753248
1.0322	361.59136842612656	1256.733184951209
1.0332	361.7634367919018	1258.3010250274915
1.0342	361.9359183238982	1259.8690316429997
1.0352	362.1088131322905	1261.4372050362042
1.0362	362.28212132739486	1263.0055454452227
1.0372	362.4558430196678	1264.5740531078181
1.0382	362.62997831970677	1266.1427282614038
1.0392	362.8045273382491	1267.7115711430395
1.0402	362.9794901861729	1269.2805819894377
1.0412	363.15486697449546	1270.8497610369604
1.0422	363.33065781437426	1272.419108521624
1.0432	363.506862817106	1273.9886246790968
1.0442	363.6834820941266	1275.5583097447038
1.0452	363.860515757011	1277.1281639534243
1.0462	364.0379639174729	1278.698187539896
1.0472	364.2158266873646	1280.268380738414
1.0482	364.39410417867674	1281.8387437829335
1.0492	364.57279650353803	1283.4092769070692
1.0502	364.7519037742152	1284.9799803440985
1.0512	364.93142610311247	1286.55085432696
1.0522	365.11136360277175	1288.1218990882576
1.0532	365.2917163858722	1289.693114860259
1.0542	365.4724845652299	1291.264501874898
1.0552	365.6536682537977	1292.8360603637755
1.0562	365.8352675646655	1294.407790558161
1.0572	366.0172826110591	1295.9796926889917
1.0582	366.19971350634086	1297.5517669868768
1.0592	366.38256036400895	1299.1240136820954
1.0602	366.5658232976975	1300.6964330045998
1.0612	366.749502421176	1302.269025184015
1.0622	366.93359784834956	1303.841790449641
1.0632	367.1181096932583	1305.414729030453
1.0642	367.30303807007743	1306.9878411551028
1.0652	367.4883830931168	1308.5611270519196
1.0662	367.67414487682095	1310.134586948912
1.0672	367.86032353576866	1311.7082210737667
1.0682	368.046919184673	1313.282029653853
1.0692	368.2339319383808	1314.85601291622
1.0702	368.421361911873	1316.430171087601
1.0712	368.6092092202637	1318.0045043944117
1.0722	368.7974739788008	1319.579013062754
1.0732	368.9861563028648	1321.153697318414
1.0742	369.17525630796973	1322.7285573868662
1.0752	369.3647741097621	1324.303593493271
1.0762	369.55470982402113	1325.878805862479
1.0772	369.74506356665825	1327.4541947190298
1.0782	369.93583545371735	1329.0297602871542
1.0792	370.12702560137404	1330.6055027907737
1.0802	370.318634125936	1332.181422453504
1.0812	370.51066114384224	1333.7575194986528
1.0822	370.7031067716636	1335.3337941492239
1.0832	370.8959711261018	1336.9102466279153
1.0842	371.0892543239898	1338.486877157123
1.0852	371.28295648229124	1340.0636859589392
1.0862	371.47707771810076	1341.640673255156
1.0872	371.67161814864323	1343.2178392672627
1.0882	371.86657789127383	1344.7951842164514
1.0892	372.061957063478	1346.3727083236138
1.0902	372.2577557828712	1347.9504118093453
1.0912	372.4539741671982	1349.5282948939428
1.0922	372.6506123343339	1351.106357797409
1.0932	372.8476704022822	1352.6846007394502
1.0942	373.04514848917637	1354.2630239394803
1.0952	373.2430467132788	1355.8416276166183
1.0962	373.44136519298047	1357.4204119896926
1.0972	373.6401040468012	1358.999377277239
1.0982	373.83926339338933	1360.5785236975046
1.0992	374.0388433515214	1362.1578514684452
1.1002	374.2388440401022	1363.7373608077298
1.1012	374.43926557816434	1365.3170519327382
1.1022	374.64010808486853	1366.8969250605653
1.1032	374.84137167950274	1368.476980408018
1.1042	375.0430564814825	1370.0572181916207
1.1052	375.24516261035063	1371.6376386276115
1.1062	375.4476901857771	1373.2182419319472
1.1072	375.6506393275587	1374.7990283203007
1.1082	375.854010155619	1376.3799980080653
1.1092	376.0578027900081	1377.9611512103518
1.1102	376.26201735090274	1379.5424881419933
1.1112	376.4666539586055	1381.1240090175422
1.1122	376.67171273354546	1382.705714051275
1.1132	376.8771937962773	1384.2876034571893
1.1142	377.0830972674816	1385.8696774490081
1.1152	377.2894232679643	1387.451936240178
1.1162	377.49617191865707	1389.0343800438716
1.1172	377.7033433406165	1390.6170090729875
1.1182	377.91093765502467	1392.1998235401527
1.1192	378.1189549831879	1393.78282365772
1.1202	378.32739544653793	1395.3660096377737
1.1212	378.5362591666307	1396.949381692126
1.1222	378.74554626514686	1398.5329400323208
1.1232	378.95525686389095	1400.1166848696323
1.1242	379.16539108479185	1401.7006164150682
1.1252	379.3759490499024	1403.284734879368
1.1262	379.5869308813991	1404.8690404730066
1.1272	379.79833670158206	1406.4535334061918
1.1282	380.01016663287515	1408.0382138888688
1.1292	380.2224207978251	1409.6230821307172
1.1302	380.4350993191022	1411.2081383411557
1.1312	380.6482023194994	1412.7933827293393
1.1322	380.8617299219327	1414.3788155041632
1.1332	381.07568224944066	1415.9644368742606
1.1342	381.29005942518455	1417.5502470480064
1.1352	381.50486157244774	1419.136246233516
1.1362	381.7200888146361	1420.7224346386467
1.1372	381.9357412752773	1422.3088124709986
1.1382	382.1518190780211	1423.8953799379162
1.1392	382.36832234663905	1425.4821372464867
1.1402	382.58525120502424	1427.0690846035438
1.1412	382.8026057771912	1428.6562222156656
1.1422	383.02038618727585	1430.2435502891785
1.1432	383.23859255953516	1431.831069030155
1.1442	383.45722501834723	1433.4187786444168
1.1452	383.676283688211	1435.0066793375333
1.1462	383.8957686937461	1436.5947713148248
1.1472	384.1156801596927	1438.1830547813613
1.1482	384.3360182109116	1439.7715299419647
1.1492	384.55678297238353	1441.3601970012078
1.1502000000000001	384.77797456920973	1442.9490561634175
1.1512	384.9995931266111	1444.5381076326726
1.1522000000000001	385.22163876992863	1446.127351612808
1.1532	385.4441116246229	1447.716788307412
1.1542	385.6670118162741	1449.3064179198286
1.1552	385.89033947058186	1450.8962406531602
1.1562	386.11409471336486	1452.4862567102637
1.1572	386.33827767056135	1454.076466293756
1.1582	386.56288846822815	1455.6668696060112
1.1592	386.7879272325412	1457.2574668491643
1.1602	387.01339408979504	1458.8482582251086
1.1612	387.23928916640284	1460.4392439355
1.1622	387.4656125888961	1462.0304241817541
1.1632	387.69236448392473	1463.6217991650508
1.1642	387.9195449782568	1465.213369086331
1.1652	388.1471541987784	1466.805134146301
1.1662	388.37519227249345	1468.3970945454303
1.1672	388.60365932652365	1469.989250483954
1.1682	388.8325554881083	1471.5816021618725
1.1692	389.06188088460436	1473.174149778954
1.1702	389.2916356434858	1474.7668935347322
1.1712	389.5218198923441	1476.3598336285104
1.1722	389.7524337588878	1477.9529702593586
1.1732	389.9834773709421	1479.546303626118
1.1742	390.2149508564494	1481.1398339273983
1.1752	390.4468543434685	1482.7335613615815
1.1762	390.6791879601749	1484.3274861268187
1.1772	390.91195183486053	1485.921608421035
1.1782	391.14514609593346	1487.5159284419271
1.1792	391.37877087191816	1489.1104463869665
1.1802	391.6128262914549	1490.7051624533965
1.1812	391.8473124833001	1492.3000768382374
1.1822	392.08222957632563	1493.895189738283
1.1832	392.31757769951935	1495.4905013501052
1.1842	392.55335698198434	1497.0860118700502
1.1852	392.78956755293945	1498.6817214942446
1.1862	393.02620954171834	1500.27763041859
1.1872	393.2632830777702	1501.873738838769
1.1882	393.50078829065905	1503.4700469502422
1.1892	393.73872531006384	1505.0665549482512
1.1902	393.97709426577825	1506.6632630278177
1.1912	394.21589528771074	1508.260171383745
1.1922	394.45512850588403	1509.8572802106182
1.1932	394.6947940504356	1511.4545897028054
1.1942	394.9348920516168	1513.0521000544572
1.1952	395.17542263979357	1514.6498114595095
1.1962	395.4163859454455	1516.2477241116806
1.1972	395.6577820991663	1517.8458382044764
1.1982	395.8996112316634	1519.4441539311867
1.1992	396.14187347375804	1521.0426714848893
1.2002	396.3845689563847	1522.6413910584474
1.2012	396.6276978105917	1524.2403128445137
1.2022	396.8712601675403	1525.8394370355272
1.2032	397.11525615850525	1527.4387638237183
1.2042	397.3596859148741	1529.0382934011047
1.2052	397.6045495681476	1530.6380259594962
1.2062	397.8498472499392	1532.2379616904916
1.2072	398.09557909197525	1533.8381007854825
1.2082	398.3417452260944	1535.4384434356516
1.2092	398.58834578424813	1537.0389898319754
1.2102	398.8353808985001	1538.639740165222
1.2112	399.0828507010263	1540.2406946259553
1.2122	399.3307553241149	1541.8418534045318
1.2132	399.579094900166	1543.4432166911045
1.2142	399.82786956169167	1545.0447846756208
1.2152	400.07707944131596	1546.6465575478258
1.2162	400.32672467177434	1548.2485354972603
1.2172	400.57680538591404	1549.8507187132632
1.2182	400.82732171669363	1551.4531073849703
1.2192	401.0782737971834	1553.0557017013182
1.2202	401.32966176056436	1554.65850185104
1.2212	401.5814857401291	1556.2615080226713
1.2222	401.833745869281	1557.8647204045458
1.2232	402.0864422815345	1559.4681391847998
1.2242	402.33957511051466	1561.0717645513698
1.2252	402.5931444899576	1562.675596691996
1.2262	402.8471505537095	1564.2796357942193
1.2272	403.1015934357277	1565.883882045386
1.2282	403.35647327007933	1567.4883356326443
1.2292	403.61179019094214	1569.0929967429486
1.2302	403.86754433260387	1570.6978655630562
1.2312	404.12373582946253	1572.3029422795323
1.2322	404.3803648160257	1573.908227078746
1.2332	404.6374314269113	1575.513720146875
1.2342	404.89493579684654	1577.1194216699023
1.2352	405.1528780606687	1578.7253318336204
1.2362	405.4112583533241	1580.3314508236288
1.2372	405.6700768098691	1581.937778825337
1.2382	405.9293335654688	1583.5443160239631
1.2392	406.1890287553979	1585.1510626045356
1.2402	406.4491625150401	1586.7580187518934
1.2412	406.70973497988814	1588.3651846506866
1.2422	406.97074628554356	1589.9725604853766
1.2432	407.232196567717	1591.5801464402377
1.2442	407.4940859622275	1593.1879426993562
1.2452	407.75641460500293	1594.7959494466318
1.2462	408.01918263207955	1596.4041668657778
1.2472	408.2823901796022	1598.012595140323
1.2482	408.5460373838238	1599.6212344536088
1.2492	408.81012438110565	1601.2300849887945
1.2502	409.0746513079171	1602.8391469288536
1.2512	409.33961830083564	1604.448420456577
1.2522	409.60502549654655	1606.0579057545717
1.2532	409.8708730318429	1607.667603005263
1.2542	410.13716104362555	1609.2775123908934
1.2552	410.4038896689032	1610.8876340935255
1.2562	410.6710590447916	1612.4979682950386
1.2572	410.9386693085145	1614.108515177134
1.2582	411.2067205974024	1615.719274921331
1.2592	411.4752130488936	1617.3302477089712
1.2602	411.74414680053314	1618.941433721216
1.2612	412.01352198997347	1620.55283313905
1.2622	412.28333875497356	1622.164446143278
1.2632	412.55359723339967	1623.7762729145288
1.2642	412.82429756322443	1625.3883136332536
1.2652	413.0954398825277	1627.0005684797286
1.2662	413.36702432949534	1628.6130376340518
1.2672	413.6390510424201	1630.2257212761485
1.2682	413.91152015970084	1631.838619585767
1.2692	414.18443181984316	1633.4517327424833
1.2702	414.4577861614583	1635.065060925697
1.2712	414.7315833232641	1636.6786043146371
1.2722	415.00582344408417	1638.2923630883574
1.2732	415.28050666284827	1639.9063374257414
1.2742	415.5556331185918	1641.5205275054986
1.2752000000000001	415.83120295045603	1643.134933506169
1.2762	416.10721629768796	1644.7495556061206
1.2772000000000001	416.3836732996401	1646.3643939835513
1.2782	416.66057409577047	1647.9794488164887
1.2792000000000001	416.93791882564244	1649.5947202827917
1.2802	417.21570762892486	1651.2102085601496
1.2812	417.4939406453916	1652.8259138260833
1.2822	417.772618014922	1654.441836257946
1.2832	418.0517398775	1656.0579760329229
1.2842	418.3313063732149	1657.6743333280328
1.2852	418.6113176422607	1659.2909083201268
1.2862	418.8917738249363	1660.9077011858913
1.2872	419.1726750616452	1662.5247121018454
1.2882	419.45402149289566	1664.141941244345
1.2892	419.73581325930024	1665.7593887895787
1.2902	420.01805050157634	1667.3770549135736
1.2912	420.3007333605453	1668.9949397921907
1.2922	420.5838619771331	1670.6130436011297
1.2932	420.86743649236956	1672.2313665159252
1.2942	421.1514570473892	1673.8499087119517
1.2952	421.43592378343	1675.4686703644195
1.2962	421.7208368418341	1677.0876516483793
1.2972	422.00619636404764	1678.7068527387194
1.2982	422.29200249162034	1680.3262738101685
1.2992	422.5782553662057	1681.9459150372943
1.3002	422.864955129561	1683.5657765945055
1.3012	423.15210192354675	1685.1858586560506
1.3022	423.43969589012727	1686.806161396021
1.3032	423.72773717136994	1688.4266849883475
1.3042	424.0162259094457	1690.0474296068048
1.3052	424.3051622466286	1691.6683954250093
1.3062	424.5945463252958	1693.2895826164206
1.3072	424.8843782879275	1694.9109913543414
1.3082	425.17465827710714	1696.5326218119192
1.3092	425.4653864355206	1698.154474162144
1.3102	425.75656290595697	1699.7765485778523
1.3112	426.0481878313079	1701.3988452317246
1.3122	426.34026135456804	1703.0213642962883
1.3132	426.63278361883397	1704.6441059439148
1.3142	426.92575476730536	1706.267070346824
1.3152	427.21917494328414	1707.890257677081
1.3162	427.5130442901746	1709.5136681065997
1.3172	427.80736295148324	1711.1373018071404
1.3182	428.1021310708188	1712.7611589503124
1.3192	428.3973487918922	1714.385239707573
1.3202	428.6930162585165	1716.0095442502295
1.3212	428.98913361460643	1717.634072749437
1.3222	429.285701004179	1719.2588253762024
1.3232	429.58271857135264	1720.8838023013807
1.3242	429.880186460348	1722.5090036956797
1.3252	430.17810481548696	1724.1344297296564
1.3262	430.4764737811934	1725.7600805737209
1.3272	430.7752935019924	1727.3859563981337
1.3282	431.0745641225107	1729.0120573730092
1.3292	431.3742857874763	1730.6383836683128
1.3302	431.67445864171873	1732.264935453865
1.3312	431.9750828301684	1733.891712899338
1.3322	432.27615849785724	1735.5187161742597
1.3332	432.577685789918	1737.1459454480103
1.3342	432.87966485158483	1738.773400889827
1.3352	433.18209582819225	1740.4010826688
1.3362	433.48497886517623	1742.028990953877
1.3372	433.78831410807317	1743.65712591386
1.3382	434.09210170252044	1745.2854877174088
1.3392	434.39634179425593	1746.9140765330392
1.3402	434.70103452911826	1748.5428925291246
1.3412	435.0061800530463	1750.1719358738947
1.3422	435.3117785120798	1751.8012067354389
1.3432	435.61783005235844	1753.4307052817037
1.3442	435.92433482012274	1755.0604316804952
1.3452	436.23129296171294	1756.6903860994776
1.3462	436.5387046235698	1758.3205687061754
1.3472	436.84656995223406	1759.950979667973
1.3482	437.15488909434663	1761.5816191521144
1.3492	437.4636621966482	1763.212487325705
1.3502	437.7728894059796	1764.8435843557113
1.3512	438.08257086928126	1766.4749104089603
1.3522	438.39270673359357	1768.1064656521419
1.3532	438.70329714605646	1769.7382502518071
1.3542	439.0143422539099	1771.3702643743711
1.3552	439.32584220449274	1773.00250818611
1.3562	439.63779714524406	1774.634981853165
1.3572	439.95020722370185	1776.2676855415398
1.3582	440.26307258750387	1777.9006194171031
1.3592	440.5763933843869	1779.5337836455872
1.3602	440.8901697621872	1781.1671783925901
1.3612	441.2044018688399	1782.800803823574
1.3622	441.51908985237975	1784.4346601038678
1.3632	441.8342338609399	1786.068747398665
1.3642	442.1498340427531	1787.703065873027
1.3652	442.4658905461506	1789.3376156918803
1.3662	442.7824035195629	1790.9723970200198
1.3672	443.0993731115188	1792.6074100221063
1.3682	443.4167994706464	1794.2426548626702
1.3692	443.734682745672	1795.8781317061082
1.3702	444.0530230854208	1797.513840716687
1.3712	444.37182063881636	1799.1497820585407
1.3722	444.6910755548809	1800.7859558956743
1.3732	445.01078798273494	1802.4223623919606
1.3742	445.3309580715975	1804.059001711144
1.3752	445.65158597078556	1805.6958740168375
1.3762	445.97267182971484	1807.3329794725262
1.3772	446.2942157978989	1808.9703182415649
1.3782	446.61621802494955	1810.6078904871813
1.3792	446.9386786605765	1812.245696372473
1.3802	447.2615978545877	1813.8837360604111
1.3812	447.58497575688887	1815.522009713838
1.3822	447.90881251748357	1817.1605174954698
1.3832	448.2331082864734	1818.7992595678948
1.3842	448.55786321405753	1820.4382360935756
1.3852	448.88307745053277	1822.0774472348473
1.3862	449.2087511462939	1823.7168931539209
1.3872	449.5348844518329	1825.3565740128802
1.3882	449.86147751773956	1826.996489973685
1.3892	450.18853049470084	1828.636641198169
1.3902	450.5160435335015	1830.2770278480425
1.3912	450.8440167850232	1831.9176500848912
1.3922	451.17245040024534	1833.5585080701774
1.3932	451.50134453024424	1835.1996019652388
1.3942	451.8306993261936	1836.8409319312912
1.3952	452.160514939364	1838.482498129426
1.3962	452.49079152112347	1840.1243007206142
1.3972	452.8215292229365	1841.7663398657025
1.3982	453.15272819636516	1843.408615725418
1.3992	453.4843885930678	1845.0511284603638
1.4002000000000001	453.8165105648003	1846.693878231024
1.4012	454.14909426341455	1848.33686519776
1.4022000000000001	454.4821398408598	1849.9800895208145
1.4032	454.81564744918165	1851.6235513603085
1.4042000000000001	455.1496172405225	1853.2672508762446
1.4052	455.4840493671211	1854.911188228504
1.4062000000000001	455.81894398131294	1856.5553635768501
1.4072	456.15430123552983	1858.1997770809269
1.4082	456.4901212822999	1859.84442890026
1.4092	456.8264042742481	1861.4893191942572
1.4102	457.1631503640949	1863.1344481222068
1.4112	457.5003597046578	1864.7798158432815
1.4122	457.8380324488498	1866.4254225165348
1.4132	458.17616874968064	1868.0712683009053
1.4142	458.5147687602557	1869.7173533552125
1.4152	458.8538326337767	1871.363677838162
1.4162	459.193360523541	1873.0102419083412
1.4172	459.53335258294226	1874.6570457242237
1.4182	459.8738089654698	1876.3040894441663
1.4192	460.21472982470874	1877.9513732264113
1.4202	460.55611531434005	1879.5988972290857
1.4212	460.89796558814055	1881.2466616102033
1.4222	461.2402807999824	1882.8946665276621
1.4232	461.5830611038336	1884.5429121392476
1.4242	461.9263066537577	1886.1913986026304
1.4252	462.27001760391386	1887.8401260753699
1.4262	462.6141941085564	1889.4890947149097
1.4272	462.9588363220353	1891.1383046785838
1.4282	463.3039443987959	1892.7877561236114
1.4292	463.64951849337893	1894.4374492071017
1.4302	463.99555876042007	1896.0873840860504
1.4312	464.3420653546506	1897.7375609173428
1.4322	464.6890384308966	1899.3879798577527
1.4332	465.0364781440795	1901.0386410639435
1.4342	465.38438464921586	1902.6895446924675
1.4352	465.73275810141706	1904.3406908997672
1.4362	466.08159865588954	1905.992079842175
1.4372	466.4309064679348	1907.643711675914
1.4382	466.7806816929489	1909.295586557097
1.4392	467.1309244864232	1910.9477046417294
1.4402	467.4816350039434	1912.6000660857057
1.4412	467.8328134011901	1914.252671044814
1.4422	468.18445983393855	1915.9055196747324
1.4432	468.53657445805885	1917.5586121310332
1.4442	468.8891574295154	1919.2119485691792
1.4452	469.2422089043673	1920.865529144527
1.4462	469.59572903876807	1922.5193540123255
1.4472	469.9497179889659	1924.1734233277177
1.4482	470.30417591130305	1925.827737245739
1.4492	470.65910296221637	1927.48229592132
1.4502	471.01449929823696	1929.137099509284
1.4512	471.3703650759903	1930.7921481643507
1.4522	471.7267004521959	1932.447442041132
1.4532	472.0835055836677	1934.1029812941372
1.4542	472.4407806273134	1935.7587660777685
1.4552	472.7985257401352	1937.414796546326
1.4562	473.15674107922905	1939.0710728540037
1.4572	473.51542680178517	1940.727595154893
1.4582	473.87458306508734	1942.3843636029806
1.4592	474.2342100265137	1944.0413783521515
1.4602	474.59430784353594	1945.6986395561853
1.4612	474.9548766737198	1947.356147368761
1.4622	475.3159166747246	1949.0139019434537
1.4632	475.6774280043036	1950.6719034337373
1.4642	476.0394108203034	1952.3301519929823
1.4652	476.4018652806647	1953.9886477744594
1.4662	476.76479154342155	1955.647390931336
1.4672	477.12818976670167	1957.3063816166798
1.4682	477.49206010872615	1958.9656199834567
1.4692	477.8564027278097	1960.6251061845326
1.4702	478.2212177823605	1962.2848403726723
1.4712	478.5865054308801	1963.9448227005419
1.4722	478.95226583196313	1965.6050533207056
1.4732	479.318499144298	1967.2655323856306
1.4742	479.68520552666604	1968.9262600476825
1.4752	480.05238513794205	1970.5872364591298
1.4762	480.4200381370938	1972.2484617721404
1.4772	480.78816468318234	1973.9099361387857
1.4782	481.1567649353617	1975.571659711037
1.4792	481.5258390528793	1977.2336326407692
1.4802	481.89538719507505	1978.8958550797583
1.4812	482.2654095213825	1980.5583271796843
1.4822	482.6359061913275	1982.221049092128
1.4832	483.0068773645293	1983.8840209685754
1.4842	483.3783232006997	1985.5472429604142
1.4852	483.7502438596436	1987.2107152189371
1.4862	484.12263950125833	1988.8744378953393
1.4872	484.49551028553446	1990.5384111407216
1.4882	484.8688563725546	1992.2026351060872
1.4892	485.24267792249475	1993.8671099423461
1.4902	485.616975095623	1995.5318358003115
1.4912	485.9917480523003	1997.196812830703
1.4922	486.36699695298006	1998.8620411841446
1.4932	486.7427219582083	2000.5275210111668
1.4942	487.1189232286233	2002.193252462205
1.4952	487.49560092495614	2003.859235687602
1.4962	487.8727552080299	2005.5254708376056
1.4972	488.25038623876037	2007.191958062372
1.4982	488.6284941781553	2008.8586975119617
1.4992	489.00707918731496	2010.525689336345
1.5002	489.386141427432	2012.1929336853984
1.5012	489.76568105979095	2013.860430708906
1.5022	490.1456982457688	2015.5281805565598
1.5032	490.52619314683454	2017.1961833779603
1.5042	490.9071659245492	2018.8644393226157
1.5052	491.2886167405661	2020.5329485399438
1.5062	491.67054575663036	2022.2017111792702
1.5072	492.05295313457924	2023.8707273898303
1.5082	492.43583903634186	2025.5399973207686
1.5092	492.81920362393936	2027.2095211211395
1.5102	493.2030470594846	2028.8792989399064
1.5112	493.5873695051826	2030.5493309259443
1.5122	493.97217112332964	2032.2196172280362
1.5132	494.3574520763146	2033.8901579948783
1.5142	494.7432125266173	2035.5609533750753
1.5152	495.1294526368098	2037.2320035171447
1.5162	495.5161725695554	2038.9033085695135
1.5172	495.9033724876095	2040.574868680522
1.5182	496.29105255381876	2042.2466839984208
1.5192	496.6792129311217	2043.9187546713736
1.5202	497.06785378254807	2045.5910808474553
1.5212	497.45697527121933	2047.263662674654
1.5222	497.84657756034824	2048.9365003008697
1.5232	498.2366608132392	2050.6095938739163
1.5242	498.62722519328787	2052.2829435415197
1.5252000000000001	499.01827086398123	2053.95654945132
1.5262	499.4097979888978	2055.6304117508703
1.5272000000000001	499.80180673170736	2057.3045305876385
1.5282	500.1942972561706	2058.978906109005
1.5292000000000001	500.58726972614005	2060.6535384622666
1.5302	500.9807243055588	2062.328427794632
1.5312000000000001	501.37466115846166	2064.003574253227
1.5322	501.7690804489741	2065.67897798509
1.5332000000000001	502.16398234131316	2067.354639137178
1.5342	502.55936699978645	2069.030557856359
1.5352000000000001	502.95523458879325	2070.7067342894206
1.5362	503.35158527282323	2072.383168583064
1.5372	503.7484192164573	2074.0598608839077
1.5382	504.1457365843675	2075.736811338486
1.5392	504.54353754131637	2077.414020093249
1.5402	504.9418222521576	2079.091487294564
1.5412	505.34059088183574	2080.7692130887167
1.5422	505.73984359538605	2082.447197621908
1.5432	506.13958055793466	2084.1254410402566
1.5442	506.53980193469835	2085.8039434897996
1.5452	506.94050789098475	2087.4827051164916
1.5462	507.34169859219213	2089.161726066205
1.5472	507.7433742038095	2090.841006484731
1.5482	508.14553489141633	2092.520546517779
1.5492	508.5481808206826	2094.200346310977
1.5502	508.95131215736956	2095.8804060098723
1.5512	509.35492906732804	2097.560725759931
1.5522	509.75903171650003	2099.2413057065382
1.5532	510.1636202709178	2100.922145995
1.5542	510.56869489670413	2102.6032467705404
1.5552	510.97425576007225	2104.284608178305
1.5562	511.38030302732557	2105.966230363359
1.5572	511.78683686485806	2107.6481134706873
1.5582	512.1938574391542	2109.3302576451974
1.5592	512.601364916788	2111.012663031715
1.5602	513.0093594644251	2112.6953297749897
1.5612	513.41784124882	2114.3782580196894
1.5622	513.8268104368183	2116.061447910406
1.5632	514.2362671953555	2117.7448995916516
1.5642	514.6462116914573	2119.428613207862
1.5652	515.0566440922395	2121.112588903392
1.5662	515.4675645649083	2122.7968268225222
1.5672	515.8789732767592	2124.481327109452
1.5682	516.2908703951788	2126.1660899083076
1.5692	516.703256087643	2127.8511153631352
1.5702	517.1161305217179	2129.536403617905
1.5712	517.5294938650595	2131.2219548165103
1.5722	517.9433462854141	2132.907769102769
1.5732	518.3576879506172	2134.593846620421
1.5742	518.7725190285951	2136.280187513132
1.5752	519.1878396873632	2137.9667919244903
1.5762	519.6036500950273	2139.65365999801
1.5772	520.0199504197825	2141.340791877128
1.5782	520.4367408299141	2143.0281877052075
1.5792	520.854021493797	2144.715847625536
1.5802	521.2717925798956	2146.403771781326
1.5812	521.6900542567646	2148.091960315716
1.5822	522.1088066930478	2149.780413371769
1.5832	522.5280500574787	2151.4691310924745
1.5842	522.9477845188809	2153.1581136207483
1.5852	523.368010246167	2154.8473610994315
1.5862	523.7887274083397	2156.5368736712917
1.5872	524.2099361744908	2158.226651479023
1.5882	524.6316367138022	2159.9166946652476
1.5892	525.0538291955447	2161.6070033725123
1.5902	525.4765137890788	2163.2975777432925
1.5912	525.8996906638546	2164.9884179199908
1.5922	526.3233599894115	2166.6795240449374
1.5932	526.7475219353782	2168.3708962603887
1.5942	527.1721766714729	2170.062534708531
1.5952	527.5973243675032	2171.754439531478
1.5962	528.0229651933661	2173.446610871272
1.5972	528.4490993190475	2175.1390488698817
1.5982	528.875726914623	2176.8317536692075
1.5992	529.3028481502571	2178.5247254110764
1.6002	529.730463196204	2180.217964237246
1.6012	530.1585722228067	2181.9114702894017
1.6022	530.5871754004976	2183.605243709159
1.6032	531.0162728997981	2185.299284638063
1.6042	531.4458648913189	2186.9935932175895
1.6052	531.8759515457597	2188.6881695891416
1.6062	532.3065330339094	2190.3830138940557
1.6072	532.7376095266458	2192.078126273596
1.6082	533.169181194936	2193.7735068689594
1.6092	533.6012482098357	2195.469155821272
1.6102	534.0338107424901	2197.165073271591
1.6112	534.466868964133	2198.8612593609055
1.6122	534.9004230460877	2200.5577142301354
1.6132	535.3344731597654	2202.2544380201307
1.6142	535.7690194766672	2203.9514308716757
1.6152	536.2040621683825	2205.6486929254843
1.6162	536.6396014065901	2207.346224322204
1.6172	537.0756373630572	2209.0440252024127
1.6182	537.5121702096401	2210.742095706623
1.6192	537.9492001182834	2212.440435975277
1.6202	538.3867272610213	2214.1390461487526
1.6212	538.8247518099757	2215.837926367358
1.6222	539.2632739373583	2217.5370767713366
1.6232	539.7022938154689	2219.2364975008636
1.6242	540.1418116166963	2220.9361886960487
1.6252	540.5818275135174	2222.636150496934
1.6262	541.0223416784987	2224.3363830434973
1.6272	541.4633542842942	2226.036886475647
1.6282	541.9048655036476	2227.73766093323
1.6292	542.3468755093903	2229.4387065560236
1.6302	542.789384474443	2231.140023483742
1.6312	543.2323925718143	2232.8416118560335
1.6322	543.6758999746019	2234.543471812481
1.6332	544.1199068559914	2236.245603492602
1.6342	544.5644133892574	2237.9480070358504
1.6352	545.0094197477629	2239.650682581614
1.6362	545.454926104959	2241.353630269218
1.6372	545.9009326343856	2243.0568502379206
1.6382	546.347439509671	2244.760342626919
1.6392	546.7944469045314	2246.4641075753434
1.6402	547.2419549927719	2248.168145222263
1.6412	547.6899639482857	2249.872455706681
1.6422	548.1384739450548	2251.57703916754
1.6432	548.5874851571485	2253.281895743716
1.6442	549.0369977587256	2254.987025574025
1.6452	549.4870119240321	2256.692428797217
1.6462	549.9375278274031	2258.3981055519816
1.6472	550.388545643261	2260.1040559769444
1.6482	550.8400655461176	2261.810280210671
1.6492	551.2920877105718	2263.516778391661
1.6502000000000001	551.7446123113115	2265.2235506583547
1.6512	552.197639523112	2266.930597149129
1.6522000000000001	552.6511695208376	2268.6379180023005
1.6532	553.10520247944	2270.345513356123
1.6542000000000001	553.5597385739594	2272.0533833487893
1.6552	554.0147779795238	2273.7615281184308
1.6562000000000001	554.4703208713497	2275.469947803118
1.6572	554.9263674247411	2277.17864254086
1.6582000000000001	555.3829178150907	2278.887612469606
1.6592	555.8399722178783	2280.5968577272433
1.6602000000000001	556.2975308086727	2282.3063784516003
1.6612	556.7555937631299	2284.0161747804436
1.6622000000000001	557.2141612569944	2285.7262468514814
1.6632	557.6732334660983	2287.4365948023597
1.6642000000000001	558.132810566362	2289.147218770667
1.6652	558.592892733793	2290.85811889393
1.6662	559.0534801444878	2292.569295309618
1.6672	559.5145729746301	2294.2807481551404
1.6682	559.9761714004916	2295.992477567845
1.6692	560.4382755984317	2297.7044836850246
1.6702	560.9008857448979	2299.41676664391
1.6712	561.3640020164255	2301.129326581675
1.6722	561.8276245896374	2302.8421636354337
1.6732	562.2917536412442	2304.5552779422437
1.6742	562.7563893480448	2306.2686696391024
1.6752	563.2215318869249	2307.9823388629497
1.6762	563.687181434859	2309.6962857506683
1.6772	564.1533381689088	2311.4105104390833
1.6782	564.6200022662233	2313.12501306496
1.6792	565.0871739040401	2314.839793765009
1.6802	565.5548532596837	2316.554852675882
1.6812	566.0230405105665	2318.2701899341746
1.6822	566.4917358341887	2319.985805676424
1.6832	566.9609394081381	2321.701700039113
1.6842	567.4306514100896	2323.417873158664
1.6852	567.9008720178065	2325.134325171447
1.6862	568.3716014091387	2326.8510562137726
1.6872	568.8428397620249	2328.5680664218976
1.6882	569.3145872544901	2330.2853559320197
1.6892	569.7868440646478	2332.002924880284
1.6902	570.2596103706982	2333.720773402777
1.6912	570.7328863509298	2335.438901635532
1.6922	571.2066721837181	2337.157309714526
1.6932	571.6809680475261	2338.8759977756795
1.6942	572.1557741209042	2340.594965954859
1.6952	572.6310905824909	2342.314214387877
1.6962	573.1069176110109	2344.0337432104884
1.6972	573.5832553852775	2345.7535525583958
1.6982	574.0601040841908	2347.4736425672463
1.6992	574.5374638867384	2349.1940133726325
1.7002	575.0153349719951	2350.9146651100928
1.7012	575.4937175191238	2352.6355979151126
1.7022	575.9726117073737	2354.3568119231213
1.7032	576.452017716082	2356.0783072694962
1.7042	576.9319357246728	2357.8000840895597
1.7052	577.4123659126582	2359.5221425185823
1.7062	577.8933084596368	2361.244482691779
1.7072	578.3747635452951	2362.967104744313
1.7082	578.8567313494063	2364.6900088112943
1.7092	579.3392120518313	2366.4131950277792
1.7102	579.8222058325182	2368.1366635287723
1.7112	580.3057128715019	2369.860414449224
1.7122	580.7897333489052	2371.5844479240345
1.7132	581.2742674449375	2373.3087640880494
1.7142	581.7593153398956	2375.0333630760624
1.7152	582.2448772141636	2376.7582450228165
1.7162	582.7309532482125	2378.483410063001
1.7172	583.2175436226009	2380.208858331255
1.7182	583.7046485179741	2381.9345899621653
1.7192	584.1922681150647	2383.660605090267
1.7202	584.6804025946923	2385.386903850043
1.7212	585.1690521377639	2387.113486375927
1.7222	585.658216925273	2388.8403528022995
1.7232	586.1478971383012	2390.567503263492
1.7242	586.6380929580159	2392.2949378937833
1.7252	587.1288045656727	2394.022656827403
1.7262	587.6200321426132	2395.7506601985283
1.7272	588.1117758702671	2397.4789481412886
1.7282	588.6040359301503	2399.207520789761
1.7292	589.0968125038662	2400.9363782779737
1.7302	589.5901057731047	2402.6655207399035
1.7312	590.0839159196432	2404.3949483094784
1.7322	590.5782431253458	2406.1246611205765
1.7332	591.0730875721638	2407.8546593070273
1.7342	591.568449442135	2409.584943002608
1.7352	592.0643289173847	2411.3155123410497
1.7362	592.5607261801246	2413.046367456032
1.7372	593.0576414126538	2414.777508481187
1.7382	593.5550747973577	2416.5089355500963
1.7392	594.0530265167095	2418.2406487962953
1.7402	594.5514967532682	2419.9726483532672
1.7412	595.050485689681	2421.7049343544504
1.7422	595.5499935086807	2423.4375069332323
1.7432	596.0500203930875	2425.170366222953
1.7442	596.5505665258087	2426.9035123569047
1.7452	597.0516320898378	2428.636945468331
1.7462	597.5532172682556	2430.370665690428
1.7472	598.0553222442298	2432.1046731563442
1.7482	598.5579472010146	2433.83896799918
1.7492	599.0610923219514	2435.5735503519904
1.7502	599.5647577904676	2437.3084203477792
1.7512	600.0689437900784	2439.043578119507
1.7522	600.5736505043847	2440.7790238000844
1.7532	601.0788781170751	2442.514757522377
1.7542	601.5846268119243	2444.2507794192024
1.7552	602.0908967727944	2445.987089623333
1.7562	602.5976881836335	2447.7236882674924
1.7572	603.1050012284769	2449.46057548436
1.7582	603.6128360914464	2451.197751406568
1.7592	604.1211929567506	2452.935216166702
1.7602	604.6300720086847	2454.6729698973018
1.7612	605.1394734316308	2456.4110127308622
1.7622	605.6493974100572	2458.149344799831
1.7632	606.1598441285198	2459.8879662366116
1.7642	606.6708137716599	2461.6268771735604
1.7652	607.1823065242066	2463.36607774299
1.7662	607.6943225709748	2465.1055680771665
1.7672	608.2068620968666	2466.8453483083113
1.7682	608.7199252868705	2468.5854185686007
1.7692	609.2335123260617	2470.3257789901672
1.7702	609.7476233996017	2472.066429705096
1.7712	610.262258692739	2473.807370845431
1.7722	610.7774183908085	2475.5486025431683
1.7732	611.2931026792318	2477.2901249302618
1.7742	611.8093117435168	2479.0319381386203
1.7752000000000001	612.3260457692583	2480.774042300109
1.7762	612.8433049421373	2482.5164375465483
1.7772000000000001	613.3610894479219	2484.259124009716
1.7782	613.879399472466	2486.0021018213433
1.7792000000000001	614.398235201711	2487.745371113122
1.7802	614.9175968216839	2489.4889320166967
1.7812000000000001	615.4374845184986	2491.232784663671
1.7822	615.9578984783557	2492.9769291856032
1.7832000000000001	616.478838887542	2494.72136571401
1.7842	617.0003059324309	2496.466094380364
1.7852000000000001	617.5222997994827	2498.2111153160968
1.7862	618.0448206752432	2499.956428652594
1.7872000000000001	618.5678687463455	2501.702034521201
1.7882	619.0914441995092	2503.44793305322
1.7892000000000001	619.61554722154	2505.1941243799115
1.7902	620.1401779993299	2506.9406086324916
1.7912000000000001	620.6653367198581	2508.6873859421366
1.7922	621.1910235701896	2510.434456439979
1.7932	621.7172387374757	2512.18182025711
1.7942	622.2439824089549	2513.9294775245794
1.7952	622.7712547719515	2515.6774283733944
1.7962	623.2990560138765	2517.4256729345216
1.7972	623.8273863222267	2519.1742113388846
1.7982	624.3562458845865	2520.9230437173674
1.7992	624.8856348886254	2522.672170200811
1.8002	625.4155535221004	2524.4215909200166
1.8012	625.946001972854	2526.171306005744
1.8022	626.4769804288159	2527.9213155887132
1.8032	627.008489078001	2529.6716197995997
1.8042	627.5405281085124	2531.4222187690434
1.8052	628.0730977085375	2533.173112627639
1.8062	628.6061980663516	2534.924301505944
1.8072	629.1398293703154	2536.6757855344745
1.8082	629.6739918088767	2538.4275648437065
1.8092	630.2086855705691	2540.179639564075
1.8102	630.7439108440127	2541.9320098259764
1.8112	631.2796678179137	2543.6846757597655
1.8122	631.8159566810654	2545.43763749576
1.8132	632.3527776223464	2547.190895164236
1.8142	632.8901308307225	2548.9444488954296
1.8152	633.428016495245	2550.6982988195386
1.8162	633.9664348050522	2552.4524450667222
1.8172	634.5053859493681	2554.2068877670977
1.8182	635.0448701175038	2555.9616270507468
1.8192	635.5848874988558	2557.7166630477095
1.8202	636.1254382829073	2559.471995887988
1.8212	636.6665226592279	2561.2276257015465
1.8222	637.2081408174731	2562.983552618309
1.8232	637.7502929473852	2564.7397767681623
1.8242	638.2929792387922	2566.4962982809534
1.8252	638.8361998816086	2568.2531172864924
1.8262	639.3799550658356	2570.010233914551
1.8272	639.9242449815597	2571.767648294862
1.8282	640.4690698189545	2573.5253605571206
1.8292	641.0144297682792	2575.283370830984
1.8302	641.5603250198801	2577.0416792460733
1.8312	642.1067557641886	2578.8002859319686
1.8322	642.6537221917233	2580.5591910182156
1.8332	643.2012244930884	2582.318394634321
1.8342	643.7492628589749	2584.0778969097555
1.8352	644.2978374801592	2585.83769797395
1.8362	644.8469485475049	2587.5977979563017
1.8372	645.3965962519611	2589.358196986168
1.8382	645.9467807845632	2591.1188951928702
1.8392	646.4975023364332	2592.8798927056937
1.8402	647.0487610987789	2594.6411896538866
1.8412	647.6005572628942	2596.40278616666
1.8422	648.1528910201598	2598.16468237319
1.8432	648.7057625620419	2599.926878402614
1.8442	649.2591720800933	2601.6893743840355
1.8452	649.8131197659529	2603.4521704465205
1.8462	650.3676058113459	2605.2152667191
1.8472	650.922630408083	2606.9786633307667
1.8482	651.4781937480623	2608.742360410481
1.8492	652.0342960232667	2610.5063580871647
1.8502	652.5909374257666	2612.2706564897057
1.8512	653.1481181477174	2614.035255746955
1.8522	653.7058383813612	2615.8001559877293
1.8532	654.2640983190264	2617.5653573408094
1.8542	654.8228981531274	2619.3308599349416
1.8552	655.3822380761645	2621.0966638988357
1.8562	655.9421182807249	2622.862769361169
1.8572	656.5025389594808	2624.62917645058
1.8582	657.0635003051915	2626.3958852956766
1.8592	657.625002510702	2628.162896025029
1.8602	658.1870457689436	2629.930208767175
1.8612	658.7496302729337	2631.697823650616
1.8622	659.312756215776	2633.465740803821
1.8632	659.8764237906599	2635.2339603552227
1.8642	660.4406331908615	2637.002482433221
1.8652	661.0053846097421	2638.7713071661797
1.8662	661.5706782407506	2640.5404346824325
1.8672	662.1365142774206	2642.309865110276
1.8682	662.7028929133726	2644.0795985779737
1.8692	663.269814342313	2645.8496352137563
1.8702	663.8372787580342	2647.6199751458194
1.8712	664.4052863544151	2649.3906185023266
1.8722	664.9738373254204	2651.1615654114075
1.8732	665.5429318651009	2652.9328160011587
1.8742	666.1125701675936	2654.704370399643
1.8752	666.6827524271217	2656.4762287348904
1.8762	667.2534788379945	2658.248391134899
1.8772	667.824749594607	2660.0208577276317
1.8782	668.3965648914411	2661.7936286410218
1.8792	668.9689249230642	2663.5667040029666
1.8802	669.5418298841297	2665.340083941333
1.8812	670.1152799693775	2667.1137685839544
1.8822	670.6892753736336	2668.8877580586327
1.8832	671.2638162918096	2670.662052493136
1.8842	671.838902918904	2672.436652015202
1.8852	672.4145354500007	2674.2115567525357
1.8862	672.9907140802701	2675.9867668328093
1.8872	673.5674390049682	2677.7622823836637
1.8882	674.1447104194378	2679.5381035327086
1.8892	674.7225285191073	2681.3142304075204
1.8902	675.3008934994913	2683.0906631356456
1.8912	675.8798055561907	2684.867401844598
1.8922	676.4592648848923	2686.6444466618614
1.8932	677.0392716813686	2688.4217977148855
1.8942	677.6198261414793	2690.1994551310927
1.8952	678.2009284611689	2691.9774190378703
1.8962	678.7825788364689	2693.755689562577
1.8972	679.3647774634967	2695.53426683254
1.8982	679.9475245384555	2697.3131509750556
1.8992	680.5308202576346	2699.092342117389
1.9002000000000001	681.1146648174097	2700.871840386775
1.9012	681.6990584142425	2702.6516459104187
1.9022000000000001	682.2840012446808	2704.4317588154936
1.9032	682.8694935053582	2706.2121792291423
1.9042000000000001	683.4555353929949	2707.992907278479
1.9052	684.0421271043967	2709.7739430905854
1.9062000000000001	684.6292688364558	2711.5552867925153
1.9072	685.2169607861503	2713.3369385112906
1.9082000000000001	685.8052031505446	2715.1188983739053
1.9092	686.3939961267888	2716.9011665073212
1.9102000000000001	686.9833399121198	2718.683743038473
1.9112	687.57323470386	2720.4666280942633
1.9122000000000001	688.1636806994178	2722.2498218015667
1.9132	688.7546780962882	2724.0333242872275
1.9142000000000001	689.3462270920519	2725.817135678061
1.9152	689.938327884376	2727.6012561008533
1.9162000000000001	690.5309806710134	2729.3856856823613
1.9172	691.124185649803	2731.1704245493124
1.9182000000000001	691.7179430186706	2732.9554728284056
1.9192	692.312252975627	2734.7408306463103
1.9202	692.9071157187695	2736.5264981296673
1.9212	693.5024414772438	2738.31247540509
1.9222	694.0978705263306	2740.0987625523503
1.9232	694.6934028302064	2741.8853594639777
1.9242	695.2890383530786	2743.672266032594
1.9252	695.8847770591854	2745.4594821509145
1.9262	696.4806189127959	2747.247007711746
1.9272	697.0765638782105	2749.03484260799
1.9282	697.6726119197602	2750.8229867326386
1.9292	698.2687630018069	2752.6114399787784
1.9302	698.865017088743	2754.400202239587
1.9312	699.4613741449924	2756.1892734083353
1.9322	700.0578341350088	2757.9786533783845
1.9332	700.6543970232772	2759.76834204319
1.9342	701.2510627743127	2761.5583392962967
1.9352	701.8478313526617	2763.348645031344
1.9362	702.4447027229004	2765.13925914206
1.9372	703.0416768496359	2766.9301815222666
1.9382	703.6387536975055	2768.7214120658755
1.9392	704.2359332311775	2770.5129506668914
1.9402	704.8332154153496	2772.3047972194076
1.9412	705.4306002147506	2774.0969516176106
1.9422	706.0280875941392	2775.8894137557763
1.9432	706.6256775183048	2777.682183528273
1.9442	707.223369952066	2779.475260829557
1.9452	707.8211648602733	2781.2686455541784
1.9462	708.419062207805	2783.062337596774
1.9472	709.0170619595716	2784.8563368520736
1.9482	709.6151640805126	2786.6506432148963
1.9492	710.2133685355975	2788.445256580151
1.9502	710.8116752898256	2790.240176842836
1.9512	711.4100843082273	2792.0354038980404
1.9522	712.0085955558612	2793.830937640942
1.9532	712.6072089978169	2795.626777966809
1.9542	713.2059245992131	2797.4229247709977
1.9552	713.804742325199	2799.2193779489553
1.9562	714.4036621409525	2801.016137396216
1.9572	715.0026840116824	2802.8132030084057
1.9582	715.6018079026259	2804.610574681236
1.9592	716.2010337790506	2806.40825231051
1.9602	716.8003616062533	2808.206235792118
1.9612	717.3997913495605	2810.00452502204
1.9622	717.9993229743282	2811.8031198963427
1.9632	718.5989564459413	2813.602020311182
1.9642	719.1986917298146	2815.4012261628022
1.9652	719.7985287913924	2817.200737347536
1.9662	720.3984675961477	2819.0005537618017
1.9672	720.9985081095833	2820.8006753021086
1.9682	721.5986502972311	2822.6011018650515
1.9692	722.1988941246519	2824.401833347314
1.9702	722.799239557436	2826.202869645666
1.9712	723.3996865612025	2828.004210656966
1.9722	724.0002351015999	2829.805856278158
1.9732	724.6008851443056	2831.607806406275
1.9742	725.2016366550258	2833.4100609384354
1.9752	725.802489599496	2835.212619771846
1.9762	726.4034439434802	2837.0154828037985
1.9772	727.0044996527718	2838.8186499316735
1.9782	727.6056566931924	2840.622121052935
1.9792	728.2069150305929	2842.425896065137
1.9802	728.8082746308527	2844.2299748659166
1.9812	729.4097354598802	2846.034357352999
1.9822	730.011297483612	2847.8390434241946
1.9832	730.6129606680138	2849.6440329774005
1.9842	731.2147249790797	2851.4493259105984
1.9852	731.8165903828325	2853.2549221218565
1.9862	732.4185568453232	2855.0608215093284
1.9872	733.0206243326319	2856.867023971254
1.9882	733.6227928108661	2858.6735294059567
1.9892	734.2250622461628	2860.480337711847
1.9902	734.8274326046868	2862.287448787419
1.9912	735.4299038526316	2864.0948625312535
1.9922	736.0324759562184	2865.9025788420136
1.9932	736.6351488816973	2867.7105976184507
1.9942	737.2379225953462	2869.5189187593974
1.9952	737.8407970634715	2871.327542163773
1.9962	738.4437722524073	2873.13646773058
1.9972	739.0468481285164	2874.9456953589074
1.9982	739.6500246581891	2876.7552249479254
1.9992	740.2533018078441	2878.5650563968907
2.0002	740.856679543928	2880.375189605142
2.0012	741.4601578329149	2882.185624472103
2.0022	742.0637366413083	2883.996360897283
2.0032	742.6674159356376	2885.8073987802704
2.0042	743.2711956824613	2887.6187380207416
2.0052	743.8750758483654	2889.430378518454
2.0062	744.4790563999638	2891.242320173249
2.0072	745.0831373038978	2893.054562885051
2.0082	745.6873185268366	2894.8671065538674
2.0092	746.2916000354774	2896.6799510797896
2.0102	746.8959817965446	2898.4930963629913
2.0112	747.5004637767898	2900.306542303727
2.0122	748.105045942993	2902.1202888023367
2.0132	748.7097282619615	2903.934335759242
2.0142	749.3145107005299	2905.7486830749476
2.0152	749.9193932255599	2907.5633306500376
2.0162	750.5243758039413	2909.378278385182
2.0172	751.129458402591	2911.1935261811313
2.0182	751.7346409884532	2913.009073938718
2.0192	752.3399235284992	2914.8249215588557
2.0202	752.9453059897276	2916.641068942541
2.0212	753.5507883391648	2918.4575159908527
2.0222	754.156370543864	2920.2742626049503
2.0232	754.7620525709049	2922.0913086860733
2.0242	755.3678343873954	2923.9086541355446
2.0252	755.9737159604698	2925.726298854768
2.0262000000000002	756.5796972572903	2927.5442427452294
2.0272	757.1857782450445	2929.3624857084924
2.0282	757.7919588909486	2931.1810276462047
2.0292	758.398239162245	2932.9998684600937
2.0302000000000002	759.0046190262033	2934.8190080519685
2.0312	759.6110984501191	2936.6384463237164
2.0322	760.217677401316	2938.4581831773066
2.0332	760.8243558471438	2940.2782185147903
2.0342000000000002	761.4311337549794	2942.098552238297
2.0352	762.0380110922258	2943.9191842500363
2.0362	762.6449878263132	2945.7401144522987
2.0372	763.2520639246985	2947.5613427474545
2.0382000000000002	763.8592393548654	2949.382869037955
2.0392	764.466514084323	2951.204693226328
2.0402	765.0738880806083	2953.026815215184
2.0412	765.6813613112843	2954.849234907212
2.0422000000000002	766.2889337439408	2956.6719522051817
2.0432	766.8966053461933	2958.494967011939
2.0442	767.5043760856845	2960.3182792304124
2.0452	768.112245930083	2962.1418887636078
2.0462000000000002	768.7202148470842	2963.9657955146113
2.0472	769.3282828044091	2965.7899993865863
2.0482	769.9364497698057	2967.6145002827757
2.0492	770.5447157110477	2969.439298106502