4.00000001e-15	6.302945748716805e-26	4.351707029680875e-12
4.73000011e-15	6.302945614818121e-25	4.385181901361303e-12
4.7599999e-15	6.302945614818122e-24	4.407498337424682e-12
4.91000012e-15	6.302945960723054e-23	4.546975920553448e-12
6.99000006e-15	7.551104552555234e-22	6.471769917429146e-12
9.89999996e-15	8.736777248382057e-21	9.149743617496096e-12
2.71999999e-14	1.0609016168266013e-19	2.5161794911850037e-11
1.27e-13	3.632001829948672e-18	1.1827716915866996e-10
6.93000019e-13	1.185672907833073e-16	6.415978632001786e-10
6.29500011e-12	6.08078550546753e-15	5.824592948002679e-9
1.58099991e-11	3.1003124302611025e-14	1.4628431042178087e-8
3.97200016e-11	1.517072015175184e-13	3.6749608457933496e-8
9.97599989e-11	7.182883240348137e-13	9.22785101539835e-8
2.50600013e-10	3.286319950903816e-12	2.318678910957376e-7
6.29399977e-10	1.4465520754295918e-11	5.824592479357286e-7
1.581e-9	6.08770373800491e-11	1.4628431488507032e-6
3.97200006e-9	2.44063831733988e-10	3.6755189243472444e-6
4.99999997e-9	3.281968243695604e-10	4.626757397902255e-6
9.97599958e-9	8.955255713010489e-10	9.233429602767239e-6
1.98999999e-8	2.3919883842892214e-9	0.000018422227181432718
3.97199997e-8	6.278062742691364e-9	0.00003676076869002455
7.9240003e-8	1.6250836532024102e-8	0.00007336532325373801
1.58099994e-7	4.16625735326936e-8	0.00014639588819459942
1.98999999e-7	5.453023833965633e-8	0.00018433386074536936
3.15499989e-7	1.0165922706985048e-7	0.00029217806962731534
4.99999999e-7	1.8903147176969427e-7	0.00046312206427136807
6.29400006e-7	2.5767685114929705e-7	0.0005830171702744923
7.92399987e-7	3.1427137022985945e-7	0.0007342111002008481
9.97599955e-7	4.2810757754965417e-7	0.000924458816112475
1.58099999e-6	7.937960432939077e-7	0.0014650748047310871
2.5060001e-6	1.4703190805623745e-6	0.002323142055344789
3.97199983e-6	2.7221601762999334e-6	0.003682771814327159
4.99999987e-6	3.533363099754519e-6	0.0046373577214907395
6.29399983e-6	4.806516235215354e-6	0.005835750937290783
7.92399987e-6	6.540169783530463e-6	0.007353269471100201
9.976e-6	8.892769939745593e-6	0.00925574675295693
0.00001256	0.000012094398348582906	0.011660343673287213
0.0000158099992	0.000015620397121178308	0.014678642936844455
0.0000199000006	0.00002124302644498996	0.018483597411292123
0.0000250600006	0.000028880830841330063	0.02327605434054899
0.0000315500001	0.00003712564126311091	0.02931265286766347
0.0000397199983	0.00005047980272260657	0.03691698437848694
0.0000499999987	0.0000686465036822138	0.046485161459495654
0.000062940002	0.00009329613847355502	0.058524884735550106
0.0000792400024	0.00012686900357063158	0.07375585817897791
0.00009976	0.00016207320464182103	0.09283642021870118
0.000110499997	0.00018047310421780854	0.10287881834411962
0.000125599996	0.00020531130997545192	0.1169381856728409
0.000158099996	0.0002791452756081232	0.14728854831510826
0.000199000002	0.0003629546942646731	0.18550547199285877
0.0002	0.0003652221626504233	0.1864462707257967
0.0012000000000000001	0.0013087123297136729	1.1277314456735463
0.0022	0.0024464107909377046	2.0689460723115425
0.0032	0.003834138158553995	3.01074051735494
0.0042	0.005432998611980342	3.9530085763711003
0.0052	0.007204748479297192	4.895677131653118
0.0062	0.00913021907107402	5.838700193432477
0.0072	0.011195606306660897	6.782043954492657
0.0082	0.013390742314792314	7.7256823818861875
0.009200000000000002	0.015707963923905676	8.669594740035306
0.0102	0.01813341754250175	9.613761412477249
0.0112	0.02059363402696844	10.55806134957951
0.0122	0.02316094557564926	11.502581084545765
0.013200000000000002	0.025832339962716843	12.447311363471309
0.0142	0.02860552055837224	13.392244108863705
0.0152	0.031478703928055504	14.337372221047273
0.0162	0.03445031933434927	15.282689418571255
0.0172	0.037517934376739184	16.228190100122305
0.0182	0.04067828147527228	17.173869176058655
0.0192	0.043930483776690704	18.11972193563014
0.0202	0.047273791885306685	19.065744113649924
0.0212	0.05070765442339583	20.011931830490827
0.022199999999999998	0.054231625468236365	20.958281546844592
0.0232	0.05784537936215412	21.904790022420816
0.0242	0.06154869782464503	22.851454282434428
0.0252	0.06534144653919274	23.79827158907997
0.0262	0.0692231063668117	24.745239416721635
0.0272	0.07319256226867236	25.692355413069734
0.0282	0.07724969823785685	26.639617357622924
0.0292	0.08139445524666197	27.587023183328785
0.030199999999999998	0.085626790063884	28.534570962760853
0.0312	0.08994659327806596	29.482258894793326
0.0322	0.09435390635090596	30.430085290276885
0.0332	0.09884880624362447	31.378048566305747
0.0342	0.10343131884294553	32.32614723769886
0.0352	0.10810150545605167	33.274379906923095
0.0362	0.11285958610285661	34.22274525759117
0.0372	0.11770559885610242	35.1712420521771
0.0382	0.12263960922331901	36.11986912074117
0.0392	0.12766191739896837	37.068625356295385
0.0402	0.13277264823378337	38.017509716028194
0.0412	0.137971926270328	38.96652121214332
0.0422	0.1432601839584341	39.91565890778715
0.0432	0.14863752877051473	40.86492192080605
0.044199999999999996	0.15410417057070255	41.81430941238293
0.0452	0.15966057147965856	42.7638205863837
0.0462	0.16530696921286747	43.71345469215637
0.0472	0.17104368295556685	44.66321101670408
0.0482	0.1768713412254642	45.61308888396152
0.0492	0.18278986532520133	46.563087659051895
0.0502	0.1888001812637555	47.51320673120734
0.0512	0.19490237893630108	48.463445532531125
0.0522	0.20109736146035861	49.4138035190041
0.0532	0.2073856291654515	50.36428018477479
0.0542	0.21376727508358562	51.314875052469084
0.0552	0.22024328530683177	52.26558766396226
0.0562	0.22681360891638183	53.2164175956936
0.0572	0.23347964479311442	54.16736443816361
0.0582	0.24024188792889736	55.118427820717294
0.0592	0.24710141447168915	56.0696073939077
0.0602	0.2540586351532079	57.02090283828753
0.0612	0.2611126708918953	57.97231385194848
0.0622	0.2682651645944362	58.92384012836745
0.0632	0.2755186673217031	59.875481397226075
0.06420000000000001	0.2828736403982627	60.82723743721763
0.06520000000000001	0.2903284028931807	61.77910804118585
0.06620000000000001	0.2978819690817147	62.731092982680984
0.06720000000000001	0.3055426815285118	63.68319202655178
0.06820000000000001	0.3133029456987305	64.63540506968766
0.06920000000000001	0.3211696201190701	65.58773189993826
0.07020000000000001	0.32914189229145774	66.54017241070171
0.07120000000000001	0.337219025707376	67.49272648693423
0.07220000000000001	0.34540553858670947	68.44539400609409
0.0732	0.3536937311894697	69.39817491231115
0.0742	0.3620983248963111	70.35106904517205
0.0752	0.370620753514087	71.30407644715457
0.0762	0.3792394184994449	72.25719717997185
0.0772	0.3879822471948589	73.210431018361
0.0782	0.3968534396580997	74.16377810540126
0.0792	0.40585105651068476	75.11723863450106
0.08020000000000001	0.41419461799192325	76.07081276940247
0.08120000000000001	0.41951325130176986	77.02449103511354
0.08220000000000001	0.4254256230387292	77.97823480107019
0.08320000000000001	0.4339858150112352	78.93205043239328
0.08420000000000001	0.4446002089015046	79.88596889512979
0.08520000000000001	0.45539853711140477	80.84001341824894
0.08620000000000001	0.46637954736907905	81.7941846810798
0.08720000000000001	0.4777379281262071	82.74848333265909
0.0882	0.49000407121623923	83.70291221937846
0.0892	0.5021800367097415	84.65748018292214
0.0902	0.51417579941854	85.61218465197368
0.0912	0.5256328516115001	86.56702212832066
0.0922	0.5372590211136737	87.52198522941399
0.0932	0.549055348703756	88.47707442696547
0.0942	0.5610210392365081	89.43229019376159
0.0952	0.5731546182047007	90.38763298415653
0.09620000000000001	0.5854608995796986	91.34310322734252
0.09720000000000001	0.5977190940908014	92.29870139358671
0.09820000000000001	0.6091381149978449	93.25442569111321
0.09920000000000001	0.620342992067608	94.21026628016912
0.10020000000000001	0.6321760039530046	95.16621981603679
0.10120000000000001	0.6452787547082638	96.12229142698077
0.10220000000000001	0.659317337395692	97.07849249643228
0.10320000000000001	0.6735733955600316	98.03483092849221
0.10420000000000001	0.6880487937044463	98.99130749944328
0.1052	0.7027453654877837	99.94792298856248
0.1062	0.7176649293636119	100.90467817774221
0.1072	0.7328092884868205	101.86157385127322
0.1082	0.748180230626106	102.8186107956347
0.1092	0.7637795280820536	103.77578979929147
0.1102	0.7796089376105247	104.73311165249774
0.11120000000000001	0.7956702003510692	105.69057714710735
0.11220000000000001	0.8119650417601096	106.6481870763901
0.11320000000000001	0.8284951715486673	107.6059422348542
0.11420000000000001	0.8452622836243731	108.56384341807428
0.11520000000000001	0.8622680560375571	109.52189142252502
0.11620000000000001	0.8795141509312017	110.48008704542002
0.11720000000000001	0.8970022144945731	111.4384310845559
0.11820000000000001	0.9147338769203177	112.3969243381611
0.11920000000000001	0.9327107523648832	113.35556760474974
0.1202	0.9509344389120757	114.31436168297975
0.1212	0.9694065185394808	115.27330737151574
0.1222	0.9881285570879249	116.23240546889569
0.1232	1.0071021042333923	117.19165677340223
0.1242	1.026328693461598	118.15106208293753
0.1252	1.0458098420450164	119.11062219490215
0.1262	1.0655470510220306	120.07033790607753
0.1272	1.085541805178411	121.03021001251214
0.1282	1.105795573030818	121.99023930941092
0.1292	1.1263098068122404	122.95042659102815
0.1302	1.1470859424593207	123.91077265056344
0.1312	1.1681253996014485	124.87127828006093
0.1322	1.1894295429104593	125.83194427031137
0.1332	1.2109995294706082	126.79277141046659
0.1342	1.2328365234210739	127.75376048651785
0.13520000000000001	1.2549423012774685	128.71491228140982
0.13620000000000002	1.2773183617202752	129.67622757964762
0.13720000000000002	1.2999659840417404	130.63770716522222
0.13820000000000002	1.3228864739532922	131.59935182002033
0.13920000000000002	1.3460811206757917	132.56116232406123
0.14020000000000002	1.3695511969385552	133.52313945541883
0.14120000000000002	1.3932979589794403	134.48528399014563
0.14220000000000002	1.417322646546201	135.44759670219878
0.14320000000000002	1.4416264828989072	136.41007836336846
0.14420000000000002	1.4662106748134536	137.37272974320794
0.1452	1.4910764125860692	138.33555160896591
0.1462	1.5162248700388816	139.2985447255208
0.1472	1.5416572045266044	140.2617098553163
0.1482	1.5673745569437614	141.22504775829944
0.1492	1.5933780517332623	142.18855919185995
0.1502	1.6196687968956593	143.1522449107715
0.1512	1.6462478839993413	144.11610566713424
0.1522	1.6731162322447035	145.08014221031945
0.1532	1.7002739057379785	146.04435528589605
0.1542	1.7277208953768184	147.00874563012536
0.1552	1.75546054737697	147.97331396963315
0.1562	1.783495678152523	148.93806104323716
0.1572	1.8118251101636829	149.9029875983642
0.1582	1.8404501495691892	150.86809436542
0.1592	1.8693717572653283	151.83338207383545
0.1602	1.8985908787890917	152.79885144991357
0.1612	1.9281012052070556	153.76450321679215
0.1622	1.9578134479849645	154.73033804972155
0.1632	1.9874833716078528	155.69635606677173
0.1642	2.017110915517764	156.66255588616622
0.1652	2.046696019866494	157.62893614259045
0.16620000000000001	2.076238625503314	158.59549548689705
0.16720000000000002	2.1057386739629873	159.56223258581832
0.16820000000000002	2.1351961074540595	160.5291461216853
0.16920000000000002	2.1646108688474155	161.49623479215353
0.17020000000000002	2.1939829016651125	162.46349730993535
0.17120000000000002	2.2233121500694546	163.43093240253828
0.17220000000000002	2.25259855885232	164.3985388120094
0.17320000000000002	2.2818420734247367	165.3663152946859
0.17420000000000002	2.3110426398066792	166.33426062095097
0.17520000000000002	2.3402002046171	167.3023735749954
0.1762	2.3693147150641845	168.27065295458465
0.1772	2.3983861189358167	169.23909757083104
0.1782	2.4274143645902524	170.20770624797095
0.1792	2.4563994009470016	171.17647782314725
0.1802	2.4853411774779017	172.1454111461962
0.1812	2.51423964419839	173.11450507943928
0.1822	2.5430947516589595	174.08375849747947
0.1832	2.571906450936794	175.05317028700188
0.1842	2.6006746936275875	176.0227393465789
0.1852	2.6293994318375296	176.99246458647931
0.1862	2.658080618175464	177.96234492848163
0.1872	2.686718205745206	178.9323793056913
0.1882	2.715312148138021	179.9025666623619
0.1892	2.7438623994252582	180.87290595371985
0.1902	2.77236891415114	181.84339614579326
0.1912	2.8008316473256856	182.8140362152437
0.1922	2.8292505544177957	183.78482514920205
0.1932	2.8576255913484623	184.75576194510734
0.1942	2.8859567144841187	185.726845610549
0.1952	2.9142438806301296	186.6980751631125
0.1962	2.9424870470244	187.6694496302278
0.19720000000000001	2.9706861713311157	188.64096804902113
0.19820000000000002	2.9988412116346086	189.61262946616958
0.19920000000000002	3.026952126433338	190.5844329377587
0.20020000000000002	3.0550188746339915	191.55637752914285
0.20120000000000002	3.083041415545696	192.52846231480834
0.20220000000000002	3.1110197088743505	193.50068637823932
0.20320000000000002	3.1389537147170525	194.4730488117862
0.20420000000000002	3.1668433935566433	195.44554871653662
0.20520000000000002	3.194688706256354	196.4181852021891
0.20620000000000002	3.2224896140545436	197.39095738692887
0.20720000000000002	3.250246078559552	198.36386439730634
0.20820000000000002	3.2779580617446324	199.33690536811767
0.2092	3.3056255259429905	200.3100794422877
0.2102	3.3332484338429125	201.28338577075527
0.2112	3.360826748482973	202.25682351236023
0.2122	3.388360433247349	203.23039183373317
0.2132	3.4158494518612033	204.2040899091867
0.2142	3.443293768386158	205.17791692060905
0.2152	3.4706933472158528	206.15187205735953
0.2162	3.498048153071576	207.12595451616585
0.2172	3.5253581509979814	208.1001635010235
0.2182	3.552623306358874	209.07449822309675
0.2192	3.5798435848330774	210.04895790062167
0.2202	3.6070189524103675	211.02354175881058
0.2212	3.6341493753874867	211.9982490297587
0.2222	3.661234820364213	212.97307895235193
0.2232	3.688275254239515	213.94803077217662
0.2242	3.715270644207762	214.9231037414309
0.2252	3.7422209577550016	215.8982971188375
0.2262	3.769126162655301	216.87361016955802
0.2272	3.7959862269671585	217.84904216510904
0.22820000000000001	3.8228011190299607	218.82459238327922
0.22920000000000001	3.8495708074605144	219.8002601080482
0.23020000000000002	3.876295261149628	220.77604462950669
0.23120000000000002	3.9029744492587564	221.75194524377815
0.23220000000000002	3.9296083412166958	222.72796125294158
0.23320000000000002	3.9561969067163374	223.70409196495572
0.23420000000000002	3.9827401157114775	224.68033669358465
0.23520000000000002	4.00923793841367	225.65669475832436
0.23620000000000002	4.035690345289144	226.6331654843309
0.23720000000000002	4.062097307055761	227.60974820234952
0.23820000000000002	4.088458794680027	228.58644224864497
0.23920000000000002	4.114774779374151	229.56324696493311
0.2402	4.141045232593154	230.54016169831348
0.2412	4.1672701260320215	231.5171858012033
0.2422	4.1934494316229	232.49431863127202
0.2432	4.219583121532343	233.47155955137737
0.2442	4.245671168158595	234.44890792950238
0.2452	4.271713544128927	235.42636313869335
0.2462	4.297710222297001	236.40392455699867
0.2472	4.32366117574029	237.38159156740906
0.2482	4.3495663777575295	238.35936355779825
0.2492	4.375425801866209	239.33723992086502
0.2502	4.4012394218001045	240.3152200540759
0.2512	4.427007211506849	241.29330335960887
0.2522	4.452729145145541	242.27148924429798
0.2532	4.478405197084383	243.24977711957877
0.2542	4.50403534189837	244.22816640143463
0.2552	4.529619554366997	245.20665651034386
0.2562	4.5551578094720115	246.18524687122772
0.2572	4.580650082395194	247.16393691339906
0.2582	4.606096348516179	248.14272607051203
0.2592	4.631496583410303	249.12161378051232
0.2602	4.656850762846478	250.10059948558825
0.2612	4.6821588627851165	251.0796826321226
0.2622	4.7074208593760645	252.0588626706452
0.2632	4.732636728956579	253.03813905578613
0.2642	4.757806448049329	254.01751124622976
0.2652	4.782929993360432	254.99697870466946
0.2662	4.808007341777511	255.97654089776282
0.2672	4.83303847036778	256.9561972960877
0.2682	4.858023356376166	257.9359473740988
0.2692	4.882961977223455	258.91579061008537
0.2702	4.907854310504453	259.8957264861285
0.2712	4.932700333986182	260.8757544880601
0.2722	4.957500025606117	261.855874105422
0.2732	4.982253363470409	262.83608483142547
0.2742	5.006960325852176	263.8163861629117
0.2752	5.031620891189789	264.7967776003129
0.2762	5.056235038085193	265.7772586476132
0.2772	5.080802745302249	266.75782881231123
0.2782	5.105323991765104	267.7384876053824
0.2792	5.129798756556577	268.71923454124186
0.2802	5.154227018916563	269.7000691377085
0.2812	5.178608758240477	270.6809909159686
0.2822	5.202943954077698	271.6619994005409
0.2832	5.227232586130053	272.64309411924137
0.2842	5.251474634250302	273.62427460314893
0.2852	5.275670078440661	274.6055403865717
0.2862	5.299818898851338	275.5868910070134
0.2872	5.3239210757790865	276.56832600514025
0.2882	5.347976589665776	277.54984492474875
0.28919999999999996	5.371985421096996	278.5314473127333
0.29019999999999996	5.39594755080066	279.51313271905485
0.29119999999999996	5.41986295964564	280.4949006967094
0.29219999999999996	5.443731628640412	281.4767508016974
0.29319999999999996	5.467553538931732	282.45868259299334
0.29419999999999996	5.4913286718033065	283.4406956325158
0.29519999999999996	5.515057008674503	284.42278948509784
0.29619999999999996	5.538738531099067	285.4049637184579
0.29719999999999996	5.562373220763856	286.387217903171
0.29819999999999997	5.5859610594875875	287.36955161264035
0.29919999999999997	5.609502029219613	288.3519644230694
0.30019999999999997	5.632996112038696	289.33445591343406
0.30119999999999997	5.656443290151807	290.31702566545556
0.30219999999999997	5.6798435458929495	291.2996732635736
0.30319999999999997	5.703196861721979	292.2823982949195
0.30419999999999997	5.726503220223446	293.2652003492902
0.30519999999999997	5.74976260410546	294.2480790191223
0.30619999999999997	5.772974996198562	295.23103389946675
0.3072	5.796140379454603	296.21406458796315
0.3082	5.819258736945657	297.1971706848154
0.3092	5.842330051862925	298.1803517927666
0.3102	5.865354307515669	299.16360751707543
0.3112	5.888331487330149	300.1469374654916
0.3122	5.911261574848578	301.13034124823247
0.3132	5.934144553728097	302.1138184779599
0.3142	5.956980407739738	303.0973687697567
0.3152	5.979769120767431	304.0809917411045
0.3162	6.002510676807002	305.0646870118609
0.3172	6.025205059965187	306.048454204237
0.3182	6.047852254458668	307.0322929427762
0.3192	6.070452244613105	308.0162028543321
0.3202	6.09300501486219	309.00018356804713
0.3212	6.1155105497467135	309.98423471533164
0.3222	6.137968833913631	310.96835592984274
0.3232	6.160379852115157	311.95254684746425
0.3242	6.182743589207851	312.9368071062857
0.3252	6.205060030151731	313.92113634658267
0.3262	6.227329160009391	314.9055342107969
0.3272	6.2495509639451186	315.8900003435164
0.3282	6.271725427224048	316.8745343914566
0.3292	6.293852535211293	317.8591360034407
0.3302	6.315932273371113	318.843804830381
0.3312	6.337964627266077	319.8285405252601
0.3322	6.35994958255624	320.81334274311274
0.3332	6.381887124998336	321.79821114100724
0.3342	6.4037772404449615	322.7831453780276
0.3352	6.425619914843791	323.76814511525566
0.3362	6.447415134236787	324.7532100157536
0.3372	6.469162884759421	325.7383397445464
0.3382	6.49086315263991	326.72353396860484
0.3392	6.51251592419845	327.70879235682827
0.3402	6.534121185846471	328.69411458002804
0.3412	6.555678924085897	329.6795003109109
0.3422	6.5771891255084	330.6649492240624
0.3432	6.59865177679468	331.65046099593087
0.3442	6.620066864713758	332.6360353048114
0.3452	6.641434376122245	333.6216718308298
0.3462	6.662754297963655	334.60737025592726
0.3472	6.684026617267707	335.59313026384444
0.3482	6.705251321149636	336.5789515401067
0.3492	6.726428396809515	337.56483377200846
0.3502	6.7475578315315845	338.5507766485987
0.3512	6.768639612683583	339.53677986066566
0.35219999999999996	6.789673727716097	340.5228431007227
0.35319999999999996	6.810660164161906	341.5089660629937
0.35419999999999996	6.831598909635341	342.4951484433986
0.35519999999999996	6.852489951831646	343.4813899395393
0.35619999999999996	6.873333278526352	344.467690250686
0.35719999999999996	6.89412887757465	345.4540490777629
0.35819999999999996	6.914876736910781	346.4404661233348
0.35919999999999996	6.935576844547421	347.4269410915936
0.36019999999999996	6.95622918857508	348.41347368834494
0.36119999999999997	6.976833757161509	349.4000636209948
0.36219999999999997	6.9973905385511	350.38671059853647
0.36319999999999997	7.0178995210643125	351.37341433153784
0.36419999999999997	7.038360693097093	352.3601745321284
0.36519999999999997	7.058774043120296	353.3469909139865
0.36619999999999997	7.079139559679128	354.333863192327
0.36719999999999997	7.099457231392581	355.320791083889
0.36819999999999997	7.119727046952879	356.30777430692314
0.3692	7.139948995124933	357.29481258118005
0.3702	7.160123064745796	358.28190562789797
0.3712	7.180249244724122	359.2690531697909
0.3722	7.200327524039642	360.25625493103706
0.3732	7.220357891742629	361.24351063726715
0.3742	7.2403403369533885	362.230820015553
0.3752	7.26027484886173	363.2181827943959
0.3762	7.280161416726465	364.20559870371574
0.3772	7.3000000298749	365.1930674748396
0.3782	7.319790677702334	366.1805888404909
0.3792	7.339533349671568	367.16816253477833
0.3802	7.359228035312407	368.15578829318525
0.3812	7.378874724221187	369.14346585255896
0.3822	7.398473406060282	370.1311949511001
0.3832	7.41802407055764	371.1189753283523
0.3842	7.437526707506299	372.1068067251916
0.3852	7.456981306763933	373.09468888381645
0.3862	7.476387858252383	374.0826215477376
0.3872	7.495746351957204	375.07060446176786
0.3882	7.51505677792721	376.0586373720124
0.3892	7.5343191262740286	377.0467200258588
0.3902	7.553533387171654	378.0348521719673
0.3912	7.572699550856005	379.0230335602612
0.3922	7.5918176076245025	380.0112639419174
0.3932	7.610887547835623	380.9995430693569
0.3942	7.629909361908483	381.9878706962356
0.3952	7.64888304032241	382.9762465774347
0.3962	7.667808573616526	383.9646704690521
0.3972	7.686685952389333	384.9531421283928
0.3982	7.705515167298307	385.94166131396025
0.3992	7.724296209059479	386.9302277854473
0.4002	7.743029068447047	387.9188413037276
0.4012	7.761713736292967	388.9075016308468
0.4022	7.78035020348656	389.89620853001384
0.4032	7.798938460974124	390.88496176559244
0.4042	7.8174784997585425	391.8737611030928
0.4052	7.835970310898901	392.8626063091632
0.4062	7.854413885510108	393.8514971515814
0.4072	7.874283077410349	394.8404333992469
0.4082	7.901806453064649	395.82941843458093
0.4092	7.938316926005439	396.818470887565
0.4102	7.983816723699784	397.8076125560873
0.4112	8.038308662140869	398.79686513718605
0.4122	8.101796142322263	399.7862502292165
0.4132	8.174283146808458	400.7757893339884
0.4142	8.255774236400102	401.7655038588745
0.4152	8.346274546892417	402.7554151188905
0.4162	8.4457897859253	403.74554433874727
0.41719999999999996	8.55432622992362	404.7359126548757
0.41819999999999996	8.671890721126408	405.7265411174251
0.41919999999999996	8.79849066470333	406.7174506922348
0.42019999999999996	8.934134025957327	407.70866226278065
0.42119999999999996	9.078829327611928	408.7001966320958
0.42219999999999996	9.232585647182002	409.69207452466736
0.42319999999999997	9.395412614426741	410.68431658830843
0.42419999999999997	9.567320408883475	411.6769433960066
0.42519999999999997	9.74831975748128	412.66997544774915
0.42619999999999997	9.938421932233117	413.66343317232537
0.42719999999999997	10.137638748005417	414.6573369291071
0.42819999999999997	10.34598256036383	415.6517070098064
0.42919999999999997	10.56346626349423	416.64656364021255
0.43019999999999997	10.790103288197827	417.6419269819079
0.43119999999999997	11.02590759995931	418.6378171339628
0.4322	11.270893697086972	419.6342541346106
0.4332	11.525076608923978	420.6312579629028
0.4342	11.788471894129575	421.62884854034456
0.4352	12.061095639029478	422.6270457325116
0.4362	12.342964456034387	423.62586935064803
0.4372	12.63409548212581	424.6253391532463
0.4382	12.934506377408235	425.62547484760876
0.4392	13.244215323726761	426.62629609139213
0.4402	13.56324102334955	427.6278224941346
0.4412	13.891602697713852	428.6300736187656
0.4422	14.22932008623538	429.63306898310003
0.4432	14.576413445179659	430.6368280613152
0.4442	14.932903546595039	431.64137028541285
0.4452	15.29881167730623	432.64671504666455
0.4462	15.674159637968133	433.6528816970432
0.4472	16.058969742178565	434.6598895506381
0.4482	16.453264815649923	435.6677578850567
0.4492	16.857068195438515	436.6765059428108
0.4502	17.27040372923122	437.68615293269
0.4512	17.693295774688725	438.69671803112
0.4522	18.125769198844676	439.7082203835083
0.4532	18.567849377560304	440.7206791055767
0.4542	19.019562195033533	441.73411328468006
0.4552	19.48093404336245	442.7485419811131
0.4562	19.951991822162395	443.76398422940457
0.4572	20.432762938235822	444.7804590395992
0.4582	20.92327530529484	445.79798539852743
0.4592	21.423557343735638	446.8165822710641
0.4602	21.933637980464365	447.8362686013749
0.4612	22.45354664877385	448.85706331415236
0.4622	22.98331328827087	449.8789853158402
0.4632	23.52296834485326	450.9020534958475
0.4642	24.07254277073665	451.92628672775186
0.4652	24.632068024530028	452.9517038704925
0.4662	25.20157607136015	453.9783237695533
0.4672	25.781099383043873	455.00616525813564
0.4682	26.37067093830841	456.03524715832214
0.4692	26.970324223058853	457.06558828223035
0.4702	27.580093230692487	458.09720743315734
0.4712	28.20001246246004	459.1301234067156
0.4722	28.830116927872645	460.1643549919594
0.4732	29.470442145154976	461.19992097250315
0.4742	30.12102414174359	462.23684012763067
0.4752	30.781899454830544	463.2751312333965
0.4762	31.45310513195182	464.31481306371927
0.4772	32.13467873161988	465.35590439146637
0.4782	32.82665832400082	466.39842398953175
0.4792	33.52908249163502	467.4423906319056
0.48019999999999996	34.24199033020136	468.48782309473654
0.48119999999999996	34.96542144932498	469.53474015738715
0.48219999999999996	35.69941597342734	470.58316060348136
0.48319999999999996	36.444014542619854	471.63310322194616
0.48419999999999996	37.19925831363917	472.68458680804554
0.48519999999999996	37.965188960825046	473.7376301644083
0.48619999999999997	38.7418486771401	474.7922521020494
0.48719999999999997	39.52928017523114	475.84847144138485
0.48819999999999997	40.32752668853193	476.90630701324017
0.48919999999999997	41.13663197240744	477.96577765985376
0.49019999999999997	41.95664030533886	479.0269022358734
0.49119999999999997	42.78759649014947	480.08969960934763
0.49219999999999997	43.629545855271196	481.15418866271125
0.49319999999999997	44.48253425605166	482.22038829376567
0.4942	45.34660807610118	483.2883174166537
0.4952	46.22181422868016	484.3579949628292
0.4962	47.108200158126195	485.42943988202205
0.4972	48.005813841320844	486.5026711431977
0.4982	48.91470378919612	487.5777077355122
0.4992	49.834919048280284	488.65456866926274
0.5002	50.766509202282904	489.73327297683335
0.5012	51.70952437371916	490.81383971363647
0.5022	52.6640152255729	491.89628795905
0.5032	53.630032962998996	492.98063681735067
0.5042	54.60762933506392	494.0669054186426
0.5052	55.59685663652534	495.1551129197827
0.5062	56.59776770965	496.2452785053018
0.5072	57.61041594607049	497.3374213883225
0.5082	58.634855288679574	498.4315608114728
0.5092	59.66926171413045	499.5277160477969
0.5102	60.70608260586077	500.62590271829094
0.5112	61.74498814288009	501.7261215739582
0.5122	62.785979035397546	502.82837271741977
0.5132	63.82905599460017	503.93265625228275
0.5142	64.87421973264952	505.03897228313633
0.5152	65.92147096267877	506.1473209155477
0.5162	66.9708103987897	507.25770225605856
0.5172	68.02223875604975	508.3701164121812
0.5182	69.07575675048895	509.4845634923946
0.5192	70.13136509909705	510.6010436061411
0.5202	71.18906451982049	511.7195568638221
0.5212	72.24885573155957	512.8401033767949
0.5222	73.31073945416561	513.9626832573687
0.5232	74.37471640843798	515.0872966188011
0.5242	75.44078731612112	516.2139435752945
0.5252	76.50895289990197	517.3426242419922
0.5262	77.57921388340695	518.4733387349753
0.5272	78.65157099119938	519.6060871712589
0.5282	79.72602494877626	520.7408696687882
0.5292	80.80257648256598	521.8776863464357
0.5302	81.88122631992537	523.0165373239972
0.5312	82.96197518913695	524.1574227221887
0.5322	84.04482381940599	525.3003426626422
0.5332	85.12977294085836	526.4452972679031
0.5342	86.21682328453743	527.5922866614267
0.5352	87.30597558240154	528.7413109675741
0.5362	88.39723056732123	529.8923703116096
0.5372	89.49058897307667	531.0454648196969
0.5382	90.58605153435533	532.2005946188962
0.5392	91.68361898674888	533.3577598371603
0.5402	92.78329206675086	534.5169606033318
0.5412	93.88507151175432	535.6781970471396
0.5422	94.9889580600488	536.8414692991958
0.5432	96.09495245081813	538.006777490992
0.5442	97.203055424138	539.1741217548971
0.5452	98.31326772097313	540.343502224153
0.5462	99.42559008317494	541.514919032872
0.5472	100.54002325347906	542.6883723160333
0.5482	101.65656797550292	543.8638622094807
0.5492	102.77522499374348	545.0413888499183
0.5502	103.89599505357415	546.2209523749082
0.5512	105.01887890124338	547.4025529228671
0.5522	106.14387728387122	548.5861906330634
0.5532	107.27099094944782	549.7718656456143
0.5542	108.40022064683032	550.959578101482
0.5552	109.53156712574106	552.1493281424715
0.5562	110.66503113676508	553.3411159112277
0.5572	111.80061343134754	554.5349415512316
0.5582	112.93831476179187	555.7308052067979
0.5592	114.0781358812568	556.9287070230719
0.5602	115.22007754375498	558.128647146027
0.5612	116.36414050415003	559.3306257224611
0.5622	117.51032551815418	560.534642899994
0.5632	118.65863334232687	561.7406988270648
0.5642	119.80906473407143	562.9487936529283
0.5652	120.96162045163382	564.1589275276534
0.5662	122.11630125409985	565.371100602119
0.5672	123.27310790139319	566.5853130280118
0.5682	124.43204115427311	567.8015649578235
0.5692	125.59310177433238	569.0198565448479
0.5702	126.75629052399512	570.2401879431782
0.5712	127.92160816651466	571.462559307704
0.5722	129.08905546597146	572.6869707941094
0.5732	130.258633187271	573.913422558869
0.5742	131.4303420961413	575.1419147592462
0.5752	132.60418295913155	576.3724475532903
0.5762	133.78015654360937	577.6050210998334
0.5771999999999999	134.9582636177591	578.8396355584882
0.5781999999999999	136.13850495058	580.0762910896457
0.5791999999999999	137.32088131188334	581.3149878544712
0.5801999999999999	138.50539347229122	582.5557260149031
0.5811999999999999	139.6920422032343	583.7985057336501
0.5821999999999999	140.88082827694961	585.0433271741877
0.5831999999999999	142.07175246647864	586.2901905007562
0.5841999999999999	143.26481554566573	587.5390958783589
0.5851999999999999	144.46001828915553	588.7900434727582
0.5861999999999999	145.6573614723914	590.0430334504738
0.5871999999999999	146.85684587161336	591.2980659787804
0.5882	148.05847226385606	592.5551412257045
0.5892	149.2622414269473	593.8142593600226
0.5902	150.46815413950543	595.0754205512583
0.5912	151.67621118093805	596.3386249696802
0.5922	152.8864133314397	597.6038727862988
0.5932	154.09876137199032	598.871164172865
0.5942	155.31325608435307	600.1404993018668
0.5952	156.52989825107272	601.4118783465276
0.5962	157.74868865547387	602.6853014808033
0.5972	158.9696280816586	603.9607688793802
0.5982	160.19271731450536	605.2382807176725
0.5992	161.41795713966658	606.51783717182
0.6002	162.64534834356712	607.7994384186858
0.6012	163.8748917134025	609.0830846358538
0.6022	165.10658803713702	610.3687760016265
0.6032	166.340438103502	611.656512695023
0.6042	167.5764427019942	612.9462948957762
0.6052	168.8146026228737	614.2381227843306
0.6062	170.05491865716243	615.5319965418404
0.6072	171.2973915966423	616.8279163501668
0.6082	172.54202223385397	618.1258823918764
0.6092	173.7888113620941	619.425894850238
0.6102	175.03775977541466	620.7279539092212
0.6112	176.28886826862077	622.0320597534941
0.6122	177.54213763726904	623.3382125684204
0.6132	178.79756867766596	624.6464125400583
0.6142	180.0551621868661	625.9566598551575
0.6152	181.31491896267087	627.2689547011572
0.6162	182.5768398036261	628.5832972661842
0.6172	183.84092550902128	629.8996877390506
0.6182	185.1071768788875	631.2181263092518
0.6192	186.37559471399544	632.5386131669641
0.6202	187.6461798158546	633.8611485030427
0.6212	188.91893298671116	635.18573250902
0.6222	190.19385502954648	636.512365377103
0.6232	191.47094674807533	637.8410473001713
0.6242	192.7502089467448	639.1717784717754
0.6252	194.03164243073246	640.5045590861342
0.6262	195.3152480059445	641.8393893381333
0.6272	196.6010264790147	643.1762694233228
0.6282	197.88897865730272	644.5151995379154
0.6292	199.1791053488921	645.856179878784
0.6302	200.47140736258973	647.1992106434607
0.6312	201.7658855079232	648.5442920301332
0.6322	203.06254059514035	649.8914242376446
0.6332	204.3613734352067	651.24060746549
0.6342	205.66238483980513	652.5918419138156
0.6352	206.9655756213332	653.9451277834157
0.6362	208.2709465929028	655.300465275732
0.6372	209.57849856833766	656.6578545928504
0.6382	210.88823236217277	658.0172959375001
0.6392	212.20014878965227	659.3787895130511
0.6402	213.5142486667284	660.7423355235125
0.6412	214.83053281005988	662.1079341735306
0.6422	216.1490020370107	663.4755856683872
0.6432	217.46965716564833	664.8452902139975
0.6442	218.79249901474256	666.2170480169078
0.6452	220.11752840376417	667.5908592842949
0.6462	221.4447461528834	668.966724223963
0.6472	222.77415308296852	670.3446430443424
0.6482	224.10575001558445	671.7246159544878
0.6492	225.4395377729915	673.1066431640762
0.6502	226.77551717814418	674.4907248834055
0.6512	228.11368905468925	675.876861323392
0.6522	229.45405422696481	677.2650526955691
0.6532	230.79661351999906	678.6552992120859
0.6542	232.1413677595085	680.0476010857044
0.6552	233.48831777189733	681.4419585297989
0.6562	234.83746438425501	682.838371758353
0.6572	236.18880842435615	684.2368409859592
0.6582	237.54235072065842	685.6373664278162
0.6592	238.89809210230155	687.0399482997275
0.6602	240.2560333991059	688.4445868180995
0.6612	241.61617544157133	689.8512821999402
0.6622	242.97851906087573	691.260034662857
0.6632	244.34306508887389	692.6708444250555
0.6642	245.70981435809614	694.0837117053375
0.6652	247.0787677017472	695.4986367230991
0.6662	248.44992595370485	696.9156196983298
0.6672	249.8232899485187	698.33466085161
0.6682	251.19886052140868	699.7557604041098
0.6692	252.57663850826447	701.1789185775874
0.6702	253.9566247456436	702.6041355943872
0.6712	255.33882007077057	704.0314116774383
0.6722	256.7232253215354	705.4607470502528
0.6732	258.1098413364929	706.8921419369248
0.6742	259.49866895486076	708.3255965621274
0.6752	260.889709016519	709.7611111511127
0.6762	262.2829623620085	711.1986859297092
0.6772	263.6784298325297	712.6383211243204
0.6782	265.0761122699415	714.0800169619237
0.6792	266.4760105167603	715.5237736700678
0.6802	267.87812541615875	716.9695914768727
0.6812	269.28245781196415	718.4174706110263
0.6822	270.689008548658	719.8674113017845
0.6832	272.09777847137445	721.3194137789689
0.6842	273.508768425899	722.7734782729649
0.6852	274.92197925866776	724.2296050147211
0.6862	276.3374118167661	725.6877942357471
0.6872	277.75506694792756	727.1480461681122
0.6882	279.1749455005329	728.610361044444
0.6892	280.5970483236084	730.0747390979266
0.6902	282.0213762668257	731.5411805622995
0.6912	283.44793018049967	733.0096856718559
0.6922	284.8767109155882	734.4802546614412
0.6932	286.30771932369066	735.9528877664519
0.6942	287.74095625704666	737.4275852228334
0.6952	289.1764225685354	738.9043472670793
0.6962	290.6141191116742	740.3831741362294
0.6972	292.05404674061793	741.864066067869
0.6982	293.49620631015756	743.3470233001265
0.6992	294.94059867571883	744.8320460716724
0.7002	296.3872246933618	746.3191346217183
0.7012	297.8360852197798	747.8082891900151
0.7022	299.2871811122977	749.2995100168514
0.7032	300.7405132288714	750.7927973430524
0.7041999999999999	302.19608242808687	752.2881514099784
0.7051999999999999	303.65388956915916	753.7855724595237
0.7061999999999999	305.1139355119308	755.2850607341147
0.7071999999999999	306.57622111687124	756.7866164767089
0.7081999999999999	308.04074724507586	758.2902399307933
0.7091999999999999	309.50751475826496	759.7959313403834
0.7101999999999999	310.9765245187825	761.3036909500214
0.7111999999999999	312.4477773895954	762.8135190047752
0.7121999999999999	313.92127423429235	764.3254157502369
0.7132	315.39701591708297	765.8393814325215
0.7142	316.87500330279676	767.3554162982655
0.7152	318.35523725688205	768.8735205946257
0.7162	319.83771864540535	770.3936945692778
0.7172	321.3224483350499	771.9159384704153
0.7182	322.8094271931149	773.4402525467476
0.7192	324.29865608751487	774.9666370474995
0.7202	325.79013588677833	776.4950922224093
0.7212	327.2838674600469	778.0256183217278
0.7222	328.7798516770746	779.5582155962171
0.7232	330.27808940822626	781.0928842971487
0.7242	331.7785815244778	782.6296246763033
0.7252	333.28132889741397	784.1684369859685
0.7262	334.78633239922834	785.7093214789383
0.7272	336.2935929027218	787.2522784085111
0.7282	337.80311128130217	788.7973080284894
0.7292	339.31488840898294	790.3444105931778
0.7302	340.82892516038237	791.8935863573819
0.7312	342.3452224107227	793.4448355764072
0.7322	343.8637810358294	794.9981585060578
0.7332	345.38460191213	796.5535554026358
0.7342	346.90768591665307	798.1110265229386
0.7352	348.433033927028	799.6705721242593
0.7362	349.9606468214836	801.2321924643845
0.7372	351.49052547884696	802.7958878015935
0.7382	353.02267077854333	804.3616583946568
0.7392	354.55708360059486	805.9295045028356
0.7402	356.0937648256196	807.4994263858797
0.7412	357.63271533483083	809.0714243040268
0.7422	359.1739360100363	810.6454985180017
0.7432	360.71742773363695	812.2216492890141
0.7442	362.26319138862664	813.7998768787585
0.7452	363.81122785859105	815.3801815494127
0.7462	365.3615380277066	816.9625635636362
0.7472	366.9141227807402	818.5470231845696
0.7482	368.4689830030476	820.1335606758333
0.7492	370.02611958057355	821.7221763015264
0.7502	371.58553339985	823.3128703262252
0.7512	373.1472253479963	824.9056430149827
0.7522	374.7111963127172	826.500494633327
0.7532	376.2774471823031	828.0974254472603
0.7542	377.84597884562874	829.696435723258
0.7552	379.4167921921525	831.2975257282674
0.7562	380.9898881119156	832.9006957297064
0.7572	382.56526749554115	834.5059459954629
0.7582	384.14293123423363	836.1132767938931
0.7592	385.7228802197781	837.7226883938212
0.7602	387.3051153445391	839.3341810645373
0.7612	388.8896375014602	840.9477550757975
0.7622	390.4764475840629	842.5634106978218
0.7632	392.06554648644646	844.1811482012936
0.7642	393.65651786840857	845.8009678573583
0.7652	395.24755719981675	847.4228693922174
0.7662	396.83811731020955	849.0468501741566
0.7672	398.4281884842125	850.6729068640116
0.7682	400.0177610181244	852.3010361186599
0.7692	401.60682521997114	853.931234591051
0.7702	403.19537140956015	855.5634989302366
0.7712	404.7833899185345	857.1978257814022
0.7722	406.37087109042534	858.8342117858961
0.7732	407.95780528070645	860.4726535812607
0.7742	409.54418285684585	862.1131478012625
0.7752	411.12999419835904	863.7556910759216
0.7762	412.71522969686083	865.4002800315428
0.7772	414.2998797561176	867.0469112907448
0.7782	415.8839347920982	868.69558147249
0.7792	417.4673852330261	870.3462871921149
0.7802	419.0502215194294	871.9990250613592
0.7812	420.6324341041921	873.6537916883959
0.7822	422.21401345260426	875.3105836778603
0.7832	423.79495004241164	876.9693976308796
0.7842	425.3752343638659	878.6302301451025
0.7852	426.95485691977365	880.293077814728
0.7862	428.53380822554567	881.9579372305353
0.7872	430.11207880924536	883.6248049799119
0.7882	431.68965921163766	885.2936776468833
0.7892	433.2665399862369	886.964551812142
0.7902	434.84271169935465	888.6374240530754
0.7912	436.4181649301475	890.3122909437959
0.7922	437.9928902706637	891.9891490551684
0.7932	439.56687832589085	893.6679949548393
0.7942	441.14011971380216	895.3488252072653
0.7952	442.7126050654025	897.0316363737414
0.7962	444.284325024775	898.7164250124291
0.7972	445.8552702491265	900.403187678385
0.7982	447.42543140883276	902.0919209235889
0.7992	448.9947991874841	903.7826212969715
0.8002	450.56336428192975	905.4752853444427
0.8012	452.1311174023228	907.1699096089196
0.8022	453.6980492721642	908.8664906303542
0.8032	455.26415062834667	910.5650249457606
0.8042	456.82941222119877	912.2655090892436
0.8052	458.3938248145279	913.9679395920256
0.8062	459.95737918566334	915.6723129824742
0.8072	461.52006612549945	917.3786257861296
0.8082	463.08187643853785	919.0868745257322
0.8092	464.64280094292985	920.7970557212495
0.8102	466.2028304705179	922.5091658899031
0.8112	467.7619558668781	924.2232015461964
0.8122	469.32016799136096	925.9391592019409
0.8132	470.87745771713236	927.6570353662835
0.8142	472.43381593121495	929.3768265457331
0.8152	473.9892335345281	931.0985292441877
0.8162	475.54370144192853	932.8221399629604
0.8172	477.0972105822502	934.5476552008068
0.8182	478.6497518983436	936.2750714539509
0.8192	480.20131634711584	938.0043852161117
0.8202	481.7518948995691	939.7355929785293
0.8212	483.30147854083987	941.4686912299918
0.8222	484.8500582702375	943.2036764568606
0.8232	486.3976251012826	944.9405451430976
0.8242	487.9441700617444	946.6792937702895
0.8252	489.4896841936794	948.4199188176757
0.8262	491.03415855346844	950.1624167621728
0.8272	492.57758421185383	951.906784078401
0.8282	494.1199522539765	953.6530172387093
0.8292	495.66125377941245	955.4011127132015
0.8302	497.20147990220914	957.1510669697618
0.8312	498.74062175092206	958.9028764740799
0.8322	500.2786704686502	960.6565376896768
0.8331999999999999	501.8156172130713	962.4120470779292
0.8341999999999999	503.35145315647844	964.1694010980964
0.8351999999999999	504.8861694858137	965.9285962073435
0.8361999999999999	506.4197574027038	967.6896288607679
0.8371999999999999	507.9522081234942	969.4524955114234
0.8382	509.48351287928375	971.2171926103456
0.8392	511.01366291595866	972.9837166065765
0.8402	512.5426494942261	974.7520639471895
0.8412	514.0704638896476	976.5222310773137
0.8422	515.5970973926728	978.2942144401586
0.8432	517.122541308672	980.068010477039
0.8442	518.6467869579689	981.8436156273989
0.8452	520.1698256758732	983.6210263288363
0.8462	521.6916488127131	985.4002390171269
0.8472	523.2122477338668	987.181250126249
0.8482	524.7316138197941	988.9640560884072
0.8492	526.249738466069	990.7486533340568
0.8502	527.7666130834092	992.5350382919272
0.8512	529.2822290977085	994.3232073890462
0.8522	530.7965779500668	996.1131570507639
0.8532	532.3096510968209	997.9048837007764
0.8542	533.8214400095742	999.6983837611492
0.8552	535.3319361752273	1001.4936536523411
0.8562	536.8411310960075	1003.2906897932277
0.8572	538.3490162894981	1005.0894886011245
0.8582	539.8555832886677	1006.8900464918107
0.8592	541.3608236418997	1008.6923598795527
0.8602	542.86472891302	1010.4964251771263
0.8612	544.3672906813264	1012.3022387958408
0.8622	545.8685005416164	1014.109797145562
0.8632	547.3683501042158	1015.9190966347346
0.8642	548.8668309950059	1017.7301336704061
0.8652	550.3639348554509	1019.5429046582483
0.8662	551.8596533426261	1021.3574060025815
0.8672	553.3539781292438	1023.1736341063961
0.8682	554.8469009036814	1024.991585371376
0.8692	556.3384133700068	1026.8112561979206
0.8702	557.8285072480056	1028.6326429851679
0.8712	559.3171742732065	1030.4557421310158
0.8722	560.8044061969086	1032.2805500321463
0.8732	562.2901947862048	1034.1070630840452
0.8742	563.7745318240094	1035.9352776810272
0.8752	565.2574091090822	1037.7651902162556
0.8762	566.7388184560538	1039.5967970817658
0.8772	568.2187516954498	1041.4300946684862
0.8782	569.6972006737165	1043.2650793662615
0.8792	571.1741572532435	1045.101747563873
0.8802	572.6496133123893	1046.9400956490613
0.8812	574.1235607455046	1048.780120008548
0.8822	575.5959914629556	1050.621817028057
0.8832	577.0668973911474	1052.4651830923358
0.8842	578.5362704725479	1054.3102145851776
0.8852	580.0041026657098	1056.1569078894424
0.8862	581.4703859452939	1058.0052593870785
0.8872	582.9351123020912	1059.855265459143
0.8882	584.3982737430458	1061.7069224858249
0.8892	585.8598622912762	1063.5602268464631
0.8902	587.3198699860975	1065.415174919571
0.8912	588.7782888830429	1067.2717630828545
0.8922	590.2351110538856	1069.1299877132349
0.8932	591.6903285866591	1070.9898451868687
0.8942	593.143933585679	1072.851331879169
0.8952	594.5959181715627	1074.7144441648254
0.8962	596.0462744812519	1076.5791784178257
0.8972	597.4949946680302	1078.4455310114754
0.8982	598.9420709015454	1080.3134983184189
0.8992	600.3874953678286	1082.1830767106596
0.9002	601.8312602693137	1084.0542625595808
0.9012	603.2733578248574	1085.9270522359652
0.9022	604.7137802697578	1087.8014421100152
0.9032	606.1525198557739	1089.6774285513736
0.9042	607.5895688511447	1091.5550079291438
0.9052	609.0249195406069	1093.4341766119092
0.9062	610.4585642254146	1095.314930967753
0.9072	611.8904952233562	1097.1972673642788
0.9082	613.3207048687735	1099.08118216863
0.9092	614.7491855125791	1100.9666717475097
0.9102	616.1759295222736	1102.8537324672004
0.9112	617.6009292819637	1104.7423606935831
0.9122	619.0241771923788	1106.6325527921576
0.9132	620.4456656708891	1108.524305128062
0.9142	621.8653871515207	1110.4176140660907
0.9152	623.2833340849736	1112.312475970716
0.9162	624.6994989386375	1114.2088872061051
0.9172	626.113874196608	1116.1068441361413
0.9182	627.526452359703	1118.0063431244414
0.9192	628.937225945478	1119.9073805343762
0.9202	630.3461874882419	1121.8099527290888
0.9212	631.7533295390726	1123.7140560715134
0.9222	633.1586446658324	1125.619686924395
0.9232	634.5621254531819	1127.526841650307
0.9242	635.9637645025963	1129.4355166116713
0.9252	637.3635544323791	1131.3457081707757
0.9262	638.7614878776768	1133.2574126897932
0.9272	640.1575574904933	1135.1706265308012
0.9282	641.5517559397036	1137.0853460557985
0.9292	642.9440759110685	1139.0015676267249
0.9302	644.3345101072468	1140.919287605479
0.9312	645.7230512478104	1142.8385023539365
0.9322	647.1096920692565	1144.7592082339693
0.9332	648.4944253250211	1146.6814016074618
0.9342	649.8772437854925	1148.6050788363318
0.9352	651.2581402380226	1150.5302362825453
0.9362	652.6371074869412	1152.4568703081372
0.9372	654.0141383535668	1154.3849772752278
0.9382	655.3892256762197	1156.3145535460405
0.9392	656.7623623102343	1158.245595482921
0.9402	658.1335411279697	1160.1780994483534
0.9412	659.5027550188228	1162.1120618049788
0.9422	660.8699968892387	1164.0474789156128
0.9432	662.2352596627219	1165.9843471432625
0.9442	663.5985362798488	1167.9226628511449
0.9452	664.9598196982769	1169.8624224027033
0.9462	666.3191028927563	1171.8036221616253
0.9472	667.6763788551409	1173.7462584918603
0.9482	669.0316405943975	1175.690327757636
0.9492	670.3848811366167	1177.6358263234758
0.9502	671.7360935250233	1179.5827505542163
0.9512	673.0852708199855	1181.5310968150243
0.9522	674.4324060990249	1183.4808614714132
0.9532	675.7774924568258	1185.43204088926
0.9542	677.1205230052449	1187.384631434823
0.9552	678.4614908733204	1189.338629474758
0.9562	679.8003892072804	1191.2940313761349
0.9572	681.1372111705525	1193.2508335064545
0.9582	682.4719499437722	1195.2090322336655
0.9592	683.804598724791	1197.1686239261803
0.9601999999999999	685.1351507286851	1199.1296049528921
0.9611999999999999	686.4635991877641	1201.0919716831918
0.9621999999999999	687.7899373515774	1203.0557204869826
0.9632	689.1141584869235	1205.0208477346985
0.9642	690.4362558778571	1206.9873497973185
0.9652	691.7562228256962	1208.9552230463848
0.9662	693.0740526490306	1210.9244638540176
0.9672	694.3897386837274	1212.8950685929312
0.9682	695.7032742829391	1214.8670336364507
0.9692	697.0146528171106	1216.8403553585279
0.9702	698.3238676739846	1218.815030133756
0.9712	699.6309122586094	1220.7910543373873
0.9722	700.9357799933448	1222.7684243453477
0.9732	702.2384643178679	1224.7471365342526
0.9742	703.5389586891795	1226.727187281423
0.9752	704.8372565816101	1228.7085729649014
0.9762	706.133351486825	1230.6912899634654
0.9772	707.4272369138305	1232.6753346566454
0.9782	708.7189063889788	1234.6607034247397
0.9792	710.0083534559736	1236.6473926488288
0.9802	711.2955716758747	1238.6353987107914
0.9812	712.5805546271032	1240.6247179933198
0.9822	713.8632959054463	1242.6153468799348
0.9832	715.143789124062	1244.607281755001
0.9842	716.4220279134829	1246.6005190037417
0.9852	717.6980059216214	1248.5950550122543
0.9862	718.9717168137731	1250.590886167525
0.9872	720.2431542726214	1252.588008857444
0.9882	721.5123119982405	1254.5864194708197
0.9892	722.7791837080999	1256.586114397394
0.9902	724.0437631370679	1258.5870900278578
0.9912	725.3060440374143	1260.5893427538642
0.9922	726.5660201788139	1262.5928689680438
0.9932	727.8236853483501	1264.5976650640196
0.9942	729.0790333505175	1266.6037274364214
0.9952	730.3320580072244	1268.6110524809
0.9962	731.5827531577957	1270.6196365941419
0.9972	732.8311126589756	1272.6294761738832
0.9982	734.0771303849295	1274.6405676189245
0.9992	735.3208002272469	1276.6529073291451
1.0002	736.5621160949423	1278.6664917055166
1.0012	737.8010719144588	1280.681317150118
1.0022	739.0376616296676	1282.697380066148
1.0032	740.2718792018724	1284.7146768579423
1.0042	741.503718609808	1286.7332039309836
1.0052	742.7331738496445	1288.7529576919187
1.0062	743.9602389349856	1290.77393454857
1.0072	745.1849078968726	1292.7961309099521
1.0082	746.4071747837828	1294.8195431862823
1.0092	747.6270336616324	1296.8441677889975
1.0102	748.8444786137746	1298.8700011307646
1.0112	750.0595037410035	1300.8970396254979
1.0122	751.272103161551	1302.925279688368
1.0132	752.4822710110899	1304.9547177358206
1.0142	753.6900014427316	1306.9853501855848
1.0152	754.8952886270283	1309.0171734566907
1.0162	756.0981267519709	1311.0501839694793
1.0172	757.2985100229903	1313.0843781456194
1.0182	758.4964326629555	1315.1197524081172
1.0192	759.6918889121744	1317.156303181332
1.0202	760.8848730283916	1319.1940268909877
1.0212	762.0753792867894	1321.2329199641879
1.0222	763.2634019799851	1323.2729788294262
1.0232	764.4489354180313	1325.314199916602
1.0242	765.6319739284131	1327.356579657031
1.0252	766.8125118560482	1329.4001144834594
1.0262	767.9905435632855	1331.4448008300778
1.0272	769.1660634299014	1333.49063513253
1.0282	770.3390658531009	1335.5376138279312
1.0292	771.5095452475131	1337.585733354875
1.0302	772.6774960451918	1339.6349901534516
1.0312	773.8429126956103	1341.6853806652548
1.0322	775.0057896656627	1343.7369013334003
1.0332	776.1661214396581	1345.789548602532
1.0342	777.3239025193209	1347.8433189188406
1.0352	778.4791274237856	1349.89820873007
1.0362	779.631790689597	1351.9542144855354
1.0372	780.7818868707038	1354.01133263613
1.0382	781.9294105384595	1356.069559634342
1.0392	783.0743562816156	1358.1288919342633
1.0402	784.2167187063212	1360.1893259916042
1.0412	785.3564924361176	1362.2508582637026
1.0422	786.4936721119367	1364.3134852095397
1.0432	787.6282523920951	1366.3772032897477
1.0442	788.7602279522928	1368.4420089666262
1.0452	789.8895934856074	1370.5078987041493
1.0462	791.0163437024916	1372.5748689679822
1.0472	792.1404733307677	1374.642916225489
1.0482	793.2619771156251	1376.7120369457473
1.0492	794.3808498196139	1378.782227599557
1.0502	795.497086222643	1380.8534846594562
1.0512	796.6106811219724	1382.925804599727
1.0522	797.7216293322123	1384.9991838964127
1.0532	798.8299256853144	1387.0736190273249
1.0542	799.9355650305704	1389.1491064720583
1.0552	801.0385422346043	1391.225642711999
1.0562	802.1388521813697	1393.303224230339
1.0572	803.2364897721421	1395.3818475120843
1.0582	804.3314499255158	1397.4615090440689
1.0592	805.4237275773967	1399.5422053149634
1.0602	806.5133176809982	1401.6239328152894
1.0612	807.6002152068336	1403.7066880374264
1.0622	808.684415142713	1405.790467475627
1.0632	809.7659124937345	1407.875267626025
1.0642	810.8447022822808	1409.9610849866485
1.0652	811.9207795480103	1412.0479160574275
1.0662	812.9941393478541	1414.1357573402097
1.0672	814.0647767560067	1416.2246053387662
1.0682	815.1326868639215	1418.3144565588063
1.0692	816.1978647803031	1420.4053075079853
1.0702	817.2603056311016	1422.4971546959175
1.0712	818.3200045595047	1424.5899946341844
1.0722	819.3769567259321	1426.6838238363482
1.0732	820.4311573080274	1428.7786388179593
1.0742	821.4826015006521	1430.8744360965695
1.0752	822.531284515877	1432.9712121917398
1.0762	823.5772015829764	1435.0689636250536
1.0772	824.6203479484195	1437.1676869201242
1.0782	825.6607188758641	1439.267378602608
1.0792	826.6983096461474	1441.3680352002118
1.0802	827.7331155572805	1443.469653242706
1.0812	828.7651319244378	1445.5722292619314
1.0822	829.7943540799521	1447.6757597918138
1.0832	830.8207773733039	1449.7802413683685
1.0842	831.8443971711156	1451.8856705297158
1.0852	832.8652088571412	1453.9920438160868
1.0862	833.8832078322599	1456.0993577698366
1.0872	834.8983895144662	1458.207608935451
1.0882	835.9107493388625	1460.3167938595595
1.0892	836.9202827576494	1462.4269090909424
1.0902	837.9269852401185	1464.5379511805431
1.0912	838.9308522726418	1466.6499166814747
1.0922	839.9318793586648	1468.7628021490339
1.0932	840.9300620186954	1470.876604140706
1.0942	841.9253957902968	1472.9913192161785
1.0952	842.9178762280767	1475.1069439373473
1.0962	843.9074989036795	1477.2234748683297
1.0972	844.8942594057754	1479.34090857547
1.0982	845.8781533400528	1481.4592416273526
1.0992	846.8591763292064	1483.578470594808
1.1002	847.8373240129303	1485.698592050926
1.1012	848.8125920479054	1487.8196025710604
1.1022	849.7849761077923	1489.9414987328425
1.1032	850.7544718832193	1492.0642771161874
1.1042	851.7210750817736	1494.1879343033052
1.1052	852.6847814279906	1496.312466878708
1.1062	853.6455866633443	1498.4378714292218
1.1072	854.603486546236	1500.564144543992
1.1082	855.5584768519853	1502.691282814496
1.1092	856.5105533728184	1504.8192828345486
1.1102	857.4597119178585	1506.948141200315
1.1112	858.4059483131144	1509.077854510315
1.1122	859.3492584014708	1511.208419365437
1.1132	860.2896380426761	1513.3398323689416
1.1142	861.2270831133328	1515.4720901264745
1.1152	862.1615895068857	1517.6051892460723
1.1162	863.0931531336116	1519.7391263381737
1.1172	864.0217699206072	1521.8738980156254
1.1182	864.9474358117789	1524.0095008936935
1.1192	865.8701467678302	1526.145931590069
1.1202	866.7898987662521	1528.2831867248801
1.1212	867.7066878013096	1530.4212629206963
1.1222	868.6205098840321	1532.5601568025413
1.1232	869.5313610421999	1534.6998649978966
1.1242	870.4392373203341	1536.8403841367149
1.1252	871.3441347796831	1538.9817108514237
1.1262	872.2460494982132	1541.1238417769378
1.1272	873.1449775705935	1543.2667735506632
1.1282	874.0409151081866	1545.41050281251
1.1292	874.9338582390344	1547.5550262048955
1.1302	875.8238031078479	1549.7003403727574
1.1312	876.7107458759925	1551.846441963557
1.1322	877.5946827214785	1553.993327627292
1.1332	878.4756098389455	1556.1409940164995
1.1342	879.3535234396529	1558.2894377862692
1.1352	880.2284197514647	1560.4386555942458
1.1362	881.1002950188391	1562.5886441006428
1.1372	881.9691455028137	1564.739399968244
1.1382	882.8349674809944	1566.8909198624174
1.1392	883.6977572475407	1569.0432004511174
1.1402	884.5575111131552	1571.196238404898
1.1412	885.4142254050677	1573.3500303969147
1.1422	886.2678964670242	1575.5045731029377
1.1432	887.1185206592726	1577.659863201355
1.1442	887.9660943585501	1579.8158973731831
1.1452	888.8106139580688	1581.9726723020722
1.1462	889.6520758675039	1584.1301846743158
1.1472	890.4904765129785	1586.2884311788562
1.1482	891.3258123370514	1588.447408507294
1.1492	892.1580797987021	1590.6071133538926
1.1502000000000001	892.9872753733187	1592.7675424155887
1.1512	893.8133955526823	1594.9286923919967
1.1522000000000001	894.6364368449553	1597.0905599854195
1.1532	895.4563957746649	1599.2531419008512
1.1542	896.2732688826914	1601.416434845988
1.1552	897.0870527262531	1603.5804355312346
1.1562	897.8977438788918	1605.7451406697087
1.1572	898.7053389304596	1607.9105469772526
1.1582	899.5098344871034	1610.0766511724353
1.1592	900.3112271712521	1612.243449976564
1.1602	901.1095136216003	1614.4109401136877
1.1612	901.9046904930958	1616.5791183106064
1.1622	902.6967544569235	1618.7479812968757
1.1632	903.4857022004916	1620.9175258048165
1.1642	904.2715304274163	1623.087748569519
1.1652	905.0542358575086	1625.2586463288521
1.1662	905.8338152267567	1627.4302158234673
1.1672	906.6102652873143	1629.6024537968087
1.1682	907.383582807483	1631.775356995116
1.1692	908.1537645716993	1633.948922167435
1.1702	908.9208073805179	1636.1231460656206
1.1712	909.6847080505981	1638.2980254443466
1.1722	910.4454634146871	1640.4735570611085
1.1732	911.2030703216061	1642.6497376762347
1.1742	911.9575256362338	1644.8265640528884
1.1752	912.7088262394923	1647.0040329570777
1.1762	913.4569690283299	1649.1821411576582
1.1772	914.2019509157079	1651.3608854263443
1.1782	914.9437688305826	1653.54026253771
1.1792	915.6824197178915	1655.7202692692001
1.1802	916.4179005385366	1657.9009024011327
1.1812	917.1502082693695	1660.0821587167084
1.1822	917.8793399031741	1662.264035002013
1.1832	918.6052924486531	1664.4465280460286
1.1842	919.3280629304095	1666.6296346406339
1.1852	920.0476483889325	1668.8133515806155
1.1862	920.7640458805803	1670.9976756636702
1.1872	921.477252477565	1673.1826036904138
1.1882	922.1872652679351	1675.3681324643837
1.1892	922.8940813555612	1677.5542587920497
1.1902	923.5976978601174	1679.7409794828147
1.1912	924.2981119170671	1681.9282913490247
1.1922	924.9953206776453	1684.1161912059715
1.1932	925.6893213088428	1686.3046758719015
1.1942	926.3801109933888	1688.4937421680181
1.1952	927.067686929736	1690.6833869184918
1.1962	927.7520463320423	1692.8736069504605
1.1972	928.433186430155	1695.0643990940407
1.1982	929.111104469594	1697.2557601823285
1.1992	929.7857977115349	1699.447687051409
1.2002	930.457263432792	1701.6401765403584
1.2012	931.1254989258022	1703.833225491253
1.2022	931.7905014986067	1706.0268307491713
1.2032	932.4522684748358	1708.220989162203
1.2042	933.11079719369	1710.4156975814508
1.2052	933.7660850099244	1712.610952861039
1.2062	934.4181292938307	1714.806751858117
1.2072	935.0669274312204	1717.0030914328654
1.2082	935.7124768234073	1719.1999684485006
1.2092	936.3547748871906	1721.3973797712815
1.2102	936.9938190548371	1723.5953222705132
1.2112	937.629606774064	1725.7937928185531
1.2122	938.2621355080215	1727.9927882908157
1.2132	938.8914027352755	1730.1923055657787
1.2142	939.5174059497896	1732.392341524986
1.2152	940.1401426609078	1734.5928930530563
1.2162	940.7596103933367	1736.7939570376834
1.2172	941.37629742778	1738.9955303696468
1.2182	941.992390573876	1741.1976103457177
1.2192	942.6087930587412	1743.4001960623673
1.2202	943.2255049143587	1745.6032873585032
1.2212	943.8425261727574	1747.8068840733263
1.2222	944.4598568660094	1750.0109860463242
1.2232	945.0774970262319	1752.2155931172765
1.2242	945.6954466855855	1754.420705126248
1.2252	946.3137058762755	1756.6263219135935
1.2262	946.9322746305508	1758.8324433199525
1.2272	947.5511529807042	1761.039069186253
1.2282	948.1703409590721	1763.2461993537067
1.2292	948.7898385980347	1765.4538336638116
1.2302	949.4096459300159	1767.6619719583482
1.2312	950.0297629874829	1769.870614079383
1.2322	950.650189802946	1772.0797598692627
1.2332	951.2709264089593	1774.289409170619
1.2342	951.8919728381195	1776.4995618263624
1.2352	952.5133291230669	1778.7102176796873
1.2362	953.1349952964841	1780.9213765740656
1.2372	953.7569713910974	1783.1330383532515
1.2382	954.3792574396749	1785.3452028612758
1.2392	955.0018534750284	1787.5578699424498
1.2402	955.6247595300114	1789.7710394413607
1.2412	956.2479756375205	1791.984711202875
1.2422	956.8715018304944	1794.1988850721327
1.2432	957.4953381419142	1796.413560894553
1.2442	958.1194846048031	1798.6287385158275
1.2452	958.7439412522266	1800.8444177819244
1.2462	959.3687081172919	1803.0605985390841
1.2472	959.9937852331486	1805.277280633822
1.2482	960.6191726329876	1807.4944639129249
1.2492	961.2448703500419	1809.712148223453
1.2502	961.870878417586	1811.930333412736
1.2512	962.4971968689362	1814.1490193283767
1.2522	963.1238257374496	1816.3682058182462
1.2532	963.7507650565257	1818.5878927304873
1.2542	964.3780148596043	1820.8080799135091
1.2552	965.0055751801672	1823.028767215992
1.2562	965.6334460517364	1825.2499544868815
1.2572	966.261627507876	1827.4716415753926
1.2582	966.8901195821901	1829.6938283310049
1.2592	967.5189223083242	1831.9165146034659
1.2602	968.1480357199641	1834.1397002427861
1.2612	968.7774598508367	1836.3633850992437
1.2622	969.407194734709	1838.5875690233784
1.2632	970.037240405389	1840.812251865995
1.2642	970.6675968967246	1843.0374334781604
1.2652	971.2982642426044	1845.2631137112053
1.2662	971.9292424769569	1847.48929241672
1.2672	972.5605316337511	1849.7159694465583
1.2682	973.1921317469955	1851.9431446528326
1.2692	973.8240428507391	1854.1708178879176
1.2702	974.4562649790705	1856.398989004445
1.2712	975.0887981661183	1858.6276578553075
1.2722	975.72164244605	1860.856824293654
1.2732	976.354797853074	1863.0864881728935
1.2742	976.9882644214372	1865.31664934669
1.2752000000000001	977.6220421854265	1867.5473076689655
1.2762	978.2561311793677	1869.778462993897
1.2772000000000001	978.8905314376265	1872.0101151759181
1.2782	979.5252429946071	1874.2422640697157
1.2792000000000001	980.1602658847534	1876.4749095302327
1.2802	980.7956001425478	1878.708051412664
1.2812	981.4312458025119	1880.9416895724587
1.2822	982.0672028992063	1883.175823865319
1.2832	982.7034714672303	1885.4104541471977
1.2842	983.3400515412217	1887.6455802743003
1.2852	983.9769431558568	1889.881202103082
1.2862	984.614146345851	1892.11731949025
1.2872	985.2516611459577	1894.35393229276
1.2882	985.8894875909687	1896.5910403678174
1.2892	986.5276257157141	1898.8286435728758
1.2902	987.1660755550623	1901.0667417656382
1.2912	987.8048371439198	1903.3053348040535
1.2922	988.4439105172313	1905.5444225463198
1.2932	989.0832957099789	1907.7840048508792
1.2942	989.7229927571832	1910.0240815764223
1.2952	990.3630016939021	1912.2646525818827
1.2962	991.0033225552319	1914.5057177264412
1.2972	991.6439553763058	1916.7472768695209
1.2982	992.284900192295	1918.9893298707907
1.2992	992.926157038408	1921.2318765901607
1.3002	993.5677259498909	1923.4749168877859
1.3012	994.2096069620268	1925.7184506240612
1.3022	994.8518001101367	1927.9624776596258
1.3032	995.4943054295777	1930.2069978553575
1.3042	996.1371229557453	1932.4520110723772
1.3052	996.780252724071	1934.6975171720435
1.3062	997.4236947700238	1936.9435160159567
1.3072	998.0674491291089	1939.190007465954
1.3082	998.7115158368695	1941.436991384114
1.3092	999.3558949288843	1943.68446763275
1.3102	1000.0005864407692	1945.932436074416
1.3112	1000.6455904081764	1948.1808965719001
1.3122	1001.2909068667952	1950.4298489882297
1.3132	1001.9365358523506	1952.6792931866655
1.3142	1002.5824774006044	1954.9292290307058
1.3152	1003.2287315473542	1957.1796563840821
1.3162	1003.8752983284344	1959.4305751107622
1.3172	1004.5221777797149	1961.681985074946
1.3182	1005.1693699371021	1963.9338861410681
1.3192	1005.8168748365381	1966.1862781737952
1.3202	1006.4646925140013	1968.4391610380276
1.3212	1007.1128230055052	1970.6925345988955
1.3222	1007.7612663470998	1972.9463987217628
1.3232	1008.4100225748701	1975.2007532722225
1.3242	1009.0590917249375	1977.4555981160995
1.3252	1009.7084738334579	1979.7109331194467
1.3262	1010.3581689366238	1981.9667581485492
1.3272	1011.008177070662	1984.223073069918
1.3282	1011.6584982718356	1986.4798777502954
1.3292	1012.309132576442	1988.7371720566491
1.3302	1012.9600800208149	1990.9949558561766
1.3312	1013.6113406413217	1993.2532290163
1.3322	1014.262914474366	1995.5119914046704
1.3332	1014.9148015563858	1997.7712428891625
1.3342	1015.5670019238544	2000.0309833378792
1.3352	1016.2195156132791	2002.2912126191454
1.3362	1016.8723426612031	2004.5519306015133
1.3372	1017.5254831042032	2006.8131371537572
1.3382	1018.1789369788916	2009.0748321448768
1.3392	1018.8327043219143	2011.3370154440931
1.3402	1019.4867851699528	2013.5996869208516
1.3412	1020.1411795597219	2015.8628464448182
1.3422	1020.7958875279716	2018.1264938858822
1.3432	1021.4509091114854	2020.3906291141525
1.3442	1022.1062443470818	2022.655251999961
1.3452	1022.7618932716127	2024.920362413857
1.3462	1023.4178559219647	2027.1859602266127
1.3472	1024.0741323350578	2029.452045309217
1.3482	1024.7307225478464	2031.71861753288
1.3492	1025.3876265973183	2033.9856767690283
1.3502	1026.0448445204956	2036.2532228893083
1.3512	1026.702376354434	2038.5212557655825
1.3522	1027.3602221362223	2040.7897752699316
1.3532	1028.0183819029837	2043.0587812746514
1.3542	1028.6768556918748	2045.3282736522565
1.3552	1029.335643540085	2047.598252275474
1.3562	1029.9947454848377	2049.868717017249
1.3572	1030.6541615633892	2052.139667750739
1.3582	1031.3138918130298	2054.411104349319
1.3592	1031.973936271082	2056.6830266865745
1.3602	1032.6342949749026	2058.955434636307
1.3612	1033.2949679618803	2061.228328072529
1.3622	1033.9559552694377	2063.5017068694683
1.3632	1034.6172569350292	2065.7755709015614
1.3642	1035.278872996144	2068.04992004346
1.3652	1035.9408034903022	2070.324754170024
1.3662	1036.6030484550574	2072.600073156326
1.3672	1037.2656079279961	2074.8758768776474
1.3682	1037.9284819467375	2077.152165209482
1.3692	1038.5916705489328	2079.428938027531
1.3702	1039.255173772266	2081.7061952077056
1.3712	1039.9189916544535	2083.9839366261244
1.3722	1040.5831242332442	2086.2621621591165
1.3732	1041.2475715464188	2088.540871683216
1.3742	1041.9123336317914	2090.820065075167
1.3752	1042.5774105272067	2093.0997422119185
1.3762	1043.2428022705428	2095.379902970627
1.3772	1043.9085088997094	2097.660547228654
1.3782	1044.574530452648	2099.9416748635686
1.3792	1045.2408669673325	2102.2232857531426
1.3802	1045.9075184817684	2104.505379775355
1.3812	1046.574485033993	2106.787956808387
1.3822	1047.2417666620754	2109.071016730626
1.3832	1047.9093634041162	2111.3545594206603
1.3842	1048.5772752982482	2113.6385847572838
1.3852	1049.2455023826349	2115.9230926194905
1.3862	1049.9140446954725	2118.20808288648
1.3872	1050.5829022749874	2120.49355543765
1.3882	1051.2520751594382	2122.7795101526026
1.3892	1051.9215633871147	2125.0659469111392
1.3902	1052.591366996338	2127.3528655932632
1.3912	1053.2614860254598	2129.6402660791764
1.3922	1053.9319205128638	2131.9281482492825
1.3932	1054.6026704969645	2134.216511984182
1.3942	1055.2737360162075	2136.505357164677
1.3952	1055.9451171090689	2138.7946836717665
1.3962	1056.6168138140563	2141.0844913866486
1.3972	1057.288826169708	2143.374780190718
1.3982	1057.9611542145933	2145.665549965568
1.3992	1058.6337979873117	2147.956800592988
1.4002000000000001	1059.306757526494	2150.2485319549655
1.4012	1059.980032870801	2152.5407439336814
1.4022000000000001	1060.653624058925	2154.833436411515
1.4032	1061.327531129588	2157.126609271039
1.4042000000000001	1062.0017541215427	2159.4202623950227
1.4052	1062.676293073572	2161.7143956664286
1.4062000000000001	1063.35114802449	2164.0090089684145
1.4072	1064.0263190131398	2166.3041021843305
1.4082	1064.7018060783957	2168.599675197722
1.4092	1065.3776092591625	2170.895727892327
1.4102	1066.0537285943738	2173.1922601520746
1.4112	1066.7301641229944	2175.4892718610877
1.4122	1067.4069158840184	2177.786762903679
1.4132	1068.0839839164707	2180.0847331643563
1.4142	1068.7613682594053	2182.383182527815
1.4152	1069.4390689519062	2184.6821108789422
1.4162	1070.1170860330876	2186.9815181028157
1.4172	1070.7954195420932	2189.281404084704
1.4182	1071.474069518096	2191.5817687100625
1.4192	1072.1530360002998	2193.8826118645397
1.4202	1072.8323190279364	2196.1839334339684
1.4212	1073.5119186402685	2198.4857333043733
1.4222	1074.1918348765873	2200.788011361965
1.4232	1074.872067776214	2203.090767493143
1.4242	1075.5526173784988	2205.3940015844933
1.4252	1076.2334837228216	2207.6977135227903
1.4262	1076.914666848591	2210.001903194993
1.4272	1077.5961667952456	2212.306570488247
1.4282	1078.2779836022526	2214.611715289884
1.4292	1078.960117309108	2216.917337487422
1.4302	1079.6425679553379	2219.223436968563
1.4312	1080.3253355804961	2221.530013621193
1.4322	1081.008420224166	2223.8370673333834
1.4332	1081.6918219259603	2226.144597993389
1.4342	1082.3755407255196	2228.452605489649
1.4352	1083.0595766625142	2230.761089710786
1.4362	1083.7439297766427	2233.0700505456034
1.4372	1084.428600107632	2235.379487883089
1.4382	1085.113587695238	2237.6894016124115
1.4392	1085.7988925792458	2239.999791622923
1.4402	1086.484514799468	2242.3106578041547
1.4412	1087.1704543957462	2244.622000045822
1.4422	1087.8567114079501	2246.9338182378174
1.4432	1088.5432858759787	2249.2461122702166
1.4442	1089.2301778397575	2251.558882033273
1.4452	1089.9173873392426	2253.8721274174227
1.4462	1090.6049144144163	2256.185848313277
1.4472	1091.2927591052903	2258.5000446116296
1.4482	1091.980921451904	2260.814716203451
1.4492	1092.6694014943248	2263.129862979891
1.4502	1093.358199272648	2265.4454848322757
1.4512	1094.0473148269975	2267.7615816521106
1.4522	1094.7367481975248	2270.078153331077
1.4532	1095.4264994244088	2272.3951997610334
1.4542	1096.1165685478568	2274.712720834015
1.4552	1096.8069556081036	2277.030716442233
1.4562	1097.4976606454118	2279.349186478074
1.4572	1098.188683700072	2281.6681308341012
1.4582	1098.880024812402	2283.987549403051
1.4592	1099.5716840227474	2286.307442077837
1.4602	1100.2636613714812	2288.6278087515448
1.4612	1100.9559568990037	2290.948649317436
1.4622	1101.6485706457433	2293.2699636689445
1.4632	1102.3415026521554	2295.591751699679
1.4642	1103.0347529587225	2297.9140133034202
1.4652	1103.7283216059548	2300.2367483741223
1.4662	1104.422208634389	2302.55995680591
1.4672	1105.1164140845906	2304.8836384930833
1.4682	1105.8109379971506	2307.2077933301116
1.4692	1106.5057804126877	2309.532421211636
1.4702	1107.2009413718479	2311.8575220324688
1.4712	1107.896420915304	2314.183095687594
1.4722	1108.5922190837557	2316.509142072164
1.4732	1109.2883359179298	2318.835661081504
1.4742	1109.9847714585796	2321.162652611106
1.4752	1110.681525746486	2323.4901165566334
1.4762	1111.3785988224556	2325.8180528139187
1.4772	1112.0759907273225	2328.146461278962
1.4782	1112.7737015019477	2330.475341847932
1.4792	1113.4717311872184	2332.804694417168
1.4802	1114.1700798240481	2335.1345188831724
1.4812	1114.8687474533774	2337.46481514262
1.4822	1115.5677341161731	2339.7955830923493
1.4832	1116.2670398534287	2342.1268226293673
1.4842	1116.966664706164	2344.4585336508467
1.4852	1117.6666087154251	2346.7907160541276
1.4862	1118.3668719222846	2349.1233697367147
1.4872	1119.0674543678417	2351.4564945962793
1.4882	1119.7683560932205	2353.790090530656
1.4892	1120.469577139573	2356.1241574378473
1.4902	1121.171117548076	2358.4586952160175
1.4912	1121.8729773599337	2360.793703763498
1.4922	1122.5751566163747	2363.12918297878
1.4932	1123.2776553586555	2365.4651327605243
1.4942	1123.9804736280569	2367.8015530075495
1.4952	1124.6836114658868	2370.1384436188405
1.4962	1125.3870689134783	2372.475804493543
1.4972	1126.090846012191	2374.8136355309675
1.4982	1126.7949428034092	2377.1519366305843
1.4992	1127.4993593285444	2379.490707692027
1.5002	1128.2040956290327	2381.8299486150895
1.5012	1128.9091517463366	2384.169659299729
1.5022	1129.6145277219432	2386.5098396460608
1.5032	1130.3202235973665	2388.850489554363
1.5042	1131.0262394141448	2391.191608925072
1.5052	1131.7325752138433	2393.5331976587877
1.5062	1132.439231038051	2395.875255656265
1.5072	1133.146206928384	2398.2177828184226
1.5082	1133.8535029264822	2400.5607790463346
1.5092	1134.5611190740121	2402.904244241237
1.5102	1135.2690554126646	2405.248178304521
1.5112	1135.9773119841566	2407.59258113774
1.5122	1136.6858888302295	2409.937452642602
1.5132	1137.3947859926507	2412.282792720974
1.5142	1138.1040035132116	2414.6286012748797
1.5152	1138.8135414337296	2416.9748782065008
1.5162	1139.523399796047	2419.3216234181746
1.5172	1140.233578642031	2421.668836812396
1.5182	1140.944078013573	2424.016518291814
1.5192	1141.654897952591	2426.3646677592365
1.5202	1142.3660385010262	2428.7132851176234
1.5212	1143.0774997008455	2431.062370270093
1.5222	1143.7892815940406	2433.4119231199174
1.5232	1144.501384222628	2435.7619435705224
1.5242	1145.2138076286483	2438.112431525489
1.5252000000000001	1145.9265518541672	2440.4633868885526
1.5262	1146.6396169412749	2442.8148095636016
1.5272000000000001	1147.353002932087	2445.16669945468
1.5282	1148.0667098687425	2447.5190564659815
1.5292000000000001	1148.7807377934055	2449.871880501856
1.5302	1149.4950867482642	2452.2251714668046
1.5312000000000001	1150.209756775532	2454.578929265481
1.5322	1150.924747917446	2456.9331538026904
1.5332000000000001	1151.6400602162678	2459.287844983391
1.5342	1152.3556937142832	2461.643002712692
1.5352000000000001	1153.071648453803	2463.9986268958537
1.5362	1153.7879244771611	2466.3547174382875
1.5372	1154.5045218267167	2468.7112742455556
1.5382	1155.2214405448528	2471.0682972233712
1.5392	1155.9386806739758	2473.4257862775953
1.5402	1156.656242256517	2475.7837413142424
1.5412	1157.374125334932	2478.1421622394732
1.5422	1158.0923299516996	2480.5010489596007
1.5432	1158.8108561493227	2482.8604013810836
1.5442	1159.5297039703291	2485.220219410533
1.5452	1160.248873457269	2487.5805029547046
1.5462	1160.9683646527176	2489.9412519205066
1.5472	1161.6881775992733	2492.3024662149915
1.5482	1162.408312339559	2494.664145745362
1.5492	1163.1287689162202	2497.0262904189663
1.5502	1163.8495473719272	2499.388900143301
1.5512	1164.5706477493734	2501.751974826009
1.5522	1165.292070091276	2504.11551437488
1.5532	1166.0138144403759	2506.4795186978504
1.5542	1166.7358808394374	2508.843987703002
1.5552	1167.4582693312482	2511.208921298562
1.5562	1168.1809799586197	2513.574319392905
1.5572	1168.9040127643868	2515.940181894549
1.5582	1169.6273677914078	2518.306508712158
1.5592	1170.3510450825638	2520.67329975454
1.5602	1171.0750446807604	2523.0405549306483
1.5612	1171.7993666289249	2525.408274149579
1.5622	1172.5240109700098	2527.776457320575
1.5632	1173.2489777469893	2530.145104353019
1.5642	1173.9742670028613	2532.514215156441
1.5652	1174.699878780647	2534.883789640511
1.5662	1175.4258131233905	2537.253827715044
1.5672	1176.152070074159	2539.6243292899962
1.5682	1176.8786496760429	2541.995294275467
1.5692	1177.6055519721556	2544.3667225816985
1.5702	1178.3327770056333	2546.7386141190736
1.5712	1179.0603248196353	2549.110968798117
1.5722	1179.788195457344	2551.4837865294953
1.5732	1180.516388961964	2553.8570672240153
1.5742	1181.2449053767236	2556.230810792626
1.5752	1181.973744744873	2558.6050171464153
1.5762	1182.7029071096865	2560.979686196614
1.5772	1183.4323925144593	2563.354817854589
1.5782	1184.162201002511	2565.7304120318513
1.5792	1184.8923326171825	2568.1064686400487
1.5802	1185.6227874018389	2570.48298759097
1.5812	1186.3535653998663	2572.8599687965407
1.5822	1187.0846666546743	2575.237412168829
1.5832	1187.8160912096944	2577.6153176200373
1.5842	1188.5478391083816	2579.9936850625104
1.5852	1189.2799103942123	2582.372514408728
1.5862	1190.0123051106857	2584.7518055713094
1.5872	1190.7450233013235	2587.1315584630106
1.5882	1191.47806500967	2589.5117729967264
1.5892	1192.2114302792909	2591.8924490854865
1.5902	1192.9451191537753	2594.2735866424596
1.5912	1193.6791316767337	2596.655185580949
1.5922	1194.4134678917999	2599.0372458143975
1.5932	1195.1481278426281	2601.419767256379
1.5942	1195.8831115728963	2603.8027498206093
1.5952	1196.6184191263042	2606.186193420935
1.5962	1197.3540505465733	2608.5700979713406
1.5972	1198.0900058774469	2610.954463385944
1.5982	1198.8262851626914	2613.339289579001
1.5992	1199.562888446094	2615.7245764648987
1.6002	1200.2998157714646	2618.1103239581616
1.6012	1201.0370671826347	2620.496531973445
1.6022	1201.7746427234579	2622.8832004255423
1.6032	1202.5125424378093	2625.270329229377
1.6042	1203.2507663695865	2627.6579183000085
1.6052	1203.9893145627077	2630.045967552627
1.6062	1204.7281870611143	2632.4344769025597
1.6072	1205.4673839087686	2634.8234462652617
1.6082	1206.2069051496549	2637.2128755563253
1.6092	1206.9467508277787	2639.6027646914713
1.6102	1207.686920987168	2641.993113586556
1.6112	1208.427415671871	2644.383922157563
1.6122	1209.168234925959	2646.7751903206135
1.6132	1209.9093787935242	2649.1669179919545
1.6142	1210.6508473186798	2651.5591050879675
1.6152	1211.3926405455613	2653.951751525164
1.6162	1212.1347585183257	2656.344857220187
1.6172	1212.8772012811503	2658.738422089808
1.6182	1213.6199688782349	2661.1324460509304
1.6192	1214.3630613538	2663.5269290205874
1.6202	1215.1064787520882	2665.921870915942
1.6212	1215.850221117362	2668.317271654285
1.6222	1216.594288493907	2670.71313115304
1.6232	1217.3386809260282	2673.1094493297564
1.6242	1218.0833984580534	2675.5062261021144
1.6252	1218.8284411343302	2677.903461387922
1.6262	1219.5738089992285	2680.301155105117
1.6272	1220.3195020971384	2682.699307171762
1.6282	1221.0655204724715	2685.0979175060525
1.6292	1221.8118641696606	2687.4969860263077
1.6302	1222.558533233159	2689.8965126509765
1.6312	1223.3055277074416	2692.2964972986338
1.6322	1224.0528476370039	2694.6969398879833
1.6332	1224.800493066362	2697.097840337853
1.6342	1225.5484640400537	2699.4991985672004
1.6352	1226.2967606026368	2701.9010144951076
1.6362	1227.0453827986908	2704.303288040784
1.6372	1227.794330672815	2706.7060191235637
1.6382	1228.5436042696308	2709.109207662908
1.6392	1229.293203633779	2711.5128535784024
1.6402	1230.0431288099219	2713.916956789759
1.6412	1230.7933798427423	2716.321517216814
1.6422	1231.5439567769438	2718.7265347795296
1.6432	1232.2948596572503	2721.132009397991
1.6442	1233.0460885284067	2723.5379409924108
1.6452	1233.7976434351776	2725.944329483122
1.6462	1234.5495244223494	2728.3511747905854
1.6472	1235.301731534728	2730.758476835382
1.6482	1236.054264817141	2733.166235538221
1.6492	1236.8071243144345	2735.57445081993
1.6502000000000001	1237.5603100714773	2737.983122601464
1.6512	1238.3138221331565	2740.3922508038972
1.6522000000000001	1239.0676605443812	2742.8018353484304
1.6532	1239.8218253500797	2745.211876156384
1.6542000000000001	1240.5763165952014	2747.6223731492023
1.6552	1241.3311343247158	2750.0333262484514
1.6562000000000001	1242.086278583612	2752.444735375819
1.6572	1242.8417494169005	2754.8566004531153
1.6582000000000001	1243.597546869611	2757.268921402271
1.6592	1244.353670986794	2759.681698145339
1.6602000000000001	1245.1101218135195	2762.094930604493
1.6612	1245.8668993948781	2764.5086187020265
1.6622000000000001	1246.6240037759808	2766.922762360357
1.6632	1247.3814350019575	2769.3373615020178
1.6642000000000001	1248.1391931179592	2771.7524160496664
1.6652	1248.8972781691566	2774.1679259260786
1.6662	1249.6556902007403	2776.58389105415
1.6672	1250.4144292579213	2779.000311356898
1.6682	1251.1734953859293	2781.417186757455
1.6692	1251.9328886300157	2783.8345171790775
1.6702	1252.6926090354498	2786.252302545138
1.6712	1253.4526566475224	2788.670542779129
1.6722	1254.2130315115432	2791.0892378046615
1.6732	1254.9737336728422	2793.508387545465
1.6742	1255.7347631767686	2795.9279919253877
1.6752	1256.4961200686917	2798.3480508683947
1.6762	1257.257804394	2800.7685642985693
1.6772	1258.0198161981032	2803.1895321401144
1.6782	1258.7821555264284	2805.6109543173466
1.6792	1259.5448224244237	2808.0328307547034
1.6802	1260.3078169375574	2810.4551613767376
1.6812	1261.0711391113155	2812.877946108119
1.6822	1261.834788991205	2815.3011848736337
1.6832	1262.5987666227525	2817.724877598186
1.6842	1263.363072051503	2820.149024206794
1.6852	1264.127705323022	2822.5736246245942
1.6862	1264.8926664828932	2824.998678776837
1.6872	1265.6579555767216	2827.4241865888907
1.6882	1266.42357265013	2829.8501479862366
1.6892	1267.189517748761	2832.276562894473
1.6902	1267.955790918277	2834.7034312393125
1.6912	1268.722392204359	2837.130752946584
1.6922	1269.4893216527075	2839.5585279422285
1.6932	1270.2565793090428	2841.9867561523047
1.6942	1271.0241652191037	2844.4154375029825
1.6952	1271.7920794286485	2846.8445719205492
1.6962	1272.560321983455	2849.274159331403
1.6972	1273.3288929293199	2851.7041996620587
1.6982	1274.0977923120583	2854.1346928391417
1.6992	1274.8670201775062	2856.5656387893937
1.7002	1275.6365765715166	2858.997037439667
1.7012	1276.406461539963	2861.428888716929
1.7022	1277.1766751287373	2863.8611925482587
1.7032	1277.947217383751	2866.2939488608486
1.7042	1278.7180883509334	2868.727157582002
1.7052	1279.489288076234	2871.160818639137
1.7062	1280.2608166056207	2873.5949319597808
1.7072	1281.0326739850805	2876.029497471576
1.7082	1281.8048602606189	2878.4645151022737
1.7092	1282.5773754782606	2880.8999847797386
1.7102	1283.3502196840489	2883.335906431945
1.7112	1284.1233929240464	2885.7722799869807
1.7122	1284.8968952443336	2888.209105373042
1.7132	1285.6707266910107	2890.646382518437
1.7142	1286.444887310196	2893.0841113515844
1.7152	1287.2193771480268	2895.5222918010145
1.7162	1287.994196250659	2897.9609237953655
1.7172	1288.7693446642672	2900.4000072633885
1.7182	1289.5448224350444	2902.839542133941
1.7192	1290.3206296092028	2905.2795283359933
1.7202	1291.0967662329722	2907.7199657986225
1.7212	1291.8732323526024	2910.1608544510186
1.7222	1292.6500280143603	2912.6021942224766
1.7232	1293.4271532645323	2915.0439850424045
1.7242	1294.2046081494227	2917.486226840315
1.7252	1294.9823927153548	2919.928919545833
1.7262	1295.7605070086697	2922.37206308869
1.7272	1296.5389510757275	2924.815657398726
1.7282	1297.3177249629061	2927.259702405889
1.7292	1298.0968287166029	2929.7041980402364
1.7302	1298.8762623832322	2932.14914423193
1.7312	1299.6560260092278	2934.5945409112433
1.7322	1300.436119641041	2937.040388008553
1.7332	1301.216543325142	2939.4866854543466
1.7342	1301.997297108019	2941.933433179216
1.7352	1302.7783810361782	2944.3806311138624
1.7362	1303.5597951561442	2946.828279189091
1.7372	1304.3415395144605	2949.276377335816
1.7382	1305.123614157687	2951.7249254850553
1.7392	1305.9060191324038	2954.173923567936
1.7402	1306.6887544852073	2956.623371515688
1.7412	1307.471820262714	2959.0732692596507
1.7422	1308.2552165115565	2961.523616731265
1.7432	1309.0389432783863	2963.9744138620804
1.7442	1309.8230006098734	2966.4256605837504
1.7452	1310.607388552705	2968.877356828034
1.7462	1311.3921071535867	2971.3295025267944
1.7472	1312.1771564592423	2973.7820976120015
1.7482	1312.9625365164127	2976.2351420157265
1.7492	1313.7482473718576	2978.6886356701493
1.7502	1314.534289072354	2981.14257850755
1.7512	1315.3206616646974	2983.596970460316
1.7522	1316.1073651957006	2986.0518114609363
1.7532	1316.8943997121942	2988.507101442005
1.7542	1317.681765261027	2990.9628403362194
1.7552	1318.4694618890658	2993.419028076381
1.7562	1319.2574896431938	2995.875664595392
1.7572	1320.045848570314	2998.332749826263
1.7582	1320.8345387173454	3000.7902837021006
1.7592	1321.6235601312253	3003.24826615612
1.7602	1322.4129128589088	3005.7066971216345
1.7612	1323.202596947369	3008.1655765320647
1.7622	1323.9926124435956	3010.6249043209286
1.7632	1324.7829593945971	3013.08468042185
1.7642	1325.5736378473987	3015.5449047685524
1.7652	1326.3646478490434	3018.0055772948626
1.7662	1327.1559894465915	3020.4666979347076
1.7672	1327.947662687122	3022.9282666221175
1.7682	1328.7396676177298	3025.3902832912213
1.7692	1329.5320042855287	3027.8527478762526
1.7702	1330.3246727376488	3030.3156603115417
1.7712	1331.1176730212385	3032.779020531524
1.7722	1331.911005183463	3035.2428284707325
1.7732	1332.7046692715055	3037.7070840638025
1.7742	1333.498665332566	3040.1717872454683
1.7752000000000001	1334.2929934138622	3042.6369379505654
1.7762	1335.0876535626287	3045.102536114028
1.7772000000000001	1335.8826458261185	3047.5685816708933
1.7782	1336.6779702516003	3050.0350745562932
1.7792000000000001	1337.4736268863617	3052.502014705464
1.7802	1338.2696157777061	3054.969402053737
1.7812000000000001	1339.0659369729556	3057.437236536548
1.7822	1339.8625905194478	3059.9055180894256
1.7832000000000001	1340.6595764645397	3062.3742466480035
1.7842	1341.456894855603	3064.8434221480093
1.7852000000000001	1342.2545457400283	3067.313044525272
1.7862	1343.0525291652227	3069.7831137157173
1.7872000000000001	1343.850845178611	3072.2536296553717
1.7882	1344.6494938276337	3074.7245922803563
1.7892000000000001	1345.44847515975	3077.1960015268933
1.7902	1346.2477892224347	3079.6678573313006
1.7912000000000001	1347.047436063181	3082.1401596299957
1.7922	1347.8474157294982	3084.612908359491
1.7932	1348.6477282689125	3087.0861034563986
1.7942	1349.4483737289681	3089.559744857428
1.7952	1350.2493521572248	3092.033832499383
1.7962	1351.050663601261	3094.508366319168
1.7972	1351.8523081086698	3096.98334625378
1.7982	1352.654285727063	3099.458772240316
1.7992	1353.4565965040688	3101.9346442159685
1.8002	1354.2592404873317	3104.410962118025
1.8012	1355.0622177245139	3106.8877258838706
1.8022	1355.8655282632935	3109.3649354509866
1.8032	1356.6691721513662	3111.842590756948
1.8042	1357.4731494364441	3114.320691739429
1.8052	1358.2774601662559	3116.7992383361952
1.8062	1359.0821043885474	3119.278230485111
1.8072	1359.887082151081	3121.7576681241344
1.8082	1360.6923935016355	3124.2375511913187
1.8092	1361.4980384880064	3126.7178796248118
1.8102	1362.3040171580067	3129.198653362858
1.8112	1363.1103295594648	3131.6798723437937
1.8122	1363.9169757402271	3134.1615365060525
1.8132	1364.723955748155	3136.64364578816
1.8142	1365.5312696311278	3139.1262001287378
1.8152	1366.3389174370404	3141.6091994665
1.8162	1367.1468992138052	3144.0926437402563
1.8172	1367.9552150093505	3146.5765328889083
1.8182	1368.7638648716213	3149.0608668514537
1.8192	1369.5728488485784	3151.54564556698
1.8202	1370.3821669882007	3154.030868974672
1.8212	1371.1918193384818	3156.516537013805
1.8222	1372.0018059474328	3159.002649623749
1.8232	1372.8121268630807	3161.489206743965
1.8242	1373.6227821334694	3163.9762083140085
1.8252	1374.4337718066581	3166.4636542735266
1.8262	1375.2450959307243	3168.95154456226
1.8272	1376.0567545537597	3171.43987912004
1.8282	1376.8687477238734	3173.928657886792
1.8292	1377.681075489191	3176.4178808025313
1.8302	1378.4937378978539	3178.9075478073673
1.8312	1379.3067349980195	3181.397658841499
1.8322	1380.1200668378626	3183.8882138452195
1.8332	1380.9337334655727	3186.379212758911
1.8342	1381.747734929357	3188.8706555230488
1.8352	1382.5620712774378	3191.3625420781973
1.8362	1383.376742558054	3193.8548723650147
1.8372	1384.1917488194606	3196.3476463242473
1.8382	1385.007090109929	3198.840863896735
1.8392	1385.8227664777464	3201.3345250234056
1.8402	1386.6387779712159	3203.8286296452793
1.8412	1387.4551246386573	3206.3231777034657
1.8422	1388.271806528406	3208.818169139165
1.8432	1389.0888236888134	3211.3136038936677
1.8442	1389.9061761682472	3213.8094819083535
1.8452	1390.723864015091	3216.3058031246924
1.8462	1391.5418872777448	3218.8025674842443
1.8472	1392.3602460046238	3221.299774928658
1.8482	1393.1789402441595	3223.797425399672
1.8492	1393.9979700447998	3226.2955188391143
1.8502	1394.8173354550079	3228.7940551889014
1.8512	1395.6370365232629	3231.293034391039
1.8522	1396.4570732980603	3233.792456387622
1.8532	1397.2774458279112	3236.292321120834
1.8542	1398.0981541613426	3238.7926285329477
1.8552	1398.9191983468966	3241.2933785663217
1.8562	1399.7405784331327	3243.794571163406
1.8572	1400.562294468625	3246.296206266737
1.8582	1401.3843465019638	3248.7982838189405
1.8592	1402.206734581755	3251.300803762728
1.8602	1403.0294587566202	3253.803766040901
1.8612	1403.8525190751968	3256.3071705963466
1.8622	1404.6759155861384	3258.8110173720424
1.8632	1405.4996483381135	3261.31530631105
1.8642	1406.323717379807	3263.82003735652
1.8652	1407.1481227599188	3266.32521045169
1.8662	1407.9728645271653	3268.830825539885
1.8672	1408.7979427302776	3271.3368825645152
1.8682	1409.6233574180028	3273.8433814690793
1.8692	1410.4491086391035	3276.350322197161
1.8702	1411.2751964423587	3278.8577046924324
1.8712	1412.1016208765618	3281.36552889865
1.8722	1412.9283819905227	3283.8737947596583
1.8732	1413.7554798330657	3286.3825022193855
1.8742	1414.582914453032	3288.8916512218484
1.8752	1415.4106858992768	3291.4012417111476
1.8762	1416.2387942206724	3293.9112736314705
1.8772	1417.0672394661053	3296.421746927089
1.8782	1417.8960216844782	3298.9326615423615
1.8792	1418.7251409247087	3301.444017421731
1.8802	1419.5545972357304	3303.9558145097267
1.8812	1420.3843906664918	3306.468052750961
1.8822	1421.2145212659568	3308.9807320901327
1.8832	1422.044989083105	3311.493852472024
1.8842	1422.8757941669314	3314.0074138415043
1.8852	1423.7069365664458	3316.5214161435247
1.8862	1424.5384163306742	3319.0358593231226
1.8872	1425.3702335086564	3321.5507433254174
1.8882	1426.2023881494495	3324.0660680956166
1.8892	1427.0348803021243	3326.5818335790073
1.8902	1427.8677100157677	3329.0980397209632
1.8912	1428.700877339481	3331.614686466941
1.8922	1429.5343823223818	3334.1317737624813
1.8932	1430.3682250136021	3336.649301553208
1.8942	1431.2024054622898	3339.1672697848285
1.8952	1432.0369237176071	3341.685678403133
1.8962	1432.871779828732	3344.204527353996
1.8972	1433.7069738448577	3346.7238165833733
1.8982	1434.5425058151923	3349.243546037306
1.8992	1435.378375788958	3351.763715661914
1.9002000000000001	1436.2145838153947	3354.284325403405
1.9012	1437.0511299437549	3356.8053752080655
1.9022000000000001	1437.8880142233074	3359.326865022266
1.9032	1438.7252367033357	3361.848794792458
1.9042000000000001	1439.5627974331383	3364.3711644651776
1.9052	1440.4006964620287	3366.8939739870393
1.9062000000000001	1441.2389338393364	3369.417223304744
1.9072	1442.0775096144039	3371.940912365069
1.9082000000000001	1442.9164238365904	3374.4650411148787
1.9092	1443.7556765552695	3376.989609501115
1.9102000000000001	1444.5952678198296	3379.5146174708043
1.9112	1445.4351976796743	3382.040064971052
1.9122000000000001	1446.2754661842218	3384.565951949046
1.9132	1447.1160733829056	3387.092278352054
1.9142000000000001	1447.9570193251739	3389.619044127427
1.9152	1448.7983040604893	3392.1462492225937
1.9162000000000001	1449.6399276383304	3394.6738935850667
1.9172	1450.4818901081892	3397.2019771624364
1.9182000000000001	1451.3241915195742	3399.7304999023763
1.9192	1452.1668319220068	3402.259461752637
1.9202	1453.0098113650254	3404.7888626610534
1.9212	1453.85309133652	3407.318702575538
1.9222	1454.696517619347	3409.848981424019
1.9232	1455.5400901627625	3412.3796990542646
1.9242	1456.3838089160654	3414.9108553141727
1.9252	1457.2276738285996	3417.4424500517753
1.9262	1458.0716848497516	3419.974483115232
1.9272	1458.9158419289538	3422.5069543528384
1.9282	1459.7601450156803	3425.039863613018
1.9292	1460.60459405945	3427.573210744327
1.9302	1461.4491890098245	3430.106995595451
1.9312	1462.2939298164104	3432.641218015208
1.9322	1463.1388164288558	3435.175877852544
1.9332	1463.9838487968539	3437.7109749565393
1.9342	1464.8290268701408	3440.2465091764
1.9352	1465.6743505984957	3442.782480361465
1.9362	1466.5198199317413	3445.3188883612006
1.9372	1467.365434819743	3447.855733025206
1.9382	1468.2111952124096	3450.3930142032063
1.9392	1469.0571010596939	3452.9307317450584
1.9402	1469.9031523115896	3455.4688855007457
1.9412	1470.7493489181359	3458.0074753203844
1.9422	1471.5956908294124	3460.5465010542143
1.9432	1472.442177995544	3463.0859625526086
1.9442	1473.2888103666965	3465.6258596660655
1.9452	1474.1355878930788	3468.1661922452126
1.9462	1474.9825105249429	3470.706960140805
1.9472	1475.8295782125836	3473.2481632037275
1.9482	1476.6767909063374	3475.7898012849887
1.9492	1477.5241485565841	3478.3318742357287
1.9502	1478.3716511137452	3480.8743819072124
1.9512	1479.2192985282857	3483.4173241508333
1.9522	1480.067090750711	3485.9607008181097
1.9532	1480.9150277315712	3488.50451176069
1.9542	1481.7631094214562	3491.0487568303456
1.9552	1482.611335771	3493.5934358789773
1.9562	1483.459706730877	3496.1385487586085
1.9572	1484.3082222518055	3498.6840953213937
1.9582	1485.1568822845438	3501.2300754196085
1.9592	1486.0056867798937	3503.776488905658
1.9602	1486.8546356886977	3506.32333563207
1.9612	1487.7037289618409	3508.8706154515
1.9622	1488.5529665502495	3511.4183282167255
1.9632	1489.4023484048919	3513.966473780653
1.9642	1490.251874476778	3516.5150519963113
1.9652	1491.1015447169596	3519.0640627168555
1.9662	1491.9513590765284	3521.6135057955626
1.9672	1492.80131750662	3524.1633810858375
1.9682	1493.6514199584094	3526.7136884412057
1.9692	1494.5016663831143	3529.2644277153204
1.9702	1495.3520567319924	3531.8155987619552
1.9712	1496.2025909563442	3534.367201435011
1.9722	1497.05326900751	3536.919235588508
1.9732	1497.9040908368718	3539.4717010765935
1.9742	1498.7550563958525	3542.0245977535355
1.9752	1499.6061656359163	3544.5779254737267
1.9762	1500.457418508568	3547.1316840916816
1.9772	1501.3088149653536	3549.6858734620387
1.9782	1502.16035495786	3552.240493439557
1.9792	1503.012038437714	3554.79554387912
1.9802	1503.8638653565845	3557.351024635731
1.9812	1504.7158356661803	3559.9069355645183
1.9822	1505.5679493182504	3562.463276520729
1.9832	1506.4202062645857	3565.0200473597347
1.9842	1507.2726064570163	3567.577247937026
1.9852	1508.1251498474135	3570.134878108218
1.9862	1508.9778363876885	3572.692937729043
1.9872	1509.8306660297937	3575.251426655358
1.9882	1510.6836387257204	3577.8103447431386
1.9892	1511.536754427502	3580.369691848483
1.9902	1512.39001308721	3582.9294678276074
1.9912	1513.2434146569583	3585.4896725368517
1.9922	1514.0969590888985	3588.050305832672
1.9932	1514.9506463352243	3590.611367571649
1.9942	1515.804476348168	3593.1728576104797
1.9952	1516.6584490800024	3595.734775805983
1.9962	1517.51256448304	3598.297122015096
1.9972	1518.3668225096337	3600.859896094877
1.9982	1519.2212231121748	3603.423097902501
1.9992	1520.075766243096	3605.9867272952647
2.0002	1520.9304518548684	3608.5507841305816
2.0012	1521.785279900003	3611.1152682659854
2.0022	1522.6402503310512	3613.6801795591305
2.0032	1523.4953631006024	3616.2455178677837
2.0042	1524.3506181612863	3618.8112830498358
2.0052	1525.2060154657725	3621.3774749632935
2.0062	1526.0615549667689	3623.9440934662834
2.0072	1526.917236617023	3626.511138417046
2.0082	1527.773060369322	3629.0786096739425
2.0092	1528.6290261764918	3631.6465070954523
2.0102	1529.485133991398	3634.214830540171
2.0112	1530.341383766944	3636.7835798668093
2.0122	1531.197775456074	3639.352754934199
2.0132	1532.0543090117699	3641.9223556012857
2.0142	1532.9109843870528	3644.492381727135
2.0152	1533.7678015349827	3647.062833170925
2.0162	1534.6247604086586	3649.6337097919527
2.0172	1535.4818609612182	3652.205011449632
2.0182	1536.3391031458384	3654.7767380034925
2.0192	1537.1964869157334	3657.348889313178
2.0202	1538.0540122241573	3659.9214652384494
2.0212	1538.9116790244022	3662.494465639184
2.0222	1539.7694872697994	3665.0678903753756
2.0232	1540.627436913717	3667.6417393071292
2.0242	1541.4855279095636	3670.216012294669
2.0252	1542.3437602107847	3672.790709198332
2.0262000000000002	1543.2021337708652	3675.3658298785735
2.0272	1544.060648543327	3677.941374195959
2.0282	1544.919304481731	3680.5173420111705
2.0292	1545.7781015396758	3683.093733185006
2.0302000000000002	1546.6370396707996	3685.6705475783774
2.0312	1547.4961188287766	3688.2477850523082
2.0322	1548.35533896732	3690.8254454679386
2.0332	1549.214700040181	3693.4035286865214
2.0342000000000002	1550.074202001149	3695.982034569425
2.0352	1550.93384480405	3698.5609629781284
2.0362	1551.7936284027492	3701.1403137742263
2.0372	1552.653552751149	3703.7200868194254
2.0382000000000002	1553.5136178031898	3706.300281975548
2.0392	1554.3738235128487	3708.880899104525
2.0402	1555.2341698341418	3711.461938068404
2.0412	1556.0946567211217	3714.0433987293436
2.0422000000000002	1556.9552841278794	3716.6252809496164
2.0432	1557.8160520085419	3719.2075845916042
2.0442	1558.6769603172752	3721.7903095178044
2.0452	1559.5380090082822	3724.3734555908254
2.0462000000000002	1560.3991980358032	3726.957022673388
2.0472	1561.2605273541146	3729.5410106283225
2.0482	1562.1219969175318	3732.1254193185737
2.0492	1562.9836066804062	3734.710248607197