4.00000001e-15	6.302945748716805e-26	4.351707029680875e-12
4.73000011e-15	6.302945614818121e-25	4.385181901361303e-12
4.7599999e-15	6.302945614818122e-24	4.407498337424682e-12
4.91000012e-15	6.302945960723054e-23	4.546975920553448e-12
6.99000006e-15	7.551104552555234e-22	6.471769917429146e-12
9.89999996e-15	8.736777248382057e-21	9.149743617496096e-12
2.71999999e-14	1.0609016168266013e-19	2.5161794911850037e-11
1.27e-13	3.632001829948672e-18	1.1827716915866996e-10
6.93000019e-13	1.185672907833073e-16	6.415978632001786e-10
6.29500011e-12	6.08078550546753e-15	5.824592948002679e-9
1.58099991e-11	3.1003124302611025e-14	1.4628431042178087e-8
3.97200016e-11	1.517072015175184e-13	3.6749608457933496e-8
9.97599989e-11	7.182883240348137e-13	9.22785101539835e-8
2.50600013e-10	3.286319950903816e-12	2.318678910957376e-7
6.29399977e-10	1.4465520754295918e-11	5.824592479357286e-7
1.581e-9	6.08770373800491e-11	1.4628431488507032e-6
3.97200006e-9	2.44063831733988e-10	3.6755189243472444e-6
4.99999997e-9	3.281968243695604e-10	4.626757397902255e-6
9.97599958e-9	8.955255713010489e-10	9.233429602767239e-6
1.98999999e-8	2.3919883842892214e-9	0.000018422227181432718
3.97199997e-8	6.278062742691364e-9	0.00003676076869002455
7.9240003e-8	1.6250836532024102e-8	0.00007336532325373801
1.58099994e-7	4.16625735326936e-8	0.00014639588819459942
1.98999999e-7	5.453023833965633e-8	0.00018433386074536936
3.15499989e-7	1.0165922706985048e-7	0.00029217806962731534
4.99999999e-7	1.8903147176969427e-7	0.00046312206427136807
6.29400006e-7	2.5767685114929705e-7	0.0005830171702744923
7.92399987e-7	3.1427137022985945e-7	0.0007342111002008481
9.97599955e-7	4.2810757754965417e-7	0.000924458816112475
1.58099999e-6	7.937960432939077e-7	0.0014650748047310871
2.5060001e-6	1.4703190805623745e-6	0.002323142055344789
3.97199983e-6	2.7221601762999334e-6	0.003682771814327159
4.99999987e-6	3.533363099754519e-6	0.0046373577214907395
6.29399983e-6	4.806516235215354e-6	0.005835750937290783
7.92399987e-6	6.540169783530463e-6	0.007353269471100201
9.976e-6	8.892769939745593e-6	0.00925574675295693
0.00001256	0.000012094398348582906	0.011660343673287213
0.0000158099992	0.000015620397121178308	0.014678642936844455
0.0000199000006	0.00002124302644498996	0.018483597411292123
0.0000250600006	0.000028880830841330063	0.02327605434054899
0.0000315500001	0.00003712564126311091	0.02931265286766347
0.0000397199983	0.00005047980272260657	0.03691698437848694
0.0000499999987	0.0000686465036822138	0.046485161459495654
0.000062940002	0.00009329613847355502	0.058524884735550106
0.0000792400024	0.00012686900357063158	0.07375585817897791
0.00009976	0.00016207320464182103	0.09283642021870118
0.000110499997	0.00018047310421780854	0.10287881834411962
0.000125599996	0.00020531130997545192	0.1169381856728409
0.000158099996	0.0002791452756081232	0.14728854831510826
0.000199000002	0.0003629546942646731	0.18550547199285877
0.0002	0.0003652221626504233	0.1864462707257967
0.0012000000000000001	0.0013087123297136729	1.1277314456735463
0.0022	0.0024464107909377046	2.0689460723115425
0.0032	0.003834138158553995	3.01074051735494
0.0042	0.005432998611980342	3.9530085763711003
0.0052	0.007204748479297192	4.895677131653118
0.0062	0.00913021907107402	5.838700193432477
0.0072	0.011195606306660897	6.782043954492657
0.0082	0.013390742314792314	7.7256823818861875
0.009200000000000002	0.015707963923905676	8.669594740035306
0.0102	0.018138537766876375	9.613761412477249
0.0112	0.02062484106483688	10.558061815054453
0.0122	0.023220643556466886	11.50258434455509
0.013200000000000002	0.025922811507107305	12.44731975336745
0.0142	0.028728927063288688	13.392259960105132
0.0152	0.03163708526321766	14.337397853192266
0.0162	0.03464576904159539	15.282727132832866
0.0172	0.03775365468489665	16.22824218443641
0.0182	0.04095957308936719	17.173937970213757
0.0192	0.044262857003068964	18.119809942157364
0.0202	0.0476629670335632	19.065853991779026
0.0212	0.051159562450198356	20.012066391027027
0.022199999999999998	0.05475241546350275	20.958443747794632
0.0232	0.05844139691986898	21.904982965563665
0.0242	0.06222648224794293	22.851681209390392
0.0252	0.06610772687743069	23.79853587777093
0.0262	0.07008517064373634	24.74554457802747
0.0272	0.07415884778186387	25.692705101790835
0.0282	0.07832895648065606	26.640015404393232
0.0292	0.08259571941399417	27.58747359329344
0.030199999999999998	0.08695938422221515	28.535077913272755
0.0312	0.09142020647254741	29.482826733618687
0.0322	0.09597850455951411	30.430718536386177
0.0332	0.10063461473942968	31.37875190784503
0.0342	0.10538887580249766	32.32692552959898
0.0352	0.1102416457168849	33.27523817029093
0.0362	0.11519331608437784	34.22368867872169
0.0372	0.12024426492136221	35.172275978141435
0.0382	0.12539488922927416	36.120999059874165
0.0392	0.13064562736748403	37.06985697846164
0.0402	0.13599691057313745	38.018848847885316
0.0412	0.14144918578584204	38.967973836950705
0.0422	0.14700295471205646	39.91723116566759
0.0432	0.15265869067855142	40.866620102917764
0.044199999999999996	0.1584169012949639	41.81613996239696
0.0452	0.1642781456716068	42.76579010034483
0.0462	0.1702429782185182	43.71556991386568
0.0472	0.1763119606386255	44.66547883817199
0.0482	0.18248568524191544	45.61551634431334
0.0492	0.18876478689567616	46.56568193758322
0.0502	0.1951500188984194	47.51597515628088
0.0512	0.20164197184362462	48.46639557213096
0.0522	0.2082415007845954	49.41694278510548
0.0532	0.21494932715814538	50.36761642689768
0.0542	0.22176613805266177	51.318416156616884
0.0552	0.22869263540145865	52.269341658624576
0.0562	0.23572933389177989	53.22039264146463
0.0572	0.2428775142348941	54.17156883316023
0.0582	0.25013823493150306	55.12286999366033
0.0592	0.25751281946252397	56.07429590932388
0.0602	0.26500148912191795	57.02584639614406
0.0612	0.2726041484885612	57.97752127992844
0.0622	0.2803218709873453	58.929320390593446
0.0632	0.28815804814423523	59.881243580640856
0.06420000000000001	0.29611345672379075	60.83329076100574
0.06520000000000001	0.30418591976492704	61.78546185763526
0.06620000000000001	0.3123757755780725	62.737756765380134
0.06720000000000001	0.3206906644383101	63.69017538682628
0.06820000000000001	0.3291231798802772	64.64271774202206
0.06920000000000001	0.3376811374076277	65.5953837410727
0.07020000000000001	0.3463633222160899	66.54817340999146
0.07120000000000001	0.35516937722198766	67.50108675681606
0.07220000000000001	0.3641045223132677	68.45412378392687
0.0732	0.3731603588098588	69.40728456670662
0.0742	0.38235254946410624	70.3605690627864
0.0752	0.39168271643677527	71.31397744224002
0.0762	0.40113059861468325	72.26750989341645
0.0772	0.4107223625166038	73.22116633203731
0.0782	0.42046302351127607	74.17494701565184
0.0792	0.4303535220952826	75.12885225950129
0.08020000000000001	0.4396091854111481	76.08288238271652
0.08120000000000001	0.44586099788780503	77.03702800936466
0.08220000000000001	0.45273160841807886	77.99125062829584
0.08320000000000001	0.4622759728915207	78.9455567696455
0.08420000000000001	0.4738976207750475	79.89997757115387
0.08520000000000001	0.4857281792308717	80.85453639540444
0.08620000000000001	0.49776966043515963	81.80923407440632
0.08720000000000001	0.510047537670754	82.76407144420796
0.0882	0.5226274885348625	83.71904961136117
0.0892	0.5353921097923489	84.67417040751945
0.0902	0.5483327426668203	85.62943430384371
0.0912	0.5614085575023646	86.58484166674836
0.0922	0.5747064484639327	87.54039240332027
0.0932	0.5882283386210275	88.49608736715483
0.0942	0.6019742430354071	89.45192741419517
0.0952	0.6159433254494421	90.4079133824197
0.09620000000000001	0.6301406093672377	91.36404608329855
0.09720000000000001	0.644544843467113	92.32032636360962
0.09820000000000001	0.6590626616648868	93.27675483644929
0.09920000000000001	0.6737709848157212	94.23333114821327
0.10020000000000001	0.6887727609674924	95.19005572735328
0.10120000000000001	0.7041468963788363	96.14693002122443
0.10220000000000001	0.7198554079958801	97.10395623026781
0.10320000000000001	0.7358142312209517	98.06113614148286
0.10420000000000001	0.7520255842674832	99.01847069100229
0.1052	0.7684916709439537	99.97596081827923
0.1062	0.7852146824603022	100.93360746585556
0.1072	0.8021967973545042	101.891411579156
0.1082	0.8194401814247865	102.84937410628922
0.1092	0.8369469876671948	103.80749599785565
0.1102	0.8547193562182462	104.76577820676182
0.11120000000000001	0.8727594143023918	105.7242216880409
0.11220000000000001	0.8910692761840489	106.68282739867907
0.11320000000000001	0.9096510431239836	107.64159629744796
0.11420000000000001	0.9285068033397907	108.60052934474234
0.11520000000000001	0.9476386319702812	109.55962750242328
0.11620000000000001	0.9670485910435582	110.51889173366646
0.11720000000000001	0.9867387294486101	111.47832300281536
0.11820000000000001	1.0067110829102104	112.43792227523925
0.11920000000000001	1.0269676739669669	113.39769051719578
0.1202	1.047510511952379	114.35762869569805
0.1212	1.0683415929786533	115.3177377783858
0.1222	1.0894628999232656	116.27801873340088
0.1232	1.1108764024179885	117.23847252926659
0.1242	1.1325840568403458	118.1991001347708
0.1252	1.1545878063073907	119.159902518853
0.1262	1.1768895806714614	120.12088065049458
0.1272	1.1994912965181186	121.08203549861284
0.1282	1.2223948571659333	122.04336803195811
0.1292	1.2456021526680816	123.00487921901427
0.1302	1.2691150598156522	123.96657002790216
0.1312	1.2929354421425647	124.92844142628611
0.1322	1.3170651452992488	125.89049438128339
0.1332	1.3415059787617456	126.85272985934147
0.1342	1.3662597415742195	127.81514882598154
0.13520000000000001	1.3913282949362848	128.7777522457404
0.13620000000000002	1.4167134554868979	129.7405410826532
0.13720000000000002	1.44241700232208	130.70351629993735
0.13820000000000002	1.4684407064798266	131.66667885973627
0.13920000000000002	1.494786325810269	132.63002972308473
0.14020000000000002	1.521455604991199	133.5935698498377
0.14120000000000002	1.5484502755444198	134.5573001986019
0.14220000000000002	1.5757720558529928	135.52122172666893
0.14320000000000002	1.6034226511792493	136.48533538995076
0.14420000000000002	1.6314037536835582	137.44964214291696
0.1452	1.65971704244373	138.41414293853381
0.1462	1.6883641834751066	139.3788387282054
0.1472	1.7173468297514247	140.34373046171612
0.1482	1.7466666212258872	141.30881908717518
0.1492	1.7763251848530655	142.27410555096273
0.1502	1.8063241346111854	143.23959079767735
0.1512	1.8366650715249075	144.20527577008545
0.1522	1.8673494274393294	145.17116140907171
0.1532	1.898377778638981	146.13724865257012
0.1542	1.92975048110773	147.1035384300391
0.1552	1.9614706357566565	148.070031661168
0.1562	1.993541223135533	149.03672927377133
0.1572	2.025963245182224	150.00363220288298
0.1582	2.058738254782065	150.9707413780097
0.1592	2.091867752455731	151.93805772672346
0.1602	2.1253532268616318	152.90558217436882
0.1612	2.1594995027256445	153.8733156440305
0.1622	2.1955140482930973	154.84126092901982
0.1632	2.2333687639212023	155.8094282420948
0.1642	2.27306489622904	156.77782749845255
0.1652	2.314603743265608	157.7464685001101
0.16620000000000001	2.357986653759168	158.71536093827123
0.16720000000000002	2.403215026386106	159.68451439563165
0.16820000000000002	2.450290309058723	160.65393834862468
0.16920000000000002	2.4992139982313546	161.62364216960935
0.17020000000000002	2.5499876382242745	162.59363512900268
0.17120000000000002	2.6026128205648345	163.56392639735768
0.17220000000000002	2.657091183345329	164.53452504738925
0.17320000000000002	2.7134244105970686	165.505440055949
0.17420000000000002	2.7716142316802044	166.47668030595113
0.17520000000000002	2.831662420688801	167.44825458825025
0.1762	2.893570795870758	168.4201716034733
0.1772	2.9573412190620894	169.3924399638063
0.1782	3.022975595135186	170.36506819473772
0.1792	3.0904758714606446	171.33806473675952
0.1802	3.159844037382253	172.3114379470273
0.1812	3.2310821237047986	173.28519610098067
0.1822	3.3041922021942893	174.25934739392508
0.1832	3.3791763850902656	175.233899942576
0.1842	3.4560368246298454	176.20886178656676
0.1852	3.5347757125832016	177.18424088992143
0.1862	3.615395279800117	178.16004514249275
0.1872	3.6978977957673402	179.13628236136725
0.1882	3.7822855681764365	180.1129602922378
0.1892	3.868560942501832	181.09008661074458
0.1902	3.956726301588806	182.06766892378565
0.1912	4.0467840652511375	183.04571477079773
0.1922	4.138736689878137	184.02423162500799
0.1932	4.232586668050863	185.00322689465793
0.1942	4.328336528167207	185.9827079241997
0.1952	4.425988834075683	186.96268199546608
0.1962	4.525546184717639	187.9431563288145
0.19720000000000001	4.627011213777686	188.92413808424573
0.19820000000000002	4.730386589342167	189.90563436249855
0.19920000000000002	4.835675013565396	190.88765220612018
0.20020000000000002	4.942879222343506	191.87019860051376
0.20120000000000002	5.052001984995704	192.85328047496313
0.20220000000000002	5.163046103952757	193.83690470363584
0.20320000000000002	5.27601441445248	194.82107810656464
0.20420000000000002	5.390909784242116	195.8058074506082
0.20520000000000002	5.507735113287367	196.7910994503914
0.20620000000000002	5.626493333487977	197.77696076922624
0.20720000000000002	5.747187408399648	198.76339802001306
0.20820000000000002	5.86982033296216	199.75041776612335
0.2092	5.994395133233541	200.7380265222641
0.2102	6.120914866130147	201.7262307553246
0.2112	6.24938261917247	202.71503688520548
0.2122	6.379801510236584	203.70445128563122
0.2132	6.512174687311079	204.69448028494602
0.2142	6.646505328259314	205.68513016689357
0.2152	6.782796640586943	206.67640717138127
0.2162	6.9210518612144725	207.668317495229
0.2172	7.061274256254874	208.66086729290308
0.2182	7.20346712079599	209.65406267723574
0.2192	7.347633778687732	210.6479097201303
0.2202	7.493777582333908	211.6424144532525
0.2212	7.6419019124885645	212.63758286870856
0.2222	7.792010178056765	213.63342091970958
0.2232	7.9441058158997215	214.62993452122367
0.2242	8.098192290644095	215.62712955061508
0.2252	8.254273094495472	216.62501184827119
0.2262	8.412351747055876	217.62358721821772
0.2272	8.572431795145205	218.62286142872196
0.22820000000000001	8.73451681262654	219.62284021288482
0.22920000000000001	8.898610400235233	220.6235292692216
0.23020000000000002	9.06471618541167	221.62493426223193
0.23120000000000002	9.232837822137668	222.6270608229592
0.23220000000000002	9.402978990776365	223.62991454953934
0.23320000000000002	9.575143397915587	224.63350100773962
0.23420000000000002	9.749334776214612	225.63782573148765
0.23520000000000002	9.925556884254185	226.64289422339044
0.23620000000000002	10.103813506389805	227.64871195524407
0.23720000000000002	10.2841084526082	228.65528436853432
0.23820000000000002	10.466445558386814	229.66261687492792
0.23920000000000002	10.650828684556448	230.67071485675527
0.2402	10.837261717166731	231.67958366748417
0.2412	11.025748567354636	232.68922863218555
0.2422	11.216293171215733	233.69965504799052
0.2432	11.408899489678271	234.71086818453946
0.2442	11.60357150838	235.72287328442337
0.2452	11.80031323754764	236.7356755636173
0.2462	11.999128711878996	237.7492802119063
0.2472	12.200021990427599	238.76369239330393
0.2482	12.402997156489898	239.77891724646358
0.2492	12.608058317494894	240.79495988508265
0.2502	12.815209604896165	241.8118253982998
0.2512	13.024455174066322	242.8295188510855
0.2522	13.235799204193711	243.84804528462598
0.2532	13.44924589818141	244.8674097167003
0.2542	13.664799482548464	245.88761714205162
0.2552	13.882464207333305	246.9086725327519
0.2562	14.10224434599929	247.9305808385605
0.2572	14.324144195342337	248.95334698727694
0.2582	14.548168075400666	249.97697588508782
0.2592	14.774320329366475	251.00147241690783
0.2602	15.002605323499687	252.0268414467154
0.2612	15.233027447043584	253.0530878178827
0.2622	15.465591112142334	254.08021635350028
0.2632	15.700300753760429	255.10823185669648
0.2642	15.937160829603949	256.13713911095175
0.2652	16.176175820043603	257.16694288040776
0.2662	16.41735022803952	258.19764791017155
0.2672	16.66068857906785	259.22925892661505
0.2682	16.906195421049	260.2617806376697
0.2692	17.153875324277546	261.29521773311626
0.2702	17.403732881353765	262.3295748848702
0.2712	17.655772707116924	263.3648567472631
0.2722	17.90999943857987	264.4010679573183
0.2732	18.166417734865487	265.43821313502383
0.2742	18.425032277144396	266.47629688360007
0.2752	18.685847768574398	267.51532378976384
0.2762	18.94886893424119	268.55529842398795
0.2772	19.214100521100633	269.59622534075714
0.2782	19.481547297922447	270.6381090788202
0.2792	19.751214055235216	271.6809541614378
0.2802	20.02310560527281	272.7247650966268
0.2812	20.297226781922216	273.7695463774013
0.2822	20.57358244067259	274.8153024820094
0.2832	20.85217745856565	275.8620378741666
0.2842	21.1330167341474	276.9097570032865
0.2852	21.41610518742097	277.95846430470647
0.2862	21.701447759800864	279.0081641999118
0.2872	21.989049414068326	280.0588610967553
0.2882	22.278915134327892	281.1105593896743
0.28919999999999996	22.571049925965113	282.1632634599038
0.29019999999999996	22.86545881560554	283.2169776756879
0.29119999999999996	23.16214685107471	284.27170639248635
0.29219999999999996	23.46111910135929	285.32745395317977
0.29319999999999996	23.762380656569352	286.3842246882707
0.29419999999999996	24.065936627901735	287.44202291608275
0.29519999999999996	24.37179214760438	288.50085294295604
0.29619999999999996	24.67995236894185	289.5607190634407
0.29719999999999996	24.990422466161775	290.6216255604869
0.29819999999999997	25.303207634462275	291.68357670563273
0.29919999999999997	25.618313089960576	292.7465767591893
0.30019999999999997	25.935744069662377	293.810629970423
0.30119999999999997	26.255505831432302	294.87574057773577
0.30219999999999997	26.577603653965333	295.94191280884235
0.30319999999999997	26.902042836759055	297.0091508809453
0.30419999999999997	27.228828700086943	298.0774590009077
0.30519999999999997	27.557966584972537	299.1468413654236
0.30619999999999997	27.88946185316438	300.2173021611854
0.3072	28.223319887112098	301.2888455650502
0.3082	28.559546089943048	302.3614757442029
0.3092	28.898145885440005	303.43519685631725
0.3102	29.239124718019696	304.5100130497154
0.3112	29.582488052712055	305.5859284635245
0.3122	29.928241375140352	306.66294722783175
0.3132	30.276390191502184	307.74107346383715
0.3142	30.6269400285511	308.82031128400433
0.3152	30.979896433579192	309.9006647922094
0.3162	31.335264974400353	310.98213808388795
0.3172	31.69305123933423	312.06473524617974
0.3182	32.053260837191125	313.14846035807216
0.3192	32.415899397257455	314.23331749054137
0.3202	32.780972569281936	315.3193107066915
0.3212	33.14848602346263	316.40644406189267
0.3222	33.51844545043459	317.49472160391673
0.3232	33.890856561258154	318.5841473730713
0.3242	34.26572508740808	319.6747254023325
0.3252	34.643056780763196	320.7664597174757
0.3262	35.022857413596824	321.85935433720454
0.3272	35.405132778567875	322.9534132732787
0.3282	35.78988868871241	324.04864053063966
0.3292	36.17713097743612	325.14504010753524
0.3302	36.5668654985072	326.24261599564244
0.3312	36.95909812605003	327.341372180189
0.3322	37.35383475453927	328.4413126400728
0.3332	37.751081298794816	329.54244134798085
0.3342	38.15084369397705	330.64476227050585
0.3352	38.55312789558301	331.748279368262
0.3362	38.95793987944285	332.85299659599895
0.3372	39.36528564171711	333.958917902715
0.3382	39.775171198894334	335.066047231768
0.3392	40.187602587789506	336.17438852098604
0.3402	40.602585865542764	337.283945702776
0.3412	41.02012710961892	338.3947227042312
0.3422	41.440232417807266	339.5067234472374
0.3432	41.8629079082222	340.61995184857835
0.3442	42.288159719304076	341.73441182003927
0.3452	42.7159940098208	342.8501072685094
0.3462	43.14641695886993	343.9670420960839
0.3472	43.57943476588104	345.0852202001634
0.3482	44.015053650618924	346.20464547355374
0.3492	44.45327985318708	347.32532180456377
0.3502	44.89411963403173	348.4472530771022
0.3512	45.33757927394635	349.5704431707732
0.35219999999999996	45.78366507407662	350.69489596097145
0.35319999999999996	46.23238335592604	351.82061531897574
0.35419999999999996	46.68374046136159	352.94760511204106
0.35519999999999996	47.13774275262042	354.075869203491
0.35619999999999996	47.59439661231649	355.2054114528075
0.35719999999999996	48.053708443447974	356.336235715721
0.35819999999999996	48.51568466940498	357.4683458442987
0.35919999999999996	48.980331733977785	358.6017456870324
0.36019999999999996	49.447656101365354	359.7364390889248
0.36119999999999997	49.9176642561845	360.87242989157545
0.36219999999999997	50.39036270347938	362.0097219332658
0.36319999999999997	50.86575796873134	363.1483190490425
0.36419999999999997	51.34385659786918	364.2882250708009
0.36519999999999997	51.824665157280116	365.4294438273668
0.36619999999999997	52.30819023382071	366.57197914457805
0.36719999999999997	52.79443843482847	367.71583484536444
0.36819999999999997	53.283416388133865	368.8610147498277
0.3692	53.77513074207269	370.00752267532
0.3702	54.26958816549865	371.15536243652167
0.3712	54.76679534779666	372.30453784551867
0.3722	55.26675899889626	373.45505271187847
0.3732	55.76948584928552	374.6069108427258
0.3742	56.274982650025336	375.76011604281734
0.3752	56.78325617276405	376.91467211461554
0.3762	57.29431320975242	378.07058285836195
0.3772	57.80816057385906	379.22785207214974
0.3782	58.32480509858615	380.38648355199535
0.3792	58.84425363808541	381.54648109190947
0.3802	59.36651306717479	382.70784848396767
0.3812	59.891590281355015	383.8705895183796
0.3822	60.41949219682688	385.0347079835582
0.3832	60.95022575050866	386.20020766618785
0.3842	61.483797900054	387.3670923512922
0.3852	62.02021562387003	388.5353658223007
0.3862	62.55948592113589	389.70503186111534
0.3872	63.10161581182152	390.8760942481759
0.3882	63.64661233670689	392.0485567625252
0.3892	64.19448255740139	393.2224231818735
0.3902	64.74523355636373	394.39769728266225
0.3912	65.29887243692205	395.57438284012727
0.3922	65.85540632329432	396.75248362836135
0.3932	66.41484236060906	397.93200342037613
0.3942	66.97718771492657	399.11294598816386
0.3952	67.5424495732602	400.295315102758
0.3962	68.11063514359793	401.4791145342935
0.3972	68.68175165492455	402.6643480520666
0.3982	69.25580635724391	403.85101942459414
0.3992	69.83280652160143	405.03913241967206
0.4002	70.41275944010694	406.22869080443354
0.4012	70.99567242595806	407.4196983454068
0.4022	71.58155281346345	408.61215880857185
0.4032	72.17040795806668	409.80607595941734
0.4042	72.7622452363703	411.00145356299663
0.4052	73.3570720461601	412.1982953839831
0.4062	73.95489580642966	413.3966051867256
0.4072	74.55572395740543	414.59638673530276
0.4082	75.15956396057175	415.7976437935773
0.4092	75.76642329869625	417.00038012524965
0.4102	76.37630947585578	418.2045994939112
0.4112	76.98923001746215	419.41030566309684
0.4122	77.60519247028857	420.61750239633756
0.4132	78.22420440249607	421.82619345721207
0.4142	78.84627340366029	423.03638260939823
0.4152	79.47140708479864	424.24807361672424
0.4162	80.09961307839751	425.461270243219
0.41719999999999996	80.73089903843984	426.6759762531623
0.41819999999999996	81.36527264043308	427.8921954111345
0.41919999999999996	82.0027415814371	429.1099314820659
0.42019999999999996	82.64331358009271	430.3291882312858
0.42119999999999996	83.28699637665008	431.5499694245706
0.42219999999999996	83.93379773299775	432.7722788281922
0.42319999999999997	84.5837254326916	433.9961202089658
0.42419999999999997	85.23678728098433	435.22149733429717
0.42519999999999997	85.89299110485493	436.4484139722295
0.42619999999999997	86.55234475303857	437.6768738914901
0.42719999999999997	87.21485609605664	438.90688086153665
0.42819999999999997	87.88053302624712	440.138438652603
0.42919999999999997	88.54938345779517	441.37155103574486
0.43019999999999997	89.22141532676379	442.60622178288463
0.43119999999999997	89.89663659112503	443.8424546668566
0.4322	90.57505523079111	445.0802534614511
0.4332	91.25667924764606	446.31962194145876
0.4342	91.94151666557731	447.56056388271423
0.4352	92.62957553050782	448.8030830621399
0.4362	93.32086391042816	450.0471832577886
0.4372	94.01538989542897	451.2928682488869
0.4382	94.71316159773369	452.54014181587723
0.4392	95.41418715173124	453.7890077404601
0.4402	96.11847471400941	455.03946980563614
0.4412	96.82603246338802	456.29153179574774
0.4422	97.53686860095237	457.54519749651996
0.4432	98.25099135008735	458.8004706951019
0.4442	98.96840895651103	460.05735518010704
0.4452	99.68912968830915	461.31585474165377
0.4462	100.41316183596952	462.5759731714057
0.4472	101.14051371241659	463.8377142626111
0.4482	101.87119365304623	465.1010818101426
0.4492	102.60521001576106	466.3660796105366
0.4502	103.34257118100557	467.6327114620321
0.4512	104.08328555180158	468.90098116460933
0.4522	104.82736155378413	470.1708925200286
0.4532	105.57480763523719	471.4424493318679
0.4542	106.32563226713	472.71565540556145
0.4552	107.07984394315326	473.990514548437
0.4562	107.83745117975579	475.26703056975344
0.4572	108.5984625161812	476.54520728073794
0.4582	109.36288651450486	477.82504849462276
0.4592	110.13073175967115	479.10655802668225
0.4602	110.90200685953076	480.38973969426905
0.4612	111.67672044487821	481.6745973168503
0.4622	112.45488116948975	482.96113471604383
0.4632	113.23649771016132	484.24935571565396
0.4642	114.02157876674659	485.53926414170667
0.4652	114.81013306219546	486.8308638224853
0.4662	115.60216934259262	488.1241585885654
0.4672	116.39769637719633	489.41915227284983
0.4682	117.1967229584773	490.7158487106031
0.4692	117.99925790215796	492.0142517394861
0.4702	118.8053100472518	493.31436519959027
0.4712	119.61488825610282	494.61619293347144
0.4722	120.42800141442547	495.9197387861839
0.4732	121.24465843134449	497.22500660531404
0.4742	122.06486823943494	498.53200024101335
0.4752	122.88863979476275	499.8407235460322
0.4762	123.71598207692504	501.15118037575246
0.4772	124.54690408909104	502.46337458822063
0.4782	125.38141485804266	503.7773100441801
0.4792	126.21952343421604	505.09299060710424
0.48019999999999996	127.06123889174229	506.4104201432278
0.48119999999999996	127.90657032848955	507.72960252157986
0.48219999999999996	128.7555268661041	509.0505416140153
0.48319999999999996	129.60811765005258	510.37324129524643
0.48419999999999996	130.46435184966373	511.69770544287485
0.48519999999999996	131.32423865817086	513.0239379374226
0.48619999999999997	132.18778729275408	514.3519426623635
0.48719999999999997	133.05500699458295	515.6817235041542
0.48819999999999997	133.92590702885937	517.013284352265
0.48919999999999997	134.80049668486012	518.3466290992104
0.49019999999999997	135.67878527598046	519.68176164058
0.49119999999999997	136.56078213977727	521.0186858750686
0.49219999999999997	137.44649663801243	522.3574057045065
0.49319999999999997	138.33593815669676	523.6979250338896
0.4942	139.2291161061335	525.0402477714093
0.4952	140.12603992096282	526.3843778284822
0.4962	141.02671906020558	527.7303191197798
0.4972	141.9311630073082	529.0780755632578
0.4982	142.83938127018675	530.4276510801857
0.4992	143.75138338127212	531.7790495951756
0.5002	144.6671788975548	533.1322750362116
0.5012	145.58677740062984	534.4873313346782
0.5022	146.51018849674244	535.8442224253896
0.5032	147.4374218168332	537.2029522466178
0.5042	148.3684870165838	538.5635247401212
0.5052	149.3033937764631	539.9259438511735
0.5062	150.24215180177262	541.2902135285908
0.5072	151.18477082269322	542.6563377247605
0.5082	152.1312605943311	544.024320395669
0.5092	153.08163089676458	545.3941655009293
0.5102	154.03589153509057	546.765877003809
0.5112	154.99405233947172	548.139458871258
0.5122	155.9561231651831	549.514915073935
0.5132	156.92211389265978	550.8922495862357
0.5142	157.8920344275442	552.2714663863201
0.5152	158.8658947007333	553.6525694561385
0.5162	159.84370466842688	555.0355627814596
0.5172	160.82547431217506	556.4204503518966
0.5182	161.8112136389266	557.8072361609344
0.5192	162.80093268107703	559.1959242059556
0.5202	163.79464149651727	560.5865184882679
0.5212	164.79235016868185	561.9790230131292
0.5222	165.79406880659826	563.3734417897753
0.5232	166.79980754493528	564.7697788314448
0.5242	167.8095765440526	566.1680381554062
0.5252	168.82338599004973	567.568223782983
0.5262	169.84124609481574	568.9703397395799
0.5272	170.86316709607863	570.3743900547088
0.5282	171.8891592574554	571.780378762014
0.5292	172.9192328685017	573.188309899298
0.5302	173.9533982447623	574.5981875085469
0.5312	174.99166572782113	576.0100156359555
0.5322	176.03404568535188	577.4237983319531
0.5332	177.08054851116853	578.839539651228
0.5342	178.13118462527638	580.2572436527532
0.5352	179.18596447392284	581.6769143998109
0.5362	180.24489852964845	583.0985559600174
0.5372	181.3079972913387	584.5221724053483
0.5382	182.37527128427476	585.9477678121625
0.5392	183.44673106018593	587.3753462612277
0.5402	184.52238719730084	588.8049118377442
0.5412	185.60225030039976	590.2364686313695
0.5422	186.6863310008666	591.6700207362428
0.5432	187.77463995674134	593.1055722510094
0.5442	188.86718785277236	594.5431272788445
0.5452	189.96398540046923	595.9826899274773
0.5462	191.0650433381556	597.4242643092157
0.5472	192.17037243102203	598.8678545409696
0.5482	193.27998347117904	600.3134647442746
0.5492	194.39388727771075	601.7610990453165
0.5502	195.5120946967281	603.2107615749546
0.5512	196.6346166014226	604.6624564687452
0.5522	197.76146389212022	606.1161878669654
0.5532	198.89264749633517	607.5719599146367
0.5542	200.0281783688243	609.0297767615483
0.5552	201.16806749164107	610.4896425622799
0.5562	202.3123258741906	611.9515614762261
0.5572	203.46096455328362	613.4155376676185
0.5582	204.61399459319168	614.8815753055497
0.5592	205.7714270857023	616.349678563996
0.5602	206.93327315017368	617.81985162184
0.5612	208.09954393359033	619.2920986628944
0.5622	209.2702506106182	620.7664238759241
0.5632	210.44540438366096	622.2428314546697
0.5642	211.62501648291496	623.7213255978694
0.5652	212.80909816642585	625.2019105092825
0.5662	213.99766072014455	626.6845903977115
0.5672	215.19071545798332	628.1693694770252
0.5682	216.38827372187268	629.6562519661805
0.5692	217.59034688181734	631.1452420892452
0.5702	218.79694633595392	632.6363440754208
0.5712	220.00808351060704	634.1295621590638
0.5722	221.22376986034695	635.624900579709
0.5732	222.44401686804687	637.1223635820913
0.5742	223.66883604493987	638.6219554161676
0.5752	224.89823893067728	640.1236803371394
0.5762	226.13223709338584	641.6275426054744
0.5771999999999999	227.37084212972596	643.1335464869289
0.5781999999999999	228.61406566495006	644.6416962525699
0.5791999999999999	229.8619193529603	646.151996178796
0.5801999999999999	231.11441487636722	647.6644505473602
0.5811999999999999	232.37156394654863	649.1790636453914
0.5821999999999999	233.63337830370813	650.6958397654162
0.5831999999999999	234.89986971693406	652.2147832053804
0.5841999999999999	236.17104998425893	653.7358982686712
0.5851999999999999	237.4469309327182	655.2591892641381
0.5861999999999999	238.7275244184099	656.7846605061145
0.5871999999999999	240.01284232655445	658.31231631444
0.5882	241.30289657155433	659.842161014481
0.5892	242.5976990970538	661.3741989371526
0.5902	243.89726187599922	662.9084344189399
0.5912	245.2015969106993	664.4448718019191
0.5922	246.5107162328856	665.9835154337793
0.5932	247.82463190377285	667.524369667843
0.5942	249.14335601411997	669.0674388630879
0.5952	250.46690068429095	670.612727384168
0.5962	251.79527806431585	672.1602396014346
0.5972	253.1285003339523	673.7099798909574
0.5982	254.4665797027466	675.2619526345454
0.5992	255.8095284100957	676.8161622197686
0.6002	257.1573587253084	678.3726130399776
0.6012	258.51008294766814	679.9313094943263
0.6022	259.8677134064942	681.4922559877916
0.6032	261.23026246120435	683.0554569311943
0.6042	262.5977425013775	684.6209167412204
0.6052	263.97016594681605	686.188639840442
0.6062	265.3475452476084	687.7586306573371
0.6072	266.7298928841926	689.3308936263118
0.6082	268.1172213674186	690.9054331877194
0.6092	269.50954323861225	692.4822537878824
0.6102	270.9063814011468	694.0613598791126
0.6112	272.30558402509934	695.64275511831
0.6122	273.7063376907255	697.2264396291318
0.6132	275.1086399600475	698.8124122057142
0.6142	276.51248839613356	700.4006716421502
0.6152	277.91788056309963	701.9912167324921
0.6162	279.324814026111	703.5840462707533
0.6172	280.73328635138455	705.17915905091
0.6182	282.1432951061898	706.7765538669031
0.6192	283.55483785885076	708.3762295126402
0.6202	284.9679121787481	709.9781847819976
0.6212	286.3825156363203	711.5824184688219
0.6222	287.79864580306514	713.1889293669315
0.6232	289.21630025154235	714.7977162701195
0.6242	290.6354765553739	716.4087779721546
0.6252	292.0561722892467	718.0221132667831
0.6262	293.4783850289138	719.6377209477309
0.6272	294.9021123511961	721.2555998087055
0.6282	296.3273518339836	722.875748643397
0.6292	297.7541010562375	724.4981662454807
0.6302	299.1823575979916	726.1228514086185
0.6312	300.6121190403536	727.7498029264609
0.6322	302.043382965507	729.3790195926483
0.6332	303.4761469567125	731.0105002008132
0.6342	304.9104085983096	732.6442435445817
0.6352	306.34616547571795	734.2802484175754
0.6362	307.78341517543925	735.9185136134131
0.6372	309.22215528505814	737.5590379257121
0.6382	310.6623833932445	739.2018201480906
0.6392	312.10409708975413	740.846859074169
0.6402	313.5472939654307	742.4941534975712
0.6412	314.9919716122073	744.1437022119275
0.6422	316.4381276231075	745.7955040108748
0.6432	317.885759592247	747.4495576880593
0.6442	319.33486511483534	749.1058620371377
0.6452	320.7854417871766	750.764415851779
0.6462	322.23748720667174	752.425217925666
0.6472	323.6909989718194	754.088267052497
0.6482	325.14597468221746	755.7535620259879
0.6492	326.6024119385643	757.4211016398727
0.6502	328.0603083426604	759.0908846879063
0.6512	329.51966149740974	760.7629099638652
0.6522	330.9804690068208	762.4371762615498
0.6532	332.4427284760084	764.1136823747854
0.6542	333.90643751119484	765.7924270974243
0.6552	335.3715937197108	767.4734092233467
0.6562	336.8381947099974	769.1566275464631
0.6572	338.3062380916074	770.8420808607153
0.6582	339.77572147520567	772.5297679600778
0.6592	341.2466424725717	774.21968763856
0.6602	342.71899869660007	775.9118386902071
0.6612	344.19278776130193	777.606219909102
0.6622	345.6680072818063	779.3028300893665
0.6632	347.1446548743617	781.0016680251633
0.6642	348.62272815633656	782.7027325106969
0.6652	350.1022247462214	784.4060223402156
0.6662	351.58314226362955	786.1115363080128
0.6672	353.0654783292982	787.8192732084282
0.6682	354.5492305650902	789.5292318358498
0.6692	356.0343965939949	791.2414109847151
0.6702	357.52097404012943	792.9558094495126
0.6712	359.0089605287399	794.672426024783
0.6722	360.4983536862026	796.3912595051212
0.6732	361.9891511400252	798.1123086851773
0.6742	363.481350518848	799.8355723596579
0.6752	364.9749494524448	801.5610493233282
0.6762	366.4699455717243	803.2887383710128
0.6772	367.9663365087314	805.0186382975971
0.6782	369.46411989664807	806.7507478980294
0.6792	370.9632933697945	808.4850659673215
0.6802	372.4638545636304	810.2215913005505
0.6812	373.96580111475595	811.96032269286
0.6822	375.46913066091304	813.7012589394618
0.6832	376.97384084098627	815.4443988356369
0.6842	378.47992929500435	817.1897411767371
0.6852	379.98739366414054	818.9372847581863
0.6862	381.4962315907143	820.6870283754815
0.6872	383.00644071819227	822.4389708241952
0.6882	384.51801869118935	824.1931108999755
0.6892	386.0309631554693	825.949447398548
0.6902	387.5452717579466	827.7079791157175
0.6912	389.0609421466868	829.4687048473685
0.6922	390.57797197090787	831.231623389467
0.6932	392.0963588809813	832.996733538062
0.6942	393.61610052843275	834.7640340892863
0.6952	395.13719456594373	836.5335238393583
0.6962	396.6596386473518	838.305201584583
0.6972	398.18343042765207	840.079066121353
0.6982	399.7085675629983	841.8551162461507
0.6992	401.23504771070344	843.6333507555486
0.7002	402.762868529241	845.4137684462112
0.7012	404.292027678246	847.1963681148959
0.7022	405.82252281851527	848.9811485584543
0.7032	407.3543516120098	850.7681085738337
0.7041999999999999	408.88751172185397	852.557246958078
0.7051999999999999	410.42200081233835	854.3485625083299
0.7061999999999999	411.95781654891886	856.1420540218303
0.7071999999999999	413.4949565982188	857.9377202959212
0.7081999999999999	415.0334186280295	859.7355601280461
0.7091999999999999	416.57320030731137	861.5355723157518
0.7101999999999999	418.1142993061943	863.3377556566886
0.7111999999999999	419.65671329597944	865.1421089486129
0.7121999999999999	421.20043994913914	866.9486309893871
0.7132	422.7454769393187	868.7573205769818
0.7142	424.2918219413364	870.5681765094761
0.7152	425.8394726311854	872.3811975850596
0.7162	427.3884266860337	874.196382602033
0.7172	428.9386817842254	876.0137303588098
0.7182	430.4902356052817	877.8332396539167
0.7192	432.0430858299015	879.6549092859956
0.7202	433.59723013996216	881.4787380538041
0.7212	435.1526662185209	883.3047247562173
0.7222	436.709391749815	885.1328681922283
0.7232	438.26740441926285	886.9631671609496
0.7242	439.82670191346494	888.7956204616145
0.7252	441.38728192020454	890.6302268935776
0.7262	442.94914212844856	892.4669852563169
0.7272	444.51228022834823	894.3058943494339
0.7282	446.07669391123994	896.1469529726552
0.7292	447.64238086964644	897.990159925834
0.7302	449.2093387972768	899.83551400895
0.7312	450.7775653890281	901.6830140221122
0.7322	452.3470583409854	903.5326587655584
0.7332	453.91781535042327	905.3844470396572
0.7342	455.4898341158059	907.2383776449091
0.7352	457.0631123367882	909.0944493819469
0.7362	458.63764771421654	910.9526610515375
0.7372	460.2134379501294	912.8130114545826
0.7382	461.79048074775824	914.6754993921201
0.7392	463.36877381152823	916.5401236653247
0.7402	464.9483148470586	918.4068830755091
0.7412	466.52910156116405	920.2757764241255
0.7422	468.1111316618547	922.1468025127659
0.7432	469.69440285833764	924.0199601431639
0.7442	471.2789128610169	925.8952481171949
0.7452	472.8646593814945	927.772665236878
0.7462	474.45164013257136	929.6522103043767
0.7472	476.03985282824726	931.5338821219996
0.7482	477.6292951837225	933.4176794922018
0.7492	479.2199649153977	935.3036012175859
0.7502	480.81185974087515	937.1916461009026
0.7512	482.404977378959	939.0818129450525
0.7522	483.9993155496563	940.9741005530864
0.7532	485.59487197417724	942.8685077282062
0.7542	487.19164437493635	944.7650332737669
0.7552	488.7896304755525	946.6636759932762
0.7562	490.38882800085025	948.564434690397
0.7572	491.98923467685995	950.4673081689467
0.7582	493.59084823081855	952.3722952328998
0.7592	495.1936663911704	954.2793946863876
0.7602	496.7976868875674	956.1886053337
0.7612	498.40290745087026	958.0999259792861
0.7622	500.0093258131486	960.0133554277552
0.7632	501.6169397076819	961.9288924838778
0.7642	503.2257468689599	963.8465359525866
0.7652	504.8357450326831	965.766284638977
0.7662	506.4469319357638	967.688137348309
0.7672	508.05930531632623	969.6120928860074
0.7682	509.6728629137072	971.5381500576625
0.7692	511.28760246845695	973.4663076690317
0.7702	512.9035217223396	975.3965645260404
0.7712	514.5206184183336	977.3289194347822
0.7722	516.1388903006324	979.2633712015205
0.7732	517.758335114645	981.1999186326894
0.7742	519.3789506069966	983.1385605348942
0.7752	521.0007345255287	985.0792957149125
0.7762	522.6236846193004	987.0221229796953
0.7772	524.2477986385885	988.9670411363675
0.7782	525.8730743348877	990.9140489922293
0.7792	527.4995094609121	992.8631453547565
0.7802	529.1271017705945	994.8143290316019
0.7812	530.7554893806646	996.7675988305962
0.7822	532.3825732035872	998.7229530998522
0.7832	534.0057145994176	1000.6803875085269
0.7842	535.6248951560158	1002.6398943669292
0.7852	537.2400965249194	1004.601465981501
0.7862	538.8513004214677	1006.5650946549123
0.7872	540.4584886249233	1008.5307726861579
0.7882	542.0616429785923	1010.4984923706512
0.7892	543.660745389943	1012.46824600032
0.7902	545.2557778307228	1014.4400258637011
0.7912	546.8467223370727	1016.4138242460336
0.7922	548.4335610096423	1018.3896334293541
0.7932	550.0162760137006	1020.3674456925892
0.7942	551.594849579247	1022.3472533116491
0.7952	553.16926400112	1024.3290485595207
0.7962	554.7395016391042	1026.31282370636
0.7972	556.3055449180356	1028.2985710195837
0.7982	557.8673763279068	1030.2862827639628
0.7992	559.4249784239674	1032.2759512017124
0.8002	560.978333826827	1034.2675685925835
0.8012	562.5274252225521	1036.2611271939543
0.8022	564.072235362766	1038.2566192609208
0.8032	565.6127470647434	1040.2540370463867
0.8042	567.1489432115051	1042.2533728011526
0.8052	568.6808067519111	1044.2546187740077
0.8062	570.2083207007526	1046.257767211817
0.8072	571.7314681388408	1048.2628103596112
0.8082	573.2502322130963	1050.2697404606754
0.8092	574.7645961366349	1052.2785497566365
0.8102	576.2745431888535	1054.2892304875525
0.8112	577.7800567155133	1056.3017748919983
0.8122	579.2811201288232	1058.3161752071558
0.8132	580.7777169075185	1060.332423668897
0.8142	582.2698305969428	1062.350512511875
0.8152	583.757444809123	1064.3704339696062
0.8162	585.240543222847	1066.392180274559
0.8172	586.7191095837388	1068.4157436582386
0.8182	588.1931277043304	1070.441116351272
0.8192	589.6625814641351	1072.4682905834939
0.8202	591.1274548097166	1074.4972585840303
0.8212	592.5877317547584	1076.5280125813836
0.8222	594.0433963801311	1078.5605448035158
0.8232	595.4944328339586	1080.5948474779334
0.8242	596.9408253316825	1082.63091283177
0.8252	598.3825581561242	1084.6687330918687
0.8262	599.8196156575485	1086.7083004848666
0.8272	601.2519822537222	1088.749607237275
0.8282	602.6796424299733	1090.7926455755637
0.8292	604.1025807392485	1092.8374077262404
0.8302	605.5207818021695	1094.8838859159343
0.8312	606.9342303070865	1096.9320723714757
0.8322	608.3429110101326	1098.9819593199772
0.8331999999999999	609.7468087352747	1101.0335389889144
0.8341999999999999	611.1459083743646	1103.0868036062059
0.8351999999999999	612.5401948871871	1105.1417454002924
0.8361999999999999	613.9296533015083	1107.1983566002173
0.8371999999999999	615.3142687131215	1109.2566294357046
0.8382	616.6940262858925	1111.3165561372389
0.8392	618.0689112518029	1113.3781289361434
0.8402	619.4389089109923	1115.4413400646579
0.8412	620.8040046317985	1117.5061817560165
0.8422	622.1641838507986	1119.5726462445261
0.8432	623.5194320728453	1121.640725765642
0.8442	624.8697348711054	1123.7104125560463
0.8452	626.2150778870937	1125.781698853724
0.8462	627.5554468307087	1127.8545768980384
0.8472	628.8908274802643	1129.9290389298085
0.8482	630.2212056825223	1132.005077191383
0.8492	631.5465673527223	1134.0826839267174
0.8502	632.8668984746103	1136.1618513814476
0.8512	634.1821851004669	1138.2425718029644
0.8522	635.4924133511335	1140.3248374404886
0.8532	636.7975694160381	1142.4086405451455
0.8542	638.0976395532176	1144.4939733700369
0.8552	639.3926100893424	1146.580828170316
0.8562	640.6824674197361	1148.6691972032595
0.8572	641.9671980083964	1150.759072728341
0.8582	643.2467883880138	1152.850447007303
0.8592	644.5212251599893	1154.9433123042297
0.8602	645.7904949944505	1157.0376608856175
0.8612	647.0545846302672	1159.1334850204476
0.8622	648.3134808750646	1161.230776980257
0.8632	649.5671706052367	1163.3295290392086
0.8642	650.8156407659574	1165.4297334741627
0.8652	652.058878371191	1167.5313825647472
0.8662	653.296870503701	1169.6344685934266
0.8672	654.5296043150584	1171.7389838455722
0.8682	655.7570670256474	1173.8449206095315
0.8692	656.9792459246726	1175.9522711766972
0.8702	658.1961283701614	1178.061027841575
0.8712	659.4077017889687	1180.171182901853
0.8722	660.613953676778	1182.2827286584698
0.8732	661.8148715981026	1184.3956574156812
0.8742	663.0104431862851	1186.5099614811286
0.8752	664.2006561434962	1188.6256331659056
0.8762	665.3854982407312	1190.742664784625
0.8772	666.5649573178074	1192.8610486554858
0.8782	667.7390212833584	1194.9807771003375
0.8792	668.9076781148283	1197.1018424447484
0.8802	670.0709158584649	1199.2242370180702
0.8812	671.2287226293106	1201.3479531535027
0.8822	672.3810866111936	1203.472983188159
0.8832	673.5279960567176	1205.5993194631317
0.8842	674.6694392872495	1207.7269543235548
0.8852	675.8054046929072	1209.8558801186691
0.8862	676.9358807325459	1211.9860892018862
0.8872	678.060855933743	1214.1175739308512
0.8882	679.1803188927821	1216.2503266675067
0.8892	680.2942582746363	1218.384339778154
0.8902	681.4026628129496	1220.519605633518
0.8912	682.5055213100187	1222.6561166088077
0.8922	683.6028226367713	1224.7938650837782
0.8932	684.6945557327466	1226.9328434427937
0.8942	685.7807096060716	1229.0730440748866
0.8952	686.8612733334385	1231.2144593738215
0.8962	687.9362360600801	1233.3570817381526
0.8972	689.0055869997443	1235.500903571287
0.8982	690.0693154346683	1237.6459172815432
0.8992	691.12741071555	1239.7921152822116
0.9002	692.1798622615206	1241.9394899916138
0.9012	693.2266595601149	1244.0880338331615
0.9022	694.26779216724	1246.2377392354165
0.9032	695.3032497071456	1248.3885986321484
0.9042	696.3330218723895	1250.5406044623933
0.9052	697.3570984238057	1252.6937491705119
0.9062	698.3754691904692	1254.8480252062473
0.9072	699.3881240696611	1257.0034250247827
0.9082	700.3950530268314	1259.1599410867975
0.9092	701.3962460955631	1261.317565858526
0.9102	702.3916933775325	1263.4762918118126
0.9112	703.3813850424705	1265.6361114241683
0.9122	704.3653113281227	1267.7970171788277
0.9132	705.3434625402078	1269.959001564803
0.9142	706.3158290523761	1272.1220570769415
0.9152	707.2824013061658	1274.2861762159791
0.9162	708.2431698109592	1276.4513514885962
0.9172	709.198125143939	1278.617575407472
0.9182	710.1472579500406	1280.7848404913382
0.9192	711.0905589419069	1282.9531392650338
0.9202	712.0280188998402	1285.1224642595585
0.9212	712.9596286717536	1287.292808012126
0.9222	713.8853791731224	1289.464163066218
0.9232	714.8052613869323	1291.6365219716356
0.9242	715.7192663636298	1293.809877284553
0.9252	716.6273852210691	1295.98422156757
0.9262	717.52960914446	1298.159547389763
0.9272	718.4259293863134	1300.3358473267372
0.9282	719.3163372663873	1302.5131139606785
0.9292	720.2008241716306	1304.691339880404
0.9302	721.0793815561276	1306.8705176814137
0.9312	721.9520009410396	1309.05063996594
0.9322	722.8186739145483	1311.2316993429993
0.9332	723.6793921317956	1313.413688428441
0.9342	724.5341473148245	1315.5965998449976
0.9352	725.3829312525188	1317.780426222335
0.9362	726.2257358005412	1319.965160197101
0.9372	727.0625528812711	1322.1507944129737
0.9382	727.8933744837419	1324.3373215207112
0.9392	728.718192663577	1326.5247341781994
0.9402	729.5369995429256	1328.7130250505008
0.9412	730.3497873103962	1330.9021868099017
0.9422	731.1565482209917	1333.0922121359597
0.9432	731.9572745960412	1335.2830937155518
0.9442	732.7519588231334	1337.4748242429207
0.9452	733.5405933560467	1339.6673964197216
0.9462	734.3231707146808	1341.8608029550696
0.9472	735.0996834849869	1344.0550365655847
0.9482	735.8701243188951	1346.250089975438
0.9492	736.634485934245	1348.4459559163988
0.9502	737.3927611147116	1350.6426271278779
0.9512	738.1449427097326	1352.840096356974
0.9522	738.8916976387148	1355.0383563585192
0.9532	739.6360313013683	1357.2374006023667
0.9542	740.379203391711	1359.4372257253458
0.9552	741.1212122110392	1361.6378296917705
0.9562	741.8620560654438	1363.8392104684383
0.9572	742.6017332658025	1366.0413660246281
0.9582	743.3402421277731	1368.2442943320975
0.9592	744.0775809717851	1370.447993365079
0.9601999999999999	744.8137481230336	1372.652461100278
0.9611999999999999	745.5487419114712	1374.857695516871
0.9621999999999999	746.2825606718006	1377.0636945965011
0.9632	747.0152027434676	1379.2704563232758
0.9642	747.7466664706538	1381.4779786837644
0.9652	748.4769502022694	1383.6862596669962
0.9662	749.2060522919452	1385.8952972644554
0.9672	749.9339710980264	1388.1050894700813
0.9682	750.6607049835646	1390.3156342802629
0.9692	751.3862523163108	1392.5269296938377
0.9702	752.110611468708	1394.7389737120889
0.9712	752.8337808178844	1396.951764338742
0.9722	753.5557587456457	1399.1652995799623
0.9732	754.2765436384676	1401.379577444353
0.9742	754.9961338874899	1403.5945959429512
0.9752	755.7145278885079	1405.8103530892258
0.9762	756.4317240419658	1408.0268468990755
0.9772	757.1477207529499	1410.2440753908245
0.9782	757.8625164311806	1412.462036585221
0.9792	758.5761094910058	1414.680728505435
0.9802	759.288498351394	1416.9001491770532
0.9812	759.9996814359264	1419.1202966280794
0.9822	760.7096571727906	1421.3411688889298
0.9832	761.4184239947726	1423.5627639924305
0.9842	762.1259803392509	1425.7850799738158
0.9852	762.8323246481879	1428.0081148707245
0.9862	763.5374553681243	1430.2318667231978
0.9872	764.2413709501707	1432.4563335736761
0.9882	764.9440698500018	1434.6815134669976
0.9892	765.6455505278486	1436.9074044503939
0.9902	766.3458114484913	1439.1340045734887
0.9912	767.0448510812525	1441.3613118882943
0.9922	767.7426678999902	1443.5893244492092
0.9932	768.4392603830909	1445.8180403130161
0.9942	769.1346270134619	1448.0474575388785
0.9952	769.8287662785254	1450.2775741883377
0.9962	770.5216766702107	1452.5083883253114
0.9972	771.2133566849473	1454.7398980160906
0.9982	771.9038048236583	1456.972101329336
0.9992	772.5930195917534	1459.2049963360769
1.0002	773.2809994991215	1461.4385811097075
1.0012	773.9677430601245	1463.6728537259849
1.0022	774.653248793589	1465.9078122630249
1.0032	775.3375152228015	1468.143454801303
1.0042	776.0205408754994	1470.3797794236473
1.0052	776.7023242838656	1472.61678421524
1.0062	777.3828639845206	1474.854467263611
1.0072	778.0621585185163	1477.0928266586393
1.0082	778.7402064313289	1479.3318604925462
1.0092	779.417006272852	1481.5715668598964
1.0102	780.0925565973894	1483.811943857593
1.0112	780.7668559636493	1486.0529895848765
1.0122	781.4399029347359	1488.2947021433201
1.0132	782.1116960781445	1490.5370796368306
1.0142	782.7822339657529	1492.7801201716418
1.0152	783.4515151738157	1495.0238218563152
1.0162	784.1195382829568	1497.2681828017348
1.0172	784.7863018781635	1499.5132011211076
1.0182	785.4518045487787	1501.7588749299575
1.0192	786.116044888495	1504.005202346126
1.0202	786.7790214953471	1506.2521814897666
1.0212	787.4407329717063	1508.499810483346
1.0222	788.1011779242721	1510.748087451637
1.0232	788.7603549640671	1512.997010521721
1.0242	789.4182627064288	1515.2465778229798
1.0252	790.0748997710042	1517.4967874870983
1.0262	790.7302647817426	1519.74763764806
1.0272	791.3843563668881	1521.9991264421417
1.0282	792.0371731589746	1524.2512520079167
1.0292	792.6887137948173	1526.5040124862467
1.0302	793.3389769155075	1528.7574060202828
1.0312	793.9879611664048	1531.011430755461
1.0322	794.6356651971316	1533.2660848395024
1.0332	795.2820876615655	1535.5213664224063
1.0342	795.9272272178332	1537.7772736564527
1.0352	796.5710825283032	1540.0338046961947
1.0362	797.2136522595808	1542.2909576984616
1.0372	797.8549350824992	1544.5487308223508
1.0382	798.4949296721147	1546.8071222292301
1.0392	799.1336347076996	1549.0661300827312
1.0402	799.7710488727352	1551.3257525487506
1.0412	800.4071708549056	1553.5859877954442
1.0422	801.0419993460919	1555.846833993228
1.0432	801.6755330423636	1558.1082893147723
1.0442	802.3077706439742	1560.3703519350015
1.0452	802.9387108553536	1562.6330200310904
1.0462	803.5683523851019	1564.896291782463
1.0472	804.1966939459824	1567.1601653707887
1.0482	804.8237342549157	1569.424638979981
1.0492	805.4494720329731	1571.6897107961934
1.0502	806.0739060053697	1573.9553790078194
1.0512	806.6970349014584	1576.2216418054873
1.0522	807.3188574547233	1578.4884973820606
1.0532	807.9393724027728	1580.7559439326324
1.0542	808.5585784873342	1583.0239796545266
1.0552	809.1764744542456	1585.2926027472915
1.0562	809.7930590534515	1587.5618114127014
1.0572	810.4083310389946	1589.8316038547498
1.0582	811.0222891690103	1592.1019782796518
1.0592	811.6349322057201	1594.372932895837
1.0602	812.2462589154255	1596.6444659139513
1.0612	812.8562680685009	1598.9165755468505
1.0622	813.4649584393877	1601.1892600096014
1.0632	814.0723288065882	1603.4625175194765
1.0642	814.6783779526585	1605.7363462959547
1.0652	815.2831046642025	1608.010744560715
1.0662	815.886507731866	1610.2857105376381
1.0672	816.4885859503296	1612.5612424528006
1.0682	817.089338118303	1614.8373385344755
1.0692	817.688763038518	1617.1139970131271
1.0702	818.2868595177231	1619.3912161214112
1.0712	818.883626366676	1621.66899409417
1.0722	819.4790624001389	1623.947329168433
1.0732	820.0731664368706	1626.226219583411
1.0742	820.665937299621	1628.5056635804967
1.0752	821.257373815125	1630.7856594032603
1.0762	821.8474748140959	1633.0662052974492
1.0772	822.4362391312192	1635.3472995109826
1.0782	823.0236656051464	1637.6289402939526
1.0792	823.6097530784887	1639.9111258986188
1.0802	824.1945003978111	1642.193854579409
1.0812	824.7779064136254	1644.4771245929128
1.0822	825.3599699803852	1646.7609341978841
1.0832	825.9406899564783	1649.0452816552342
1.0842	826.5200652042217	1651.3301652280334
1.0852	827.0980945898546	1653.6155831815042
1.0862	827.6747769835326	1655.9015337830244
1.0872	828.2501112593217	1658.1880153021195
1.0882	828.8240962951919	1660.4750260104647
1.0892	829.3967309730106	1662.7625641818781
1.0902	829.9680141785373	1665.050628092324
1.0912	830.537944801417	1667.3392160199046
1.0922	831.1065217351744	1669.6283262448626
1.0932	831.6737438772068	1671.9179570495749
1.0942	832.2396101287798	1674.2081067185545
1.0952	832.8041193950188	1676.4987735384432
1.0962	833.3672705849056	1678.7899557980145
1.0972	833.9290626112697	1681.0816517881665
1.0982	834.4894943907846	1683.3738598019238
1.0992	835.0485648439593	1685.6665781344311
1.1002	835.606272895135	1687.9598050829557
1.1012	836.1626174724762	1690.2535389468794
1.1022	836.7175975079668	1692.5477780277026
1.1032	837.2712119374033	1694.8425206290358
1.1042	837.8234597003885	1697.1377650566023
1.1052	838.3743397403256	1699.4335096182324
1.1062	838.9238510044127	1701.7297526238642
1.1072	839.4719924436359	1704.0264923855375
1.1082	840.0187630127648	1706.3237272173965
1.1092	840.5641616703443	1708.6214554356816
1.1102	841.1081873786908	1710.9196753587332
1.1112	841.6508391038847	1713.2183853069841
1.1122	842.1921158157653	1715.5175836029618
1.1132	842.7320164879244	1717.8172685712816
1.1142	843.2705400977009	1720.1174385386496
1.1152	843.8076856261736	1722.4180918338548
1.1162	844.3434520581571	1724.719226787772
1.1172	844.8778383821943	1727.0208417333556
1.1182	845.4108435905514	1729.3229350056406
1.1192	845.9424666792114	1731.6255049417366
1.1202	846.4727066478688	1733.9285498808301
1.1212	847.0015624999229	1736.2320681641775
1.1222	847.529033242473	1738.5360581351074
1.1232	848.0551178863116	1740.840518139014
1.1242	848.5798154459187	1743.145446523359
1.1252	849.1031249394564	1745.4508416376655
1.1262	849.6250453887627	1747.75670183352
1.1272	850.1455758193453	1750.0630254645653
1.1282	850.6647152603766	1752.3698108865028
1.1292	851.1824627446872	1754.677056457087
1.1302	851.6988173087606	1756.984760536126
1.1312	852.2137779927265	1759.2929214854757
1.1322	852.7273438403563	1761.6015376690423
1.1332	853.2395138990557	1763.9106074527751
1.1342	853.7502872198606	1766.2201292046689
1.1352	854.2596628574302	1768.5301012947577
1.1362	854.7676398700413	1770.8405220951165
1.1372	855.2742173195829	1773.151389979855
1.1382	855.7793942715507	1775.4627033251186
1.1392	856.2831697950402	1777.7744605090845
1.1402	856.7855429627422	1780.0866599119609
1.1412	857.2865128509364	1782.3992999159825
1.1422	857.7860785394861	1784.7123789054115
1.1432	858.2842391118318	1787.025895266532
1.1442	858.780993654986	1789.3398473876512
1.1452	859.2763412595274	1791.6542336590935
1.1462	859.7702810195955	1793.9690524732027
1.1472	860.262812032884	1796.2843022243353
1.1482	860.7539334006361	1798.5999813088624
1.1492	861.2436442276385	1800.916088125164
1.1502000000000001	861.7319436222153	1803.2326210736296
1.1512	862.218830696223	1805.5495785566538
1.1522000000000001	862.7043045650446	1807.8669589786373
1.1532	863.1883643475835	1810.18476074598
1.1542	863.6710091662587	1812.5029822670836
1.1552	864.1522381469987	1814.8216219523467
1.1562	864.6320504192354	1817.140678214163
1.1572	865.1104451158996	1819.4601494669207
1.1582	865.587421373414	1821.7800341269967
1.1592	866.0629783316897	1824.10033061276
1.1602	866.5371151341179	1826.421037344564
1.1612	867.0098309275666	1828.7421527447484
1.1622	867.4811248623736	1831.0636752376342
1.1632	867.9509960923416	1833.3856032495241
1.1642	868.4194437747327	1835.7079352086982
1.1652	868.8864670702624	1838.0306695454137
1.1662	869.3520651430943	1840.3538046919007
1.1672	869.8162371608345	1842.6773390823626
1.1682	870.2789822945261	1845.0012711529712
1.1692	870.7402997186442	1847.325599341868
1.1702	871.2001886110887	1849.6503220891573
1.1712	871.6586481531812	1851.9754378369098
1.1722	872.1156775296572	1854.3009450291554
1.1732	872.5712759286624	1856.626842111885
1.1742	873.025442541746	1858.953127533045
1.1752	873.4781765638559	1861.279799742539
1.1762	873.9294771933327	1863.6068571922206
1.1772	874.3793436319048	1865.9342983358974
1.1782	874.8277750846826	1868.2621216293237
1.1792	875.2747707601529	1870.5903255302019
1.1802	875.720329870174	1872.9189084981774
1.1812	876.1644516299697	1875.24786899484
1.1822	876.6071352581239	1877.577205483718
1.1832	877.0483799765759	1879.9069164302798
1.1842	877.4881850106138	1882.2370003019284
1.1852	877.9265495888702	1884.5674555680032
1.1862	878.3634729433161	1886.8982806997733
1.1872	878.7989543092557	1889.2294741704397
1.1882	879.2329929253212	1891.5610344551303
1.1892	879.6655880334673	1893.8929600308998
1.1902	880.0967388789653	1896.2252493767253
1.1912	880.5264447103989	1898.5579009735075
1.1922	880.9547047796577	1900.8909133040654
1.1932	881.3815183419324	1903.224284853137
1.1942	881.8068846557094	1905.558014107374
1.1952	882.2308029827655	1907.8920995553442
1.1962	882.653281751376	1910.2265396875243
1.1972	883.0747490344203	1912.561333003958
1.1982	883.4967728912991	1914.8964783645406
1.1992	883.9193535015542	1917.2319759399707
1.2002	884.3424910448102	1919.5678259008096
1.2012	884.7661857007761	1921.9040284174864
1.2022	885.1904376492439	1924.2405836602939
1.2032	885.6152470700895	1926.5774917993929
1.2042	886.0406141432721	1928.9147530048094
1.2052	886.4665390488346	1931.252367446438
1.2062	886.8930219669032	1933.5903352940388
1.2072	887.3200630776877	1935.9286567172421
1.2082	887.7476625614806	1938.267331885544
1.2092	888.1758205986586	1940.6063609683115
1.2102	888.6045373696808	1942.9457441347784
1.2112	889.0338130550904	1945.2854815540504
1.2122	889.463647835513	1947.6255733951004
1.2132	889.8940418916583	1949.9660198267745
1.2142	890.324995404318	1952.3068210177862
1.2152	890.7565085543678	1954.6479771367228
1.2162	891.188581522766	1956.9894883520403
1.2172	891.6212144905539	1959.3313548320696
1.2182	892.0544076388561	1961.6735767450107
1.2192	892.4881611488798	1964.0161542589385
1.2202	892.9224752019152	1966.3590875417988
1.2212	893.3573499793355	1968.7023767614128
1.2222	893.7927856625964	1971.0460220854734
1.2232	894.2287824332368	1973.390023681549
1.2242	894.665340472878	1975.7343817170813
1.2252	895.1024599632244	1978.0790963593884
1.2262	895.5401410860627	1980.424167775661
1.2272	895.9783840232625	1982.7695961329687
1.2282	896.4171889567757	1985.1153815982536
1.2292	896.8565560686372	1987.4615243383369
1.2302	897.2964855409642	1989.8080245199144
1.2312	897.7369775559563	1992.154882309561
1.2322	898.1780322958957	1994.5020978737261
1.2332	898.6196499431472	1996.8496713787404
1.2342	899.0618306801579	1999.1976029908094
1.2352	899.504574689457	2001.5458928760197
1.2362	899.9478821536561	2003.894541200335
1.2372	900.3917532554497	2006.2435481295993
1.2382	900.8361881776135	2008.592913829535
1.2392	901.2811871030066	2010.9426384657463
1.2402	901.7267502145693	2013.2927222037154
1.2412	902.1728776953247	2015.6431652088074
1.2422	902.6195697283777	2017.9939676462661
1.2432	903.0668264969155	2020.3451296812193
1.2442	903.514648184207	2022.6966514786734
1.2452	903.9630349736038	2025.04853320352
1.2462	904.4119870485389	2027.4007750205303
1.2472	904.8615045925275	2029.7533770943608
1.2482	905.3115877891664	2032.1063395895487
1.2492	905.7622368221352	2034.459662670517
1.2502	906.2134518751941	2036.8133465015703
1.2512	906.6652331321862	2039.1673912468991
1.2522	907.1175807770358	2041.521797070577
1.2532	907.5704949937492	2043.8765641365635
1.2542	908.0239759664145	2046.2316926087024
1.2552	908.4780238792013	2048.587182650724
1.2562	908.9326389163609	2050.9430344262432
1.2572	909.3878212622267	2053.2992480987627
1.2582	909.8435711012128	2055.6558238316693
1.2592	910.299888617816	2058.01276178824
1.2602	910.7567739966136	2060.370062131635
1.2612	911.2142274222651	2062.7277250249062
1.2622	911.6722490795114	2065.0857506309894
1.2632	912.1308391531746	2067.444139112712
1.2642	912.5899978281585	2069.8028906327872
1.2652	913.0497252894482	2072.1620053538195
1.2662	913.5100217221101	2074.5214834383
1.2672	913.970887311292	2076.8813250486114
1.2682	914.4323222422229	2079.2415303470243
1.2692	914.8943267002136	2081.6020994957025
1.2702	915.3569008706552	2083.963032656696
1.2712	915.8200449390209	2086.32432999195
1.2722	916.2837590908647	2088.6859916632975
1.2732	916.748043511822	2091.0480178324647
1.2742	917.2128983876087	2093.4104086610682
1.2752000000000001	917.6783239040228	2095.773164310619
1.2762	918.1443202469426	2098.1362849425172
1.2772000000000001	918.6108876023278	2100.499770718059
1.2782	919.078026156219	2102.8636217984313
1.2792000000000001	919.5457360947379	2105.227838344715
1.2802	920.0140176040868	2107.5924205178844
1.2812	920.4828708705496	2109.957368478809
1.2822	920.9522960804907	2112.3226823882515
1.2832	921.4222934203552	2114.6883624068687
1.2842	921.8928630766695	2117.054408695213
1.2852	922.3640052360405	2119.420821413733
1.2862	922.8357200851561	2121.7876007227705
1.2872	923.3080078107847	2124.154746782565
1.2882	923.780868599776	2126.5222597532515
1.2892	924.2543026390597	2128.8901397948607
1.2902	924.7283101156468	2131.2583870673225
1.2912	925.2028912166285	2133.62700173046
1.2922	925.678046129177	2135.995983943997
1.2932	926.1537750405449	2138.3653338675535
1.2942	926.6300781380656	2140.7350516606475
1.2952	927.1069556091529	2143.1051374826948
1.2962	927.5844076413013	2145.4755914930115
1.2972	928.0624344220852	2147.8464138508098
1.2982	928.5410361391603	2150.217604715204
1.2992	929.0202129802624	2152.5891642452048
1.3002	929.4999651332079	2154.9610925997263
1.3012	929.9802927858931	2157.3333899375784
1.3022	930.4611961262955	2159.706056417475
1.3032	930.942675342472	2162.079092198027
1.3042	931.4247306225608	2164.4524974377505
1.3052	931.9073621547795	2166.8262722950585
1.3062	932.3905701274268	2169.2004169282686
1.3072	932.8743547288813	2171.5749314955983
1.3082	933.3587161476017	2173.9498161551687
1.3092	933.8436545721269	2176.325071065001
1.3102	934.3291701910764	2178.7006963830213
1.3112	934.8152631931493	2181.076692267057
1.3122	935.3019337671255	2183.45305887484
1.3132	935.7891821018643	2185.8297963640034
1.3142	936.2770083863056	2188.2069048920876
1.3152	936.7654128094691	2190.584384616533
1.3162	937.2543955604548	2192.962235694689
1.3172	937.7439568284423	2195.340458283804
1.3182	938.2340968026917	2197.7190525410356
1.3192	938.7248156725427	2200.0980186234447
1.3202	939.2161136274151	2202.477356687998
1.3212	939.7079908568088	2204.857066891568
1.3222	940.2004475503032	2207.2371493909336
1.3232	940.6934838975579	2209.6176043427786
1.3242	941.1871000883121	2211.998431903694
1.3252	941.6812963123853	2214.379632230178
1.3262	942.1760727596761	2216.761205478635
1.3272	942.6714296201635	2219.143151805378
1.3282	943.1673670839064	2221.5254713666263
1.3292	943.6638853410424	2223.908164318507
1.3302	944.1609845817901	2226.291230817057
1.3312	944.6586649964472	2228.6746710182197
1.3322	945.156926775391	2231.058485077848
1.3332	945.6557701090787	2233.4426731517046
1.3342	946.155195188047	2235.82723539546
1.3352	946.655202202912	2238.2121719646934
1.3362	947.1557913443702	2240.5974830148966
1.3372	947.6569628031966	2242.9831687014685
1.3382	948.1587167702467	2245.3692291797206
1.3392	948.6610534364547	2247.755664604873
1.3402	949.1639729928352	2250.142475132058
1.3412	949.6674756304812	2252.5296609163165
1.3422	950.1715615405666	2254.917222112605
1.3432	950.6762309143431	2257.3051588757867
1.3442	951.1814839431433	2259.69347136064
1.3452	951.6873208183785	2262.082159721854
1.3462	952.1937417315391	2264.471224114031
1.3472	952.7007468741956	2266.8606646916837
1.3482	953.2083364379974	2269.2504816092405
1.3492	953.7165106146733	2271.64067502104
1.3502	954.2252695960317	2274.031245081337
1.3512	954.7346135739595	2276.4221919442975
1.3522	955.2445427404239	2278.813515764003
1.3532	955.7550572874705	2281.2052166944477
1.3542	956.2661574072249	2283.5972948895414
1.3552	956.777843291891	2285.9897505031067
1.3562	957.2901151337528	2288.3825836888836
1.3572	957.8029731251729	2290.775794600524
1.3582	958.3164174585934	2293.1693833915983
1.3592	958.830448326535	2295.56335021559
1.3602	959.3450659215981	2297.9576952259004
1.3612	959.860270436462	2300.352418575844
1.3622	960.3760620638851	2302.747520418655
1.3632	960.8924409967047	2305.1430009074816
1.3642	961.4094074278377	2307.5388601953905
1.3652	961.926961550279	2309.9350984353637
1.3662	962.4451035571034	2312.3317157803017
1.3672	962.9638336414644	2314.7287123830224
1.3682	963.4831519965945	2317.126088396261
1.3692	964.0030588158052	2319.5238439726704
1.3702	964.5235542924866	2321.9219792648228
1.3712	965.0446386201079	2324.320494425207
1.3722	965.5663119922178	2326.7193896062336
1.3732	966.088574602443	2329.118664960228
1.3742	966.6114266444896	2331.5183206394386
1.3752	967.1348683121422	2333.91835679603
1.3762	967.6588997992646	2336.3187735820893
1.3772	968.1835212997993	2338.719571149621
1.3782	968.7087330077673	2341.1207496505513
1.3792	969.2345351172686	2343.522309236725
1.3802	969.7609278224822	2345.9242500599107
1.3812	970.2879113176655	2348.3265722717933
1.3822	970.8154857971548	2350.729276023983
1.3832	971.3436514553649	2353.1323614680077
1.3842	971.8724084867898	2355.53582875532
1.3852	972.4017570860015	2357.9396780372904
1.3862	972.9316974476513	2360.343909465215
1.3872	973.4622297664688	2362.7485231903097
1.3882	973.9933542372623	2365.1535193637137
1.3892	974.5250710549186	2367.5588981364886
1.3902	975.0573804144033	2369.9646596596185
1.3912	975.5902825107605	2372.370804084011
1.3922	976.1237775391131	2374.7773315604977
1.3932	976.657865694662	2377.184242239831
1.3942	977.1925471726871	2379.59153627269
1.3952	977.7278221685466	2381.999213809676
1.3962	978.2636908776775	2384.407275001315
1.3972	978.8001534955949	2386.815719998057
1.3982	979.3372102178928	2389.2245489502775
1.3992	979.8748612402433	2391.633762008275
1.4002000000000001	980.4131067583971	2394.043359322275
1.4012	980.9519469681833	2396.453341042427
1.4022000000000001	981.4913820655096	2398.8637073188065
1.4032	982.0314122463616	2401.2744583014137
1.4042000000000001	982.572037706804	2403.6855941401773
1.4052	983.1132586429794	2406.097114984948
1.4062000000000001	983.6550752511088	2408.509020985506
1.4072	984.1974877274915	2410.9213122915567
1.4082	984.7404962685055	2413.333989052733
1.4092	985.2841010706068	2415.7470514185948
1.4102	985.8283023303295	2418.160499538627
1.4112	986.3731002442868	2420.574333562245
1.4122	986.9184950091689	2422.988553638789
1.4132	987.4644868217456	2425.4031599175296
1.4142	988.0110758788641	2427.818152547663
1.4152	988.5582623774501	2430.2335316783146
1.4162	989.1060465145075	2432.6492974585385
1.4172	989.6544284871185	2435.065450037318
1.4182	990.203408492443	2437.4819895635624
1.4192	990.7529867277201	2439.8989161861136
1.4202	991.3031633902658	2442.31623005374
1.4212	991.8539386774755	2444.733931315142
1.4222	992.4053127868217	2447.1520201189464
1.4232	992.9572859158557	2449.570496613713
1.4242	993.5098582622063	2451.989360947929
1.4252	994.0630300235813	2454.4086132700145
1.4262	994.6168013977657	2456.828253728317
1.4272	995.1711725826233	2459.248282471118
1.4282	995.7261437760951	2461.668699646626
1.4292	996.2817151762011	2464.0895054029847
1.4302	996.8378869810388	2466.510699888266
1.4312	997.3946593887837	2468.9322832504745
1.4322	997.9520325976894	2471.354255637546
1.4332	998.5100068060876	2473.7766171973485
1.4342	999.0685822123882	2476.199368077682
1.4352	999.6277590150785	2478.6225084262783
1.4362	1000.187537412724	2481.0460383908016
1.4372	1000.7479176039687	2483.4699581188506
1.4382	1001.3088997875336	2485.894267757953
1.4392	1001.8704841622183	2488.3189674555733
1.4402	1002.4326709269002	2490.7440573591075
1.4412	1002.9954602805343	2493.169537615885
1.4422	1003.5588524221538	2495.595408373169
1.4432	1004.12284755087	2498.021669778157
1.4442	1004.6874458658714	2500.448321977979
1.4452	1005.2526475664248	2502.8753651197007
1.4462	1005.8184528518749	2505.3027993503215
1.4472	1006.3848619216442	2507.730624816776
1.4482	1006.9518749752327	2510.158841665932
1.4492	1007.5194922122189	2512.5874500445943
1.4502	1008.0877138322583	2515.0164500995
1.4512	1008.6565400350847	2517.445841977325
1.4522	1009.2259710205096	2519.875625824678
1.4532	1009.7960069884224	2522.305801788105
1.4542	1010.3666481387896	2524.736370014086
1.4552	1010.9378946716566	2527.1673306490397
1.4562	1011.5097467871453	2529.598683839318
1.4572	1012.0822046854566	2532.0304297312123
1.4582	1012.6552685668678	2534.4625684709476
1.4592	1013.2289386317349	2536.8951002046883
1.4602	1013.8032150804912	2539.328025078534
1.4612	1014.3780981136479	2541.7613432385224
1.4622	1014.9535879317934	2544.1950548306277
1.4632	1015.5296847355945	2546.629160000763
1.4642	1016.106388725795	2549.0636588947773
1.4652	1016.6837001032169	2551.4985516584597
1.4662	1017.2616190687593	2553.9338384375346
1.4672	1017.8401458233994	2556.3695193776675
1.4682	1018.4192805681917	2558.8055946244594
1.4692	1018.9990235042685	2561.242064323453
1.4702	1019.5793748328396	2563.678928620127
1.4712	1020.1603347551926	2566.1161876599012
1.4722	1020.7419034726923	2568.553841588133
1.4732	1021.3240811867815	2570.99189055012
1.4742	1021.9068680989802	2573.4303346910983
1.4752	1022.4902644108864	2575.869174156246
1.4762	1023.074270324175	2578.3084090906777
1.4772	1023.6588860405992	2580.748039639451
1.4782	1024.244111761989	2583.188065947561
1.4792	1024.8299476902525	2585.6284881599454
1.4802	1025.416394027375	2588.0693064214815
1.4812	1026.0034509754196	2590.510520876988
1.4822	1026.5911187365261	2592.952131671222
1.4832	1027.1793975129133	2595.3941389488855
1.4842	1027.7682875068758	2597.8365428546185
1.4852	1028.357788920787	2600.279343533004
1.4862	1028.9479019570965	2602.722541128566
1.4872	1029.5386268183327	2605.1661357857706
1.4882	1030.1299637071004	2607.610127649026
1.4892	1030.7219128260824	2610.0545168626813
1.4902	1031.3144743780388	2612.499303571029
1.4912	1031.907648565807	2614.9444879183043
1.4922	1032.5014355923017	2617.3900700486824
1.4932	1033.0958356605158	2619.8360501062853
1.4942	1033.6908489735185	2622.2824282351744
1.4952	1034.2864757344573	2624.7292045793565
1.4962	1034.8827161465563	2627.1763792827796
1.4972	1035.4795704131175	2629.6239524893367
1.4982	1036.07703873752	2632.071924342864
1.4992	1036.6751213232208	2634.5202949871414
1.5002	1037.2738183737533	2636.969064565892
1.5012	1037.8731300927293	2639.418233222784
1.5022	1038.4730566838373	2641.867801101429
1.5032	1039.073598350843	2644.3177683453837
1.5042	1039.67475529759	2646.768135098149
1.5052	1040.2765277279989	2649.2189015031704
1.5062	1040.8789158460672	2651.6700677038384
1.5072	1041.4819198558707	2654.1216338434892
1.5082	1042.0855399615614	2656.5736000654024
1.5092	1042.6897763673696	2659.0259665128056
1.5102	1043.2946292776019	2661.478733328869
1.5112	1043.9000988966432	2663.9319006567107
1.5122	1044.5061854289547	2666.385468639394
1.5132	1045.112889079076	2668.839437419928
1.5142	1045.7202100516224	2671.293807141267
1.5152	1046.328148551288	2673.7485779463136
1.5162	1046.9367047828428	2676.2037499779153
1.5172	1047.5458789511354	2678.659323378868
1.5182	1048.1556712610902	2681.1152982919116
1.5192	1048.7660819177102	2683.571674859736
1.5202	1049.3771111260746	2686.0284532249757
1.5212	1049.9887590913406	2688.485633530214
1.5222	1050.6010260187418	2690.94321591798
1.5232	1051.2139121135897	2693.401200530753
1.5242	1051.8274175812724	2695.8595875109577
1.5252000000000001	1052.4415426272556	2698.3183770009678
1.5262	1053.0562874570821	2700.7775691431034
1.5272000000000001	1053.6716522763718	2703.237164079636
1.5282	1054.287637290822	2705.6971619527817
1.5292000000000001	1054.9042427062068	2708.157562904708
1.5302	1055.5214687283778	2710.6183670775285
1.5312000000000001	1056.1393155632636	2713.079574613309
1.5322	1056.7577834168699	2715.5411856540595
1.5332000000000001	1057.3768724952797	2718.003200341744
1.5342	1057.9965830046528	2720.4656188182717
1.5352000000000001	1058.616915151227	2722.9284412255047
1.5362	1059.237869141316	2725.391667705251
1.5372	1059.8594451813112	2727.8552983992713
1.5382	1060.481643477682	2730.3193334492753
1.5392	1061.104464236973	2732.7837729969215
1.5402	1061.7279076658078	2735.2486171838204
1.5412	1062.3519739708859	2737.71386615153
1.5422	1062.9766633589845	2740.1795200415622
1.5432	1063.6019760369572	2742.6455789953766
1.5442	1064.227912211736	2745.1120431543854
1.5452	1064.8544720903287	2747.57891265995
1.5462	1065.481655879821	2750.046187653385
1.5472	1066.1094637873746	2752.513868275953
1.5482	1066.7378960202295	2754.981954668871
1.5492	1067.3669527857023	2757.450446973305
1.5502	1067.9966342911866	2759.9193453303756
1.5512	1068.6269407441532	2762.3886498811517
1.5522	1069.2578723521497	2764.858360766656
1.5532	1069.8894293228009	2767.3284781278626
1.5542	1070.5216118638086	2769.7990021056985
1.5552	1071.154420182952	2772.2699328410417
1.5562	1071.7878544880866	2774.741270474724
1.5572	1072.4219149871456	2777.2130151475285
1.5582	1073.0566018881393	2779.685167000193
1.5592	1073.6919153991544	2782.157726173405
1.5602	1074.327855728355	2784.630692807809
1.5612	1074.9644230839822	2787.1040670439975
1.5622	1075.601617674354	2789.577849022522
1.5632	1076.2394397078656	2792.0520388838827
1.5642	1076.8778893929893	2794.5266367685367
1.5652	1077.516966938274	2797.001642816892
1.5662	1078.1566725523458	2799.477057169313
1.5672	1078.7970064439078	2801.9528799661157
1.5682	1079.4379688217405	2804.429111347573
1.5692	1080.0795598947004	2806.905751453908
1.5702	1080.7217798717222	2809.3828004253032
1.5712	1081.3646289618166	2811.860258401891
1.5722	1082.008107374072	2814.3381255237614
1.5732	1082.6522153176531	2816.816401930958
1.5742	1083.2969530018024	2819.2950877634803
1.5752	1083.9423206358383	2821.7741831612802
1.5762	1084.5883184291574	2824.2536882642685
1.5772	1085.234946591232	2826.7336032123085
1.5782	1085.8822053316128	2829.2139281452205
1.5792	1086.5300948599258	2831.6946632027793
1.5802	1087.1786153858757	2834.1758085247166
1.5812	1087.8277671192425	2836.6573642507183
1.5822	1088.4775502698844	2839.1393305204288
1.5832	1089.1279650477359	2841.6217074734454
1.5842	1089.7790116628091	2844.1044952493253
1.5852	1090.4306903251918	2846.587693987578
1.5862	1091.0830012450501	2849.071303827674
1.5872	1091.7359446326261	2851.555324909036
1.5882	1092.3895206982397	2854.0397573710466
1.5892	1093.043729652287	2856.524601353044
1.5902	1093.6985717052414	2859.0098569943243
1.5912	1094.354047067653	2861.4955244341395
1.5922	1095.010155950149	2863.9816038117
1.5932	1095.6668985634337	2866.4680952661733
1.5942	1096.3242751182877	2868.954998936684
1.5952	1096.982285825569	2871.442314962315
1.5962	1097.6409308962127	2873.9300434821066
1.5972	1098.3002105412306	2876.418184635057
1.5982	1098.9601249717111	2878.906738560123
1.5992	1099.6206743988203	2881.395705396219
1.6002	1100.2818590338004	2883.885085282218
1.6012	1100.9436790879708	2886.3748783569513
1.6022	1101.6061347727282	2888.865084759209
1.6032	1102.2692262995454	2891.3557046277397
1.6042	1102.9329538799732	2893.846738101251
1.6052	1103.597317725638	2896.338185318409
1.6062	1104.2623180482444	2898.8300464178396
1.6072	1104.9279550595727	2901.3223215381267
1.6082	1105.5942289714815	2903.8150108178156
1.6092	1106.2611399959048	2906.3081143954078
1.6102	1106.9286883448547	2908.8016324093683
1.6112	1107.5968742304192	2911.2955649981177
1.6122	1108.2656978647642	2913.78991230004
1.6132	1108.935159460132	2916.2846744534772
1.6142	1109.6052592288415	2918.779851596732
1.6152	1110.2759973832888	2921.275443868066
1.6162	1110.9473741359475	2923.771451405703
1.6172	1111.6193896993666	2926.267874347826
1.6182	1112.292044286174	2928.76471283258
1.6192	1112.965338109072	2931.2619669980677
1.6202	1113.6392713808423	2933.7596369823555
1.6212	1114.313844314342	2936.2577229234694
1.6222	1114.9890571225055	2938.7562249593966
1.6232	1115.664910018344	2941.255143228085
1.6242	1116.3414032149458	2943.754477867446
1.6252	1117.0185369254757	2946.2542290153488
1.6262	1117.696311363176	2948.7543968096265
1.6272	1118.3747267413648	2951.2549813880732
1.6282	1119.0537832734385	2953.755982888445
1.6292	1119.7334811728692	2956.257401448459
1.6302	1120.4138206532073	2958.759237205796
1.6312	1121.094801928078	2961.2614902980963
1.6322	1121.7764252111847	2963.7641608629647
1.6332	1122.4586907163082	2966.2672490379673
1.6342	1123.1415986573052	2968.7707549606334
1.6352	1123.8251492481095	2971.2746787684528
1.6362	1124.509342702732	2973.7790205988813
1.6372	1125.1941792352602	2976.2837805893337
1.6382	1125.879659059859	2978.7889588771914
1.6392	1126.5657823907693	2981.2945555997953
1.6402	1127.2525494423103	2983.800570894453
1.6412	1127.9399604288765	2986.3070048984314
1.6422	1128.6280155649404	2988.813857748965
1.6432	1129.3167150650506	2991.3211295832475
1.6442	1130.0060591438335	2993.82882053844
1.6452	1130.6960480159914	2996.336930751664
1.6462	1131.3866818963045	2998.8454603600085
1.6472	1132.0779609996289	3001.3544095005223
1.6482	1132.7698855408985	3003.8637783102217
1.6492	1133.462455735123	3006.373566926084
1.6502000000000001	1134.1556717973901	3008.8837754850547
1.6512	1134.849533942864	3011.394404124039
1.6522000000000001	1135.5440423867851	3013.9054529799105
1.6532	1136.2391973444721	3016.4169221895054
1.6542000000000001	1136.9349990313194	3018.9288118896256
1.6552	1137.6314476627988	3021.4411222170365
1.6562000000000001	1138.328543454459	3023.95385330847
1.6572	1139.0262866219248	3026.4670053006216
1.6582000000000001	1139.7246773808995	3028.980578330153
1.6592	1140.423715947162	3031.4945725336906
1.6602000000000001	1141.1234025365686	3034.0089880478267
1.6612	1141.8237373650518	3036.5238250091174
1.6622000000000001	1142.5247206486226	3039.0390835540875
1.6632	1143.226352603367	3041.554763819224
1.6642000000000001	1143.9286334454493	3044.0708659409825
1.6652	1144.6315633911101	3046.5873900557826
1.6662	1145.3351426566671	3049.104336300011
1.6672	1146.0393714585146	3051.62170481002
1.6682	1146.744250013124	3054.1394957221282
1.6692	1147.449778537044	3056.6577091726217
1.6702	1148.1559572468993	3059.17634529775
1.6712	1148.8627863593927	3061.695404233733
1.6722	1149.5702660913025	3064.2148861167534
1.6732	1150.2783966594857	3066.734791082965
1.6742	1150.9871782808743	3069.2551192684837
1.6752	1151.6966111724787	3071.775870809396
1.6762	1152.4066955513852	3074.297045841754
1.6772	1153.1174316347578	3076.8186445015776
1.6782	1153.8288196398373	3079.3406669248525
1.6792	1154.540859783941	3081.8631132475343
1.6802	1155.253552284463	3084.385983605543
1.6812	1155.9668973588753	3086.9092781347695
1.6822	1156.6808952247256	3089.4329969710693
1.6832	1157.3955460996401	3091.9571402502684
1.6842	1158.1108502013199	3094.481708108158
1.6852	1158.8268077475448	3097.0067006805
1.6862	1159.5434189561706	3099.5321181030226
1.6872	1160.2606840451306	3102.057960511423
1.6882	1160.9786032324344	3104.584228041366
1.6892	1161.6971767361692	3107.1109208284856
1.6902	1162.416404774499	3109.638039008384
1.6912	1163.1362875656644	3112.165582716633
1.6922	1163.856825327983	3114.69355208877
1.6932	1164.5780182798496	3117.2219472603056
1.6942	1165.299866639736	3119.7507683667154
1.6952	1166.022370626191	3122.2800155434475
1.6962	1166.74553045784	3124.809688925915
1.6972	1167.4693463533856	3127.3397886495045
1.6982	1168.1938185316073	3129.8703148495692
1.6992	1168.918947211362	3132.4012676614325
1.7002	1169.6447326115824	3134.9326472203875
1.7012	1170.3711749512797	3137.464453661697
1.7022	1171.098274449541	3139.996687120592
1.7032	1171.826031325531	3142.5293477322766
1.7042	1172.5544457984906	3145.0624356319213
1.7052	1173.283518087739	3147.5959509546688
1.7062	1174.0132484126707	3150.129893835631
1.7072	1174.7436369927589	3152.66426440989
1.7082	1175.4746840475525	3155.199062812498
1.7092	1176.2063897966782	3157.7342891784797
1.7102	1176.938754459839	3160.269943642827
1.7112	1177.6717782568155	3162.8060263405046
1.7122	1178.4054614074653	3165.3425374064477
1.7132	1179.1398041317227	3167.879476975562
1.7142	1179.874806649599	3170.4168451827227
1.7152	1180.6104691811827	3172.954642162779
1.7162	1181.346791946639	3175.4928680505477
1.7172	1182.0837751662114	3178.0315229808207
1.7182	1182.8214190602182	3180.570607088357
1.7192	1183.5597238490568	3183.1101205078903
1.7202	1184.2986897532003	3185.6500633741234
1.7212	1185.0383169931997	3188.1904358217334
1.7222	1185.7786057896824	3190.731237985365
1.7232	1186.5195563633536	3193.2724699996393
1.7242	1187.2611689349942	3195.814131999145
1.7252	1188.0034437254635	3198.356224118446
1.7262	1188.7463809556978	3200.8987464920756
1.7272	1189.4899808467096	3203.441699254542
1.7282	1190.2342436195888	3205.9850825403228
1.7292	1190.9791694955027	3208.52889648387
1.7302	1191.7247586956953	3211.0731412196064
1.7312	1192.4710114414881	3213.617816881929
1.7322	1193.217927954279	3216.1629236052054
1.7332	1193.9655084555438	3218.7084615237786
1.7342	1194.7137531668343	3221.2544307719604
1.7352	1195.462662309781	3223.8008314840404
1.7362	1196.21223610609	3226.347663794276
1.7372	1196.962474777545	3228.894927836902
1.7382	1197.7133785460067	3231.4426237461225
1.7392	1198.4649476334137	3233.9907516561193
1.7402	1199.2171822617804	3236.5393117010426
1.7412	1199.9700826531996	3239.0883040150197
1.7422	1200.7236490298399	3241.6377287321498
1.7432	1201.4778816139483	3244.187585986506
1.7442	1202.2327806278483	3246.7378759121348
1.7452	1202.9883462939404	3249.288598643057
1.7462	1203.744578834702	3251.8397543132664
1.7472	1204.501478472689	3254.3913430567322
1.7482	1205.2590454305328	3256.9433650073956
1.7492	1206.0172799309432	3259.4958202991743
1.7502	1206.7761821967058	3262.048709065957
1.7512	1207.535752450685	3264.602031441611
1.7522	1208.295990915821	3267.1557875599733
1.7532	1209.0568978151323	3269.7099775548595
1.7542	1209.8184733717133	3272.2646015600562
1.7552	1210.5807178087366	3274.819659709328
1.7562	1211.3436313494512	3277.375152136411
1.7572	1212.1072142171845	3279.9310789750193
1.7582	1212.8714666353396	3282.487440358839
1.7592	1213.636388827398	3285.0442364215337
1.7602	1214.4019810169173	3287.6014672967394
1.7612	1215.1682434275333	3290.15913311807
1.7622	1215.9351762829585	3292.717234019112
1.7632	1216.702779806983	3295.2757701334303
1.7642	1217.4710542234734	3297.8347415945623
1.7652	1218.2399997563743	3300.394148536023
1.7662	1219.0096166297071	3302.953991091301
1.7672	1219.7799050675706	3305.5142693938633
1.7682	1220.5508652941405	3308.0749835771494
1.7692	1221.3224975336702	3310.636133774578
1.7702	1222.0948020104902	3313.1977201195405
1.7712	1222.8677789490082	3315.759742745407
1.7722	1223.6414285737094	3318.322201785522
1.7732	1224.4157511091557	3320.885097373207
1.7742	1225.1907467799867	3323.448429641759
1.7752000000000001	1225.9664158109194	3326.0121987244534
1.7762	1226.7427584267473	3328.5764047545385
1.7772000000000001	1227.5197748523426	3331.1410478652424
1.7782	1228.2974653126532	3333.7061281897677
1.7792000000000001	1229.0758300327054	3336.2716458612954
1.7802	1229.8548692376025	3338.837601012982
1.7812000000000001	1230.634583152525	3341.403993777961
1.7822	1231.4149720027306	3343.9708242893435
1.7832000000000001	1232.196036013555	3346.5380926802172
1.7842	1232.9777754104098	3349.105799083646
1.7852000000000001	1233.7601904187857	3351.6739436326734
1.7862	1234.5432812642493	3354.242526460317
1.7872000000000001	1235.3270481724458	3356.8115476995754
1.7882	1236.1114913690963	3359.3810074834205
1.7892000000000001	1236.8966110800004	3361.950905944805
1.7902	1237.6824075310346	3364.5212432166572
1.7912000000000001	1238.4688809481534	3367.092019431885
1.7922	1239.2560315573871	3369.6632347233713
1.7932	1240.043859584845	3372.2348892239797
1.7942	1240.8323652567133	3374.806983066551
1.7952	1241.621548799255	3377.3795163839013
1.7962	1242.4114104388113	3379.952489308829
1.7972	1243.2019504018003	3382.525901974107
1.7982	1243.993168914718	3385.099754512489
1.7992	1244.785066204137	3387.674047056705
1.8002	1245.5776424967078	3390.2487797394656
1.8012	1246.3708980191584	3392.8239526934567
1.8022	1247.1648329982945	3395.399566051347
1.8032	1247.9594476609986	3397.97561994578
1.8042	1248.7547422342311	3400.5521145093803
1.8052	1249.550716945029	3403.1290498747494
1.8062	1250.3473720205084	3405.706426174469
1.8072	1251.1447076878612	3408.2842435410994
1.8082	1251.9427241743576	3410.86250210718
1.8092	1252.7414217073454	3413.4412020052287
1.8102	1253.540800514249	3416.0203433677434
1.8112	1254.3408608225714	3418.5999263272006
1.8122	1255.1416028598928	3421.179951016057
1.8132	1255.9430268538702	3423.7604175667475
1.8142	1256.745133032239	3426.341326111688
1.8152	1257.547921622811	3428.9226767832715
1.8162	1258.3513928534767	3431.5044697138733
1.8172	1259.1555469522036	3434.0867050358465
1.8182	1259.960384147037	3436.669382881526
1.8192	1260.7659046660992	3439.2525033832235
1.8202	1261.5721087375905	3441.8360666732337
1.8212	1262.3789965897886	3444.4200728838296
1.8222	1263.1865684510487	3447.0045221472656
1.8232	1263.9948245498038	3449.5894145957736
1.8242	1264.8037651145642	3452.1747503615697
1.8252	1265.6133903739178	3454.760529576846
1.8262	1266.4237005565303	3457.3467523737786
1.8272	1267.234695891145	3459.933418884522
1.8282	1268.0463766065825	3462.520529241212
1.8292	1268.858742931741	3465.1080835759644
1.8302	1269.671795095597	3467.696082020877
1.8312	1270.4855333272035	3470.2845247080263
1.8322	1271.2999578556921	3472.873411769472
1.8332	1272.1150689102717	3475.4627433372525
1.8342	1272.9308667202286	3478.052519543389
1.8352	1273.747351514927	3480.6427405198815
1.8362	1274.5645235238092	3483.233406398715
1.8372	1275.3823829763937	3485.8245173118507
1.8382	1276.2009301022783	3488.4160733912354
1.8392	1277.0201651311377	3491.0080747687944
1.8402	1277.8400882927247	3493.600521576436
1.8412	1278.660699816869	3496.1934139460495
1.8422	1279.4819999334788	3498.786752009506
1.8432	1280.3039888725398	3501.380535898657
1.8442	1281.1266668641151	3503.974765745338
1.8452	1281.9500341383455	3506.5694416813635
1.8462	1282.7740909254503	3509.164563838533
1.8472	1283.5988374557257	3511.760132348624
1.8482	1284.4242739595463	3514.3561473434006
1.8492	1285.2504006673635	3516.952608954605
1.8502	1286.0772178097075	3519.5495173139634
1.8512	1286.9047256171857	3522.146872553184
1.8522	1287.7329243204836	3524.744674803958
1.8532	1288.5618141503637	3527.3429241979566
1.8542	1289.3913953376673	3529.9416208668363
1.8552	1290.2216681133132	3532.540764942234
1.8562	1291.0526327082976	3535.140356555771
1.8572	1291.8842893536946	3537.740395839049
1.8582	1292.7166382806568	3540.340882923654
1.8592	1293.5496797204135	3542.9418179411537
1.8602	1294.3834139042733	3545.5432010231007
1.8612	1295.217841063621	3548.1450323010276
1.8622	1296.0529614299207	3550.747311906452
1.8632	1296.888775234713	3553.3500399708737
1.8642	1297.7252827096177	3555.953216625777
1.8652	1298.5624840863313	3558.556842002626
1.8662	1299.4003795966294	3561.160916232873
1.8672	1300.2389694723643	3563.7654394479496
1.8682	1301.078253945467	3566.3704117792727
1.8692	1301.9182332479456	3568.975833358241
1.8702	1302.7589076118875	3571.5817043162388
1.8712	1303.6002772694565	3574.1880247846325
1.8722	1304.442342452895	3576.794794894773
1.8732	1305.2851033945237	3579.4020147779947
1.8742	1306.1285603267406	3582.0096845656158
1.8752	1306.9727134820218	3584.6178043889377
1.8762	1307.817563092922	3587.2263743792473
1.8772	1308.6631093920728	3589.8353946678135
1.8782	1309.5093526121846	3592.4448653858913
1.8792	1310.3562929860454	3595.0547866647175
1.8802	1311.2039307465218	3597.665158635516
1.8812	1312.0522661265572	3600.275981429492
1.8822	1312.9012993591743	3602.8872551778377
1.8832	1313.751030677473	3605.498980011727
1.8842	1314.6014603146318	3608.1111560623212
1.8852	1315.4525885039066	3610.723783460763
1.8862	1316.3044154786319	3613.336862338183
1.8872	1317.1569414722196	3615.9503928256936
1.8882	1318.010166718161	3618.5643750543945
1.8892	1318.8640914500231	3621.1788091553667
1.8902	1319.718715901454	3623.7936952596806
1.8912	1320.5740403061775	3626.409033498387
1.8922	1321.4300648979963	3629.0248240025253
1.8932	1322.2867899107912	3631.6410669031175
1.8942	1323.1442155785219	3634.2577623311727
1.8952	1324.0023421352246	3636.8749104176827
1.8962	1324.8611698150148	3639.4925112936276
1.8972	1325.720698852086	3642.1105650899704
1.8982	1326.5809294807095	3644.7290719376606
1.8992	1327.441861935235	3647.3480319676323
1.9002000000000001	1328.3034964500905	3649.9674453108073
1.9012	1329.1658332597817	3652.587312098089
1.9022000000000001	1330.028872598893	3655.207632460371
1.9032	1330.8926147020866	3657.8284065285284
1.9042000000000001	1331.7570598041036	3660.449634433426
1.9052	1332.622208139762	3663.071316305911
1.9062000000000001	1333.4880599439596	3665.6934522768192
1.9072	1334.3546154516707	3668.31604247697
1.9082000000000001	1335.2218748979499	3670.939087037171
1.9092	1336.0898385179278	3673.5625860882137
1.9102000000000001	1336.9585065468152	3676.1865397608785
1.9112	1337.8278792199	3678.8109481859283
1.9122000000000001	1338.697956772549	3681.435811494116
1.9132	1339.5687394402064	3684.0611298161784
1.9142000000000001	1340.4402274583963	3686.6869032828404
1.9152	1341.3124210627193	3689.3131320248112
1.9162000000000001	1342.1853204888553	3691.939816172789
1.9172	1343.058925972562	3694.566955857456
1.9182000000000001	1343.933237749677	3697.194551209484
1.9192	1344.8082560561134	3699.822602359528
1.9202	1345.683981127865	3702.451109438233
1.9212	1346.5603021738636	3705.080072576229
1.9222	1347.4367752639098	3707.7094918463677
1.9232	1348.3134003452708	3710.33936709045
1.9242	1349.190177365259	3712.9696981504153
1.9252	1350.067106271234	3715.6004848683406
1.9262	1350.9441870105998	3718.2317270864373
1.9272	1351.821419530806	3720.863424647056
1.9282	1352.6988037793476	3723.495577392681
1.9292	1353.5763397037656	3726.128185165935
1.9302	1354.4540272516456	3728.7612478095753
1.9312	1355.3318663706193	3731.3947651664957
1.9322	1356.2098570083624	3734.028737079725
1.9332	1357.0879991125971	3736.6631633924285
1.9342	1357.966292631089	3739.2980439479043
1.9352	1358.8447375116505	3741.9333785895888
1.9362	1359.723333702138	3744.5691671610507
1.9372	1360.6020811504525	3747.2054095059943
1.9382	1361.4809798045405	3749.842105468258
1.9392	1362.3600296123932	3752.4792548918163
1.9402	1363.239230522046	3755.1168576207747
1.9412	1364.1185824815793	3757.7549134993747
1.9422	1364.9980854391179	3760.3934223719903
1.9432	1365.8777393428315	3763.032384083131
1.9442	1366.7575441409338	3765.6717984774377
1.9452	1367.6374997816831	3768.311665399686
1.9462	1368.517606213382	3770.951984694782
1.9472	1369.3978633843774	3773.5927562077686
1.9482	1370.2782712430603	3776.233979783817
1.9492	1371.1588297378664	3778.875655268235
1.9502	1372.0395388172742	3781.5177825064584
1.9512	1372.9203984298076	3784.160361344059
1.9522	1373.801408524034	3786.8033916267377
1.9532	1374.6825690485643	3789.446873200329
1.9542	1375.5638799520539	3792.090805910797
1.9552	1376.4453411832014	3794.73518960424
1.9562	1377.3269526907495	3797.3800241268846
1.9572	1378.208714423485	3800.025309325091
1.9582	1379.0906263302368	3802.6710450453465
1.9592	1379.9726883598792	3805.317231134274
1.9602	1380.8549004613287	3807.9638674386224
1.9612	1381.737262583546	3810.610953805274
1.9622	1382.6197746755345	3813.25849008124
1.9632	1383.5024366863413	3815.9064761136606
1.9642	1384.3852485650568	3818.554911749807
1.9652	1385.2682102608148	3821.203796837081
1.9662	1386.1513217227916	3823.8531312230107
1.9672	1387.0345829002072	3826.5029147552573
1.9682	1387.917993742324	3829.1531472816073
1.9692	1388.801554198448	3831.8038286499796
1.9702	1389.6852642179274	3834.454958708418
1.9712	1390.5691237501544	3837.106537305099
1.9722	1391.4531327445625	3839.758564288324
1.9732	1392.3372911506297	3842.411039506525
1.9742	1393.2215989178744	3845.06396280826
1.9752	1394.10605599586	3847.717334042217
1.9762	1394.9906623341908	3850.371153057209
1.9772	1395.8754178825145	3853.02541970218
1.9782	1396.7603225905202	3855.6801338261976
1.9792	1397.6453764079408	3858.3352952784594
1.9802	1398.5305792845504	3860.990903908288
1.9812	1399.4159311701662	3863.6469595651356
1.9822	1400.301432014647	3866.303462098577
1.9832	1401.1870817678937	3868.9604113583173
1.9842	1402.0728803798497	3871.617807194185
1.9852	1402.9588278005006	3874.2756494561377
1.9862	1403.8449239798733	3876.9339379942558
1.9872	1404.7311688680372	3879.5926726587477
1.9882	1405.6175624151035	3882.251853299946
1.9892	1406.504104571225	3884.911479768311
1.9902	1407.3907952865964	3887.5715519144246
1.9912	1408.2776345114544	3890.2320695889985
1.9922	1409.1646221960766	3892.893032642865
1.9932	1410.051758290783	3895.554440926984
1.9942	1410.9390427459348	3898.2162942924388
1.9952	1411.8264755119342	3900.8785925904376
1.9962	1412.7140565392258	3903.541335672312
1.9972	1413.601785778295	3906.2045233895196
1.9982	1414.4896631796685	3908.8681555936396
1.9992	1415.3776886939145	3911.532232136378
2.0002	1416.265862271642	3914.1967528695604
2.0012	1417.1541838635014	3916.861717645139
2.0022	1418.0426534201854	3919.5271263151903
2.0032	1418.931270892425	3922.192978731909
2.0042	1419.8200362309947	3924.8592747476177
2.0052	1420.7089493867086	3927.526014214759
2.0062	1421.5980103104225	3930.193196985901
2.0072	1422.4872189530322	3932.86082291373
2.0082	1423.3765752654747	3935.5288918510573
2.0092	1424.266079198728	3938.197403650817
2.0102	1425.1557307038108	3940.866358166065
2.0112	1426.045529731781	3943.535755249976
2.0122	1426.9354762337389	3946.2055947558492
2.0132	1427.8255701608243	3948.8758765371053
2.0142	1428.7158114642182	3951.5466004472873
2.0152	1429.6062000951408	3954.2177663400553
2.0162	1430.4967360048538	3956.8893740691938
2.0172	1431.3874191446582	3959.5614234886075
2.0182	1432.278249465897	3962.2339144523235
2.0192	1433.1692269199507	3964.906846814484
2.0202	1434.0603514582417	3967.5802204293577
2.0212	1434.9516230322324	3970.2540351513303
2.0222	1435.8430415934258	3972.92829083491
2.0232	1436.7346070933625	3975.60298733472
2.0242	1437.6263194836254	3978.278124505509
2.0252	1438.518178715836	3980.9537022021414
2.0262000000000002	1439.410184741657	3983.6297202796045
2.0272	1440.3023375127889	3986.306178593
2.0282	1441.1946369809734	3988.983076997553
2.0292	1442.0870830979911	3991.660415348606
2.0302000000000002	1442.9796758156629	3994.3381935016214
2.0312	1443.8724150858484	3997.0164113121773
2.0322	1444.765300860447	3999.6950686359733
2.0332	1445.658333091398	4002.374165328826
2.0342000000000002	1446.55151173068	4005.0537012466725
2.0352	1447.4448367303103	4007.733676245563
2.0362	1448.3383080423457	4010.4140901816695
2.0372	1449.2319256188832	4013.0949429112816
2.0382000000000002	1450.125689412058	4015.776234290806
2.0392	1451.019599374044	4018.457964176764
2.0402	1451.9136554570555	4021.1401324257986
2.0412	1452.807857613345	4023.8227388946675
2.0422000000000002	1453.702205795205	4026.505783440247
2.0432	1454.5966999549646	4029.1892659195264
2.0442	1455.4913400449943	4031.873186189616
2.0452	1456.3861260177023	4034.5575441077394
2.0462000000000002	1457.2810578255362	4037.242339531241
2.0472	1458.1761354209807	4039.927572317575
2.0482	1459.0713587565613	4042.613242324317
2.0492	1459.966727784841	4045.299349409156