4.00000001e-15	6.302945748716805e-26	4.351707029680875e-12
4.73000011e-15	6.302945614818121e-25	4.385181901361303e-12
4.7599999e-15	6.302945614818122e-24	4.407498337424682e-12
4.91000012e-15	6.302945960723054e-23	4.546975920553448e-12
6.99000006e-15	7.551104552555234e-22	6.471769917429146e-12
9.89999996e-15	8.736777248382057e-21	9.149743617496096e-12
2.71999999e-14	1.0609016168266013e-19	2.5161794911850037e-11
1.27e-13	3.632001829948672e-18	1.1827716915866996e-10
6.93000019e-13	1.185672907833073e-16	6.415978632001786e-10
6.29500011e-12	6.08078550546753e-15	5.824592948002679e-9
1.58099991e-11	3.1003124302611025e-14	1.4628431042178087e-8
3.97200016e-11	1.517072015175184e-13	3.6749608457933496e-8
9.97599989e-11	7.182883240348137e-13	9.22785101539835e-8
2.50600013e-10	3.286319950903816e-12	2.318678910957376e-7
6.29399977e-10	1.4465520754295918e-11	5.824592479357286e-7
1.581e-9	6.08770373800491e-11	1.4628431488507032e-6
3.97200006e-9	2.44063831733988e-10	3.6755189243472444e-6
4.99999997e-9	3.281968243695604e-10	4.626757397902255e-6
9.97599958e-9	8.955255713010489e-10	9.233429602767239e-6
1.98999999e-8	2.3919883842892214e-9	0.000018422227181432718
3.97199997e-8	6.278062742691364e-9	0.00003676076869002455
7.9240003e-8	1.6250836532024102e-8	0.00007336532325373801
1.58099994e-7	4.16625735326936e-8	0.00014639588819459942
1.98999999e-7	5.453023833965633e-8	0.00018433386074536936
3.15499989e-7	1.0165922706985048e-7	0.00029217806962731534
4.99999999e-7	1.8903147176969427e-7	0.00046312206427136807
6.29400006e-7	2.5767685114929705e-7	0.0005830171702744923
7.92399987e-7	3.1427137022985945e-7	0.0007342111002008481
9.97599955e-7	4.2810757754965417e-7	0.000924458816112475
1.58099999e-6	7.937960432939077e-7	0.0014650748047310871
2.5060001e-6	1.4703190805623745e-6	0.002323142055344789
3.97199983e-6	2.7221601762999334e-6	0.003682771814327159
4.99999987e-6	3.533363099754519e-6	0.0046373577214907395
6.29399983e-6	4.806516235215354e-6	0.005835750937290783
7.92399987e-6	6.540169783530463e-6	0.007353269471100201
9.976e-6	8.892769939745593e-6	0.00925574675295693
0.00001256	0.000012094398348582906	0.011660343673287213
0.0000158099992	0.000015620397121178308	0.014678642936844455
0.0000199000006	0.00002124302644498996	0.018483597411292123
0.0000250600006	0.000028880830841330063	0.02327605434054899
0.0000315500001	0.00003712564126311091	0.02931265286766347
0.0000397199983	0.00005047980272260657	0.03691698437848694
0.0000499999987	0.0000686465036822138	0.046485161459495654
0.000062940002	0.00009329613847355502	0.058524884735550106
0.0000792400024	0.00012686900357063158	0.07375585817897791
0.00009976	0.00016207320464182103	0.09283642021870118
0.000110499997	0.00018047310421780854	0.10287881834411962
0.000125599996	0.00020531130997545192	0.1169381856728409
0.000158099996	0.0002791452756081232	0.14728854831510826
0.000199000002	0.0003629546942646731	0.18550547199285877
0.0002	0.0003652221626504233	0.1864462707257967
0.0012000000000000001	0.0013087123297136729	1.1277314456735463
0.0022	0.0024464107909377046	2.0689460723115425
0.0032	0.003834138158553995	3.01074051735494
0.0042	0.005432998611980342	3.9530085763711003
0.0052	0.007204748479297192	4.895677131653118
0.0062	0.00913021907107402	5.838700193432477
0.0072	0.011195606306660897	6.782043954492657
0.0082	0.013390742314792314	7.7256823818861875
0.009200000000000002	0.015707963923905676	8.669594740035306
0.0102	0.018137766095667137	9.613761412477249
0.0112	0.02062013783702145	10.558061744902526
0.0122	0.023211646435529573	11.50258385323754
0.013200000000000002	0.02590917646772825	12.447318488921429
0.0142	0.028710328348522555	13.392257571153916
0.0152	0.031613215430400646	14.337393990151888
0.0162	0.034616312557803924	15.282721448883478
0.0172	0.03771812892303969	16.228234334758476
0.0182	0.04091717915318233	17.173927602172192
0.0192	0.0442127644021803	18.119796678588962
0.0202	0.047604313622378325	19.065837431903216
0.0212	0.05109145433033059	20.012046111217828
0.022199999999999998	0.054673925854940575	20.958419302239705
0.0232	0.058351569420217075	21.904953886780973
0.0242	0.06212433125309352	22.851647008820482
0.0252	0.06599223817823995	23.79849604631023
0.0262	0.06995524577680115	24.745498586532037
0.0272	0.07401321506050099	25.692652399423956
0.0282	0.0781662968525891	26.63995541381538
0.0292	0.08241467135771169	27.58740571086132
0.030199999999999998	0.08675854236383286	28.53500150938618
0.0312	0.09119811041539809	29.48274115299076
0.0322	0.09573365215303152	30.430623097923785
0.0332	0.10036546473635174	31.37864590495429
0.0342	0.10509383977785586	32.32680823054527
0.0352	0.10991909051481775	33.27510881829032
0.0362	0.11484158266895778	34.223546492089504
0.0372	0.11986164299971397	35.17212015095688
0.0382	0.12497961852371356	36.12082876190653
0.0392	0.13019592675331687	37.06967135512983
0.0402	0.13551095272256636	38.01864702097142
0.0412	0.14092509475334977	38.96775490462846
0.0422	0.1464388440877294	39.91699420246256
0.0432	0.1520526188819851	40.86636416058544
0.044199999999999996	0.15776688183947774	41.81586406969964
0.0452	0.16358217742236236	42.76549326307221
0.0462	0.16949901227554495	43.71525111553044
0.0472	0.17551791151600696	44.66513703994113
0.0482	0.18163947287888746	45.61515048517269
0.0492	0.1878642236412907	46.56529093538385
0.0502	0.19419294309956117	47.51555790639763
0.0512	0.20062614633923956	48.46595094888581
0.0522	0.2071646956212201	49.41646964110845
0.0532	0.2138092790153648	50.36711359401811
0.0542	0.22056049402443795	51.31788244614296
0.0552	0.22741908537393185	52.2687758603581
0.0562	0.23438548245067942	53.219793525285446
0.0572	0.24146098373539954	54.1709351482091
0.0582	0.2486465627405618	55.122200469381376
0.0592	0.2559435056173856	56.07358925468002
0.0602	0.2633520621688075	57.025101299671654
0.0612	0.27087201879316963	57.97673641090122
0.0622	0.2785045347120983	58.92849439770704
0.0632	0.28625287470374705	59.88037509406538
0.06420000000000001	0.2941177679278114	60.832378390965054
0.06520000000000001	0.3020971121450372	61.7845041942766
0.06620000000000001	0.31019104601211656	62.736752380552915
0.06720000000000001	0.31840731561772306	63.689122831603804
0.06820000000000001	0.326738486087085	64.64161554889864
0.06920000000000001	0.33519222859630166	65.59423042409945
0.07020000000000001	0.3437673889291905	66.54696746321402
0.07120000000000001	0.35246355273892693	67.4998266557113
0.07220000000000001	0.3612858340670437	68.45280798512496
0.0732	0.37022593953912425	69.4059115070361
0.0742	0.37929938991951534	70.35913716126491
0.0752	0.3885077789022164	71.31248509863386
0.0762	0.3978306436655897	72.26595548838475
0.0772	0.40729441612560074	73.21954822496824
0.0782	0.4169039886565109	74.17326354865946
0.0792	0.4266598674841204	75.12710175631507
0.08020000000000001	0.4357780118494293	76.08106314362149
0.08120000000000001	0.44188912605296016	77.03513831969354
0.08220000000000001	0.4486152585322829	77.98928875535907
0.08320000000000001	0.45801123332576194	78.943520955856
0.08420000000000001	0.4694810098416941	79.89786603301972
0.08520000000000001	0.4811559294304774	80.85234732926948
0.08620000000000001	0.49303751195128703	81.80696565357442
0.08720000000000001	0.5051767455165705	82.76172181376572
0.0882	0.5177093794149068	83.7166171787155
0.0892	0.5303852407231033	84.67165463706085
0.0902	0.5431834010818998	85.6268342012024
0.0912	0.556015128130755	86.58215565481814
0.0922	0.5690609418780849	87.53761780580096
0.0932	0.5823226320151015	88.49322145012059
0.0942	0.595800091080321	89.44896738589966
0.0952	0.6094923862093243	90.40485639322289
0.09620000000000001	0.6234045089368696	91.36088922586684
0.09720000000000001	0.6374851164564853	92.3170666737826
0.09820000000000001	0.6515356215148062	93.27338898735198
0.09920000000000001	0.6657155943716733	94.22985438235105
0.10020000000000001	0.6802394788875225	95.18646271807657
0.10120000000000001	0.6952710499668583	96.14321599685425
0.10220000000000001	0.7107277021919447	97.10011780394842
0.10320000000000001	0.7264297099971295	98.05717084887443
0.10420000000000001	0.7423792380709474	99.0143760436208
0.1052	0.7585784342131168	99.97173430344625
0.1062	0.77502943322709	100.92924654662583
0.1072	0.791734356843539	101.88691369424328
0.1082	0.8086953136495193	102.84473666999051
0.1092	0.8259143990230169	103.80271639997376
0.1102	0.8433936950726172	104.76085381252638
0.11120000000000001	0.8611352705820113	105.71914983802768
0.11220000000000001	0.8791411809591062	106.67760540872797
0.11320000000000001	0.8974134681895064	107.63622145857927
0.11420000000000001	0.9159541607941268	108.59499892307166
0.11520000000000001	0.9347652737907338	109.55393873907495
0.11620000000000001	0.9538488086591999	110.51304184468553
0.11720000000000001	0.973206753310301	111.47230917907818
0.11820000000000001	0.9928410820578426	112.43174168236271
0.11920000000000001	1.0127537555939583	113.39134029544516
0.1202	1.0329467209674368	114.3511059598935
0.1212	1.0534219115648207	115.3110396178076
0.1222	1.0741812470942966	116.27114221169326
0.1232	1.095226633572046	117.23141468434048
0.1242	1.1165599633110566	118.19185797870519
0.1252	1.1381831149122772	119.15247303779505
0.1262	1.1600979532577702	120.11326080455859
0.1272	1.182306329506066	121.07422222177804
0.1282	1.2048100810893925	122.03535823196518
0.1292	1.2276110317127304	122.99666977726072
0.1302	1.2507109913546077	123.95815779933665
0.1312	1.2741117562695252	124.91982323930156
0.1322	1.2978150992273958	125.88166703760898
0.1332	1.3218227309506276	126.84369013389497
0.1342	1.346136354359709	127.80589346653072
0.13520000000000001	1.3707578175513964	128.76827797259037
0.13620000000000002	1.3956888888562364	129.73084458895605
0.13720000000000002	1.4209312716141986	130.69359425173644
0.13820000000000002	1.4464866663024931	131.65652789580935
0.13920000000000002	1.4723567597046145	132.61964645482774
0.14020000000000002	1.4985432249232642	133.58295086114788
0.14120000000000002	1.525047721394118	134.5464420457593
0.14220000000000002	1.5518718949005603	135.51012093821728
0.14320000000000002	1.5790173775892191	136.47398846657694
0.14420000000000002	1.606485787986303	137.43804555732942
0.1452	1.6342787310146383	138.4022931353401
0.1462	1.6623977980114308	139.3667321237884
0.1472	1.690844566746871	140.33136344410948
0.1482	1.7196206014429796	141.29618801593756
0.1492	1.748727452793365	142.261206757051
0.1502	1.7781666579834146	143.22642058331903
0.1512	1.8079397407110387	144.19183040864976
0.1522	1.8380480550043015	145.15743714494008
0.1532	1.8684920993918492	146.12324170100572
0.1542	1.8992721742982137	147.08924497705942
0.1552	1.930391417216513	148.0554478635632
0.1562	1.9618527834647876	149.02185125971633
0.1572	1.993656945485874	149.98845607214537
0.1582	2.0258054184356205	150.95526320021267
0.1592	2.058299620877918	151.92227354148883
0.1602	2.091140958976378	152.88948799117904
0.1612	2.125475142977754	153.85690744209003
0.1622	2.165865944973665	154.8245398482796
0.1632	2.2122559758896414	155.7924212381412
0.1642	2.264650223307737	156.76058684641393
0.1652	2.3230543048200634	157.7290715090324
0.16620000000000001	2.387474458893164	158.69790967418314
0.16720000000000002	2.457917536051081	159.66713541303943
0.16820000000000002	2.5343909903661714	160.63678243018705
0.16920000000000002	2.6169028712470546	161.60688407375102
0.17020000000000002	2.705461815513617	162.57747334523472
0.17120000000000002	2.8000770397493646	163.5485829090812
0.17220000000000002	2.9007583329217823	164.5202451019662
0.17320000000000002	3.0075160492618287	165.49249194183255
0.17420000000000002	3.120361101393959	166.465355136675
0.17520000000000002	3.2393049537084706	167.43886609308348
0.1762	3.364359615968262	168.41305592455376
0.1772	3.495537637142493	169.3879554595733
0.1782	3.6328520994597313	170.36359524948926
0.1792	3.776316612673753	171.34000557616696
0.1802	3.9259453085351805	172.3172164594453
0.1812	4.081752835462518	173.29525766439588
0.1822	4.24375435340638	174.27415870839246
0.1832	4.4119655289010105	175.25394886799734
0.1842	4.586402530297224	176.23465718566987
0.1852	4.767082023171376	177.21631247630378
0.1862	4.9540211659050035	178.19894333359838
0.1872	5.147237605430009	179.18257813626906
0.1882	5.346749473134535	180.16724505410266
0.1892	5.55257538092471	181.15297205386196
0.1902	5.764734417437804	182.13978690504484
0.1912	5.983246144402352	183.1277171855023
0.1922	6.208130593141041	184.11679028691987
0.1932	6.43940826121228	185.10703342016683
0.1942	6.677100109186551	186.09847362051718
0.1952	6.921227557553783	187.09113775274665
0.1962	7.17181248375804	188.08505251610916
0.19720000000000001	7.428877219356125	189.08024444919698
0.19820000000000002	7.692444547296607	190.0767399346877
0.19920000000000002	7.962537699316072	191.0745652039817
0.20020000000000002	8.239180353449509	192.07374634173357
0.20120000000000002	8.522396631651647	193.0743092902803
0.20220000000000002	8.812211097526475	194.07627985396982
0.20320000000000002	9.10864875416206	195.07968370339267
0.20420000000000002	9.4117350420679	196.0845463795195
0.20520000000000002	9.72149583721231	197.09089329774778
0.20620000000000002	10.037957449157128	198.09874975185963
0.20720000000000002	10.361146619287481	199.10814091789416
0.20820000000000002	10.691090519134134	200.11909185793644
0.2092	11.027816748786138	201.13162752382541
0.2102	11.371353335391714	202.1457727607837
0.2112	11.72172873174501	203.16155231097082
0.2122	12.078971814956908	204.17899081696257
0.2132	12.443111885207765	205.1981128251586
0.2142	12.814178664580256	206.21894278912026
0.2152	13.192202295970349	207.2415050728404
0.2162	13.577213342074787	208.26582395394763
0.2172	13.969242784453181	209.29192362684645
0.2182	14.36832202266315	210.31982820579518
0.2192	14.774482873466935	211.3495617279237
0.2202	15.187757570107767	212.38114815619244
0.2212	15.608178761654615	213.41461138229405
0.2222	16.035779512413832	214.44997522950007
0.2232	16.47059330140627	215.48726345545342
0.2242	16.912654021908455	216.52649975490854
0.2252	17.361995981056694	217.56770776242084
0.2262	17.818653899512476	218.61091105498608
0.2272	18.282662911188453	219.65613315463227
0.22820000000000001	18.754058563033205	220.70339753096414
0.22920000000000001	19.23287681487423	221.75272760366252
0.23020000000000002	19.719154039317573	222.80414674493906
0.23120000000000002	20.212927021703297	223.8576782819481
0.23220000000000002	20.714232960115655	224.91334549915652
0.23320000000000002	21.22310946544691	225.9711716406728
0.23420000000000002	21.739594561513975	227.03117991253646
0.23520000000000002	22.26372668522671	228.0933934849688
0.23620000000000002	22.795544686807244	229.15783549458624
0.23720000000000002	23.335087830059134	230.22452904657692
0.23820000000000002	23.882395792685692	231.29349721684176
0.23920000000000002	24.43750866665671	232.36476305410113
0.2402	25.00046695862257	233.4383495819675
0.2412	25.571311590375164	234.51427980098555
0.2422	26.15008389935467	235.5925766906401
0.2432	26.736825639201772	236.6732632113333
0.2442	27.331578980354283	237.75636230633125
0.2452	27.934386510687748	238.8418969036815
0.2462	28.545291236199155	239.92988991810142
0.2472	29.16433658173335	241.02036425283927
0.2482	29.791566391751363	242.11334280150754
0.2492	30.42702493114017	243.20884844989024
0.2502	31.070756886063112	244.30690407772406
0.2512	31.72280736485082	245.40753256045485
0.2522	32.38322189893162	246.51075677096938
0.2532	33.0520464438013	247.61659958130346
0.2542	33.72932738003144	248.72508386432685
0.2552	34.415111514316095	249.83623249540565
0.2562	35.109446080556104	250.9500683540427
0.2572	35.81237874098075	252.06661432549672
0.2582	36.52395758730623	253.18589330238035
0.2592	37.2442311419307	254.30792818623834
0.2602	37.97324835916508	255.43274188910556
0.2612	38.7110586264998	256.56035733504615
0.2622	39.45771176590645	257.69079746167364
0.2632	40.21325803517474	258.8240852216532
0.2642	40.9777481292835	259.96024358418566
0.2652	41.75123318180631	261.0992955364748
0.2662	42.53376476635061	262.24126408517725
0.2672	43.32539489803076	263.3861722578366
0.2682	44.12617603497381	264.53404310430096
0.2692	44.93616107985875	265.6848996981255
0.2702	45.75540338148799	266.8387651379595
0.2712	46.58395673639141	267.9956625489189
0.2722	47.42187539046251	269.15561508394444
0.2732	48.26921404062637	270.3186459251458
0.2742	49.12602783653926	271.48477828513234
0.2752	49.99237238231961	272.6540354083304
0.2762	50.86830373831015	273.82644057228794
0.2772	51.7538784228709	275.00201708896645
0.2782	52.649153414202985	276.180788306021
0.2792	53.55418615220298	277.3627776080681
0.2802	54.46903454034761	278.54800841794236
0.2812	55.39375694760823	279.73650419794143
0.2822	56.32841221039609	280.92828845106095
0.2832	57.2730596345364	282.1233847222177
0.2842	58.22775899727291	283.3218165994634
0.2852	59.19257054930151	284.52360771518823
0.2862	60.1675550168332	285.72878174731426
0.2872	61.15277360368641	286.9373624204797
0.2882	62.14680539045651	288.149373507214
0.28919999999999996	63.143544675479454	289.36483369899
0.29019999999999996	64.14208959888039	290.5837404336078
0.29119999999999996	65.14242976101168	291.80608805667384
0.29219999999999996	66.14455477898301	293.0318709169169
0.29319999999999996	67.1484542866714	294.2610833662129
0.29419999999999996	68.15411793473115	295.4937197596101
0.29519999999999996	69.16153539060342	296.7297744553537
0.29619999999999996	70.17069633852519	297.96924181491045
0.29719999999999996	71.18159047953816	299.2121162029923
0.29819999999999997	72.19420753149723	300.4583919875807
0.29919999999999997	73.20853722907839	301.7080635399494
0.30019999999999997	74.22456932378692	302.9611252346886
0.30119999999999997	75.2422935839645	304.21757144972696
0.30219999999999997	76.26169979479641	305.47739656635474
0.30319999999999997	77.28277775831847	306.74059496924605
0.30419999999999997	78.30551729342353	308.00716104648103
0.30519999999999997	79.3299082358675	309.2770891895675
0.30619999999999997	80.35594043827544	310.55037379346265
0.3072	81.38360377014703	311.8270092565943
0.3082	82.41288811786191	313.1069899808819
0.3092	83.44378338468464	314.3903103717574
0.3102	84.47627949076951	315.6769648381857
0.3112	85.51036637316483	316.96694779268506
0.3122	86.54603398581709	318.26025365134683
0.3132	87.58327229957497	319.55687683385565
0.3142	88.6220713021928	320.85681176350874
0.3152	89.66242099833373	322.1600528672351
0.3162	90.7043114095732	323.466594575615
0.3172	91.74773257440127	324.77643132289836
0.3182	92.79267454822542	326.08955754702373
0.3192	93.83912740337273	327.4059676896365
0.3202	94.8870812290918	328.725656196107
0.3212	95.93652613155476	330.04861751554876
0.3222	96.98745223385856	331.3748461008359
0.3232	98.0398496760262	332.70433640862063
0.3242	99.09370861500797	334.037082899351
0.3252	100.14901922468209	335.3730800372874
0.3262	101.20577169585529	336.7123222905199
0.3272	102.26395623626313	338.05480413098473
0.3282	103.32356307057003	339.4005200344807
0.3292	104.38458244036926	340.74946448068545
0.3302	105.4470046041825	342.10163195317193
0.3312	106.51081983745924	343.4570169394238
0.3322	107.57601843257599	344.8156139308512
0.3332	108.64259069883532	346.17741742280646
0.3342	109.71052696246456	347.54242191459923
0.3352	110.77981756661434	348.91062190951163
0.3362	111.8504528713571	350.2820119148133
0.3372	112.92242325368503	351.65658644177597
0.3382	113.99571910750817	353.03434000568814
0.3392	115.07033084365209	354.41526712586943
0.3402	116.14624888985539	355.7993623256848
0.3412	117.22346369076719	357.1866201325587
0.3422	118.30196570794413	358.5770350779886
0.3432	119.38174541984755	359.97060169755935
0.3442	120.46279332183998	361.36731453095587
0.3452	121.54509992618205	362.7671681219772
0.3462	122.62865576202869	364.1701570185494
0.3472	123.71345137542535	365.5762757727385
0.3482	124.7994773293043	366.9855189407636
0.3492	125.88672420348021	368.3978810830095
0.3502	126.97518259464611	369.81335676403927
0.3512	128.06484311636873	371.23194055260655
0.35219999999999996	129.1556963990838	372.6536270216678
0.35319999999999996	130.24773309009169	374.0784107483947
0.35419999999999996	131.34094385355186	375.5062863141857
0.35519999999999996	132.43531937047808	376.937248304678
0.35619999999999996	133.53085033873302	378.37129130975933
0.35719999999999996	134.62752747302287	379.8084099235791
0.35819999999999996	135.7253415048915	381.2485987445601
0.35919999999999996	136.82428318271508	382.6918523754096
0.36019999999999996	137.92434327169573	384.1381654231303
0.36119999999999997	139.0255125538558	385.58753249903157
0.36219999999999997	140.12778182803132	387.0399482187398
0.36319999999999997	141.2311419098659	388.49540720220966
0.36419999999999997	142.33558363180404	389.95390407373395
0.36519999999999997	143.44109784308455	391.4154334619546
0.36619999999999997	144.5476754097336	392.8799899998725
0.36719999999999997	145.65530721455792	394.3475683248579
0.36819999999999997	146.76398415713768	395.8181630786602
0.3692	147.87369715381917	397.2917689074181
0.3702	148.9844371377074	398.768380461669
0.3712	150.0961950586589	400.247992396359
0.3722	151.20896188327364	401.73059937085196
0.3732	152.3227285948876	403.2161960489394
0.3742	153.4374861935647	404.70477709884926
0.3752	154.55322569608884	406.19633719325526
0.3762	155.66993813595573	407.69087100928607
0.3772	156.7876145633646	409.18837322853386
0.3782	157.90624604520977	410.68883853706336
0.3792	159.02582366507227	412.19226162542043
0.3802	160.14633852321103	413.69863718864065
0.3812	161.26778173655404	415.20795992625756
0.3822	162.39014443868967	416.72022454231126
0.3832	163.51341777985766	418.23542574535657
0.3842	164.63759292693982	419.75355824847105
0.3852	165.76266106345096	421.274616769263
0.3862	166.8886133895295	422.79859602987943
0.3872	168.0154411219279	424.32549075701377
0.3882	169.14313549400333	425.8552956819137
0.3892	170.27168775570777	427.3880055403884
0.3902	171.40108917357838	428.9236150728165
0.3912	172.53133103072759	430.46211902415314
0.3922	173.66240462683297	432.0035121439372
0.3932	174.79430127812728	433.54778918629864
0.3942	175.92701231738826	435.09494490996553
0.3952	177.06052909392832	436.6449740782711
0.3962	178.19484297358406	438.1978714591603
0.3972	179.32994533870593	439.7536318251971
0.3982	180.46582758814736	441.31224995357064
0.3992	181.60248113725447	442.87372062610234
0.4002	182.73989741785488	444.4380386292519
0.4012	183.87806787824718	446.0051987541242
0.4022	185.01698398318968	447.5751957964752
0.4032	186.1566372138895	449.1480245567186
0.4042	187.2970190679913	450.7236798399314
0.4052	188.4381210595662	452.30215645586054
0.4062	189.57993471910032	453.88344921892855
0.4072	190.72245159348336	455.46755294823953
0.4082	191.86566324599715	457.05446246758476
0.4092	193.00956125630407	458.6441726054488
0.4102	194.15413722043525	460.2366781950147
0.4112	195.2993827507789	461.8319740741697
0.4122	196.44528947606852	463.4300550855108
0.4132	197.59184904137084	465.03091607634997
0.4142	198.739053108074	466.6345518987196
0.4152	199.88689335387525	468.2409574093776
0.4162	201.03536147276887	469.8501274698124
0.41719999999999996	202.18444917503405	471.4620569462483
0.41819999999999996	203.33414818722244	473.0767407096505
0.41919999999999996	204.4844502521458	474.69417363572956
0.42019999999999996	205.63534712886346	476.3143506049466
0.42119999999999996	206.7868305926699	477.9372665025179
0.42219999999999996	207.93889243508212	479.56291621841973
0.42319999999999997	209.09152446382677	481.1912946473927
0.42419999999999997	210.24471850282768	482.8223966889465
0.42519999999999997	211.39846639219286	484.4562172473644
0.42619999999999997	212.5527599882015	486.0927512317072
0.42719999999999997	213.70759116329134	487.7319935558182
0.42819999999999997	214.86295180604526	489.3739391383268
0.42919999999999997	216.01883382117845	491.0185829026533
0.43019999999999997	217.1752291295251	492.6659197770124
0.43119999999999997	218.3321296680252	494.3159446944176
0.4322	219.48952738971136	495.9686525926852
0.4332	220.64741426369514	497.62403841443785
0.4342	221.80578227515403	499.2820971071087
0.4352	222.96462342531763	500.9428236229451
0.4362	224.12392973145433	502.6062129190123
0.4372	225.28369322685745	504.27225995719687
0.4382	226.44390596083198	505.9409597042106
0.4392	227.60455999868034	507.6123071315938
0.4402	228.7656474216891	509.2862972157189
0.4412	229.9271603271147	510.96292493779356
0.4422	231.08909082816984	512.6421852838643
0.4432	232.25143105400926	514.3240732448193
0.4442	233.41417314971622	516.0085838163924
0.4452	234.57730927628782	517.6957119991654
0.4462	235.74083161062123	519.3854527985715
0.4472	236.90473234549953	521.0778012248984
0.4482	238.06900368957733	522.7727522932912
0.4492	239.23363786736647	524.4703010237549
0.4502	240.398627119222	526.1704424411581
0.4512	241.56396370132742	527.873171575235
0.4522	242.72963988568037	529.5784834605884
0.4532	243.8956479600783	531.2863731366924
0.4542	245.0619802281036	532.996835647895
0.4552	246.22862900910943	534.7098660434204
0.4562	247.39558663820492	536.4254593773725
0.4572	248.56284546624028	538.1436107087359
0.4582	249.73039785979236	539.8643151013791
0.4592	250.89823620114979	541.5875676240571
0.4602	252.0663528882982	543.3133633504132
0.4612	253.23474033490527	545.0416973589812
0.4622	254.40339097030585	546.772564733188
0.4632	255.5722972394871	548.5059605613556
0.4642	256.7414516030734	550.2418799367028
0.4652	257.91084653731144	551.9803179573479
0.4662	259.080474534055	553.7212697263102
0.4672	260.25032810074987	555.4647303515119
0.4682	261.4203997604188	557.2106949457805
0.4692	262.59068205164607	558.9591586268499
0.4702	263.7611675285627	560.7101165173631
0.4712	264.9318487608306	562.463563744873
0.4722	266.10271833362765	564.2194954418449
0.4732	267.27376884763225	565.9779067456575
0.4742	268.4449929190078	567.7387927986048
0.4752	269.6163831793877	569.5021487478981
0.4762	270.78793227585913	571.2679697456665
0.4772	271.9596328709482	573.0362509489593
0.4782	273.13147764260435	574.8069875197469
0.4792	274.3034592841843	576.5801746249225
0.48019999999999996	275.47557050443703	578.355807436303
0.48119999999999996	276.6478040274877	580.1338811306312
0.48219999999999996	277.82015259282247	581.9143908895755
0.48319999999999996	278.9926089552719	583.6973318997327
0.48419999999999996	280.1651658849964	585.4826993526283
0.48519999999999996	281.3378161674694	587.2704884447178
0.48619999999999997	282.51055260346214	589.0606943773877
0.48719999999999997	283.68336800902773	590.8533123569566
0.48819999999999997	284.856255215485	592.6483375946765
0.48919999999999997	286.02920706940307	594.4457653067332
0.49019999999999997	287.20221643258515	596.2455907142477
0.49119999999999997	288.37527618205235	598.0478090432765
0.49219999999999997	289.5483792100282	599.8524155248133
0.49319999999999997	290.72151842392225	601.6594053947889
0.4942	291.8946867463143	603.4687738940726
0.4952	293.06787711493774	605.2805162684724
0.4962	294.2410824826644	607.0946277687362
0.4972	295.4142958174877	608.9111036505523
0.4982	296.58751010250654	610.7299391745495
0.4992	297.7607183359094	612.5511296062984
0.5002	298.933913530958	614.3746702163116
0.5012	300.10708871597103	616.200556280044
0.5022	301.2802369343078	618.0287830778934
0.5032	302.4533512443524	619.8593458952014
0.5042	303.6264247194966	621.6922400222528
0.5052	304.79945044812433	623.5274607542772
0.5062	305.97242153359485	625.3650033914479
0.5072	307.14533109422644	627.2048632388834
0.5082	308.31817226328013	629.0470356066469
0.5092	309.4909381889431	630.891515809747
0.5102	310.66362203431225	632.7382991681374
0.5112	311.83621697737783	634.5873810067174
0.5122	313.00871621100714	636.438756655332
0.5132	314.18111294292726	638.2924214487716
0.5142	315.35340039570946	640.1483707267727
0.5152	316.5255718067521	642.0065998340173
0.5162	317.69762042826403	643.8671041201331
0.5172	318.8695395272483	645.7298789396938
0.5182	320.04132238548516	647.594919652218
0.5192	321.21296229951577	649.4622216221704
0.5202	322.38445258062535	651.3317802189608
0.5212	323.55578655482657	653.2035908169443
0.5222	324.7269575628428	655.0776487954205
0.5232	325.8979589600915	656.9539495386342
0.5242	327.06878411666736	658.8324884357745
0.5252	328.2394264173256	660.7132608809744
0.5262	329.4098792614654	662.596262273311
0.5272	330.58013606311266	664.4814880168046
0.5282	331.75019025090376	666.368933520419
0.5292	332.9200352680683	668.25859419806
0.5302	334.0896645724125	670.1504654685762
0.5312	335.2590716363024	672.0445427557576
0.5322	336.4282499466466	673.9408214883355
0.5332	337.59719300488	675.839297099982
0.5342	338.7658943269465	677.7399650293095
0.5352	339.93434744328215	679.6428207198695
0.5362	341.10254589879816	681.547859620153
0.5372	342.2704832528642	683.4550771835887
0.5382	343.43815307929145	685.3644688685438
0.5392	344.6055489663152	687.2760301383217
0.5402	345.77266451657835	689.1897564611623
0.5412	346.9394933471144	691.1056433102414
0.5422	348.10602908933015	693.0236861636689
0.5432	349.2722653889888	694.943880504489
0.5442	350.4381959061931	696.8662218206791
0.5452	351.6038143153682	698.7907056051488
0.5462	352.7691143052444	700.7173273557388
0.5472	353.9340895788406	702.6460825752209
0.5482	355.0987338534468	704.5769667712962
0.5492	356.26304086060685	706.5099754565941
0.5502	357.427004346102	708.4451041486723
0.5512	358.5906180699334	710.3823483700149
0.5522	359.75387580630485	712.3217036480318
0.5532	360.91677134360594	714.2631655150572
0.5542	362.07929848439505	716.2067295083493
0.5552	363.2414510453816	718.1523911700885
0.5562	364.4032228574096	720.1001460473768
0.5572	365.5646077654401	722.0499896922363
0.5582	366.725599628534	724.0019176616081
0.5592	367.8861923198351	725.9559255173514
0.5602	369.04637972655286	727.912008826242
0.5612	370.2061557499451	729.8701631599713
0.5622	371.3655143053007	731.8303840951448
0.5632	372.5244493219227	733.7926672132811
0.5642	373.6829547431109	735.7570081008105
0.5652	374.84102452614457	737.7234023490735
0.5662	375.9986526422654	739.69184555432
0.5672	377.15583307666014	741.6623333177072
0.5682	378.3125598284434	743.6348612452989
0.5692	379.4688269106404	745.6094249480639
0.5702	380.6246283501697	747.5860200418741
0.5712	381.77995818782597	749.5646421475042
0.5722	382.93481047826253	751.5452868906286
0.5732	384.08917928997454	753.5279499018219
0.5742	385.2430587052811	755.5126268165556
0.5752	386.39644282030855	757.4993132751978
0.5762	387.54932574497275	759.488004923011
0.5771999999999999	388.7017016029619	761.4786974101505
0.5781999999999999	389.8535645317198	763.4713863916642
0.5791999999999999	391.0049086824275	765.4660675274887
0.5801999999999999	392.1557282199867	767.4627364824494
0.5811999999999999	393.3060173230023	769.4613889262585
0.5821999999999999	394.45577018376514	771.4620205335128
0.5831999999999999	395.60498100823446	773.464626983693
0.5841999999999999	396.75364401602087	775.4692039611613
0.5851999999999999	397.90175344036885	777.4757471551596
0.5861999999999999	399.04930352813926	779.4842522598084
0.5871999999999999	400.19628853979265	781.4947149741047
0.5882	401.34270274937097	783.5071310019199
0.5892	402.48854044448103	785.521496051999
0.5902	403.63379592627695	787.5378058379578
0.5912	404.7784635094425	789.5560560782815
0.5922	405.92253752217414	791.5762424963231
0.5932	407.06601230616354	793.5983608203012
0.5942	408.20888221658015	795.6224067832983
0.5952	409.351141622054	797.6483761232589
0.5962	410.49278490465815	799.6762645829876
0.5972	411.63380645989184	801.7060679101475
0.5982	412.77420069666226	803.7377818572573
0.5992	413.91396203726805	805.7714021816909
0.6002	415.05308491738145	807.8069246456738
0.6012	416.1915637860311	809.8443450162824
0.6022	417.32939310558476	811.8836590654415
0.6032	418.4665673517318	813.9248625699221
0.6042	419.6030810134659	815.9679513113399
0.6052	420.7389285930677	818.0129210761527
0.6062	421.87410460608754	820.0597676556588
0.6072	423.0086035813279	822.1084868459947
0.6082	424.1424200608263	824.1590744481331
0.6092	425.2755485998376	826.2115262678807
0.6102	426.40798376681704	828.2658381158764
0.6112	427.5397201434026	830.3220058075885
0.6122	428.67075232439777	832.3800251633138
0.6132	429.8010749177541	834.4398920081738
0.6142	430.930682544554	836.5016021721141
0.6152	432.05956983899335	838.565151489901
0.6162	433.18773144836405	840.6305358011201
0.6172	434.31516203303664	842.6977509501737
0.6182	435.44185626644327	844.7667927862789
0.6192	436.5678088350599	846.8376571634648
0.6202	437.6930144383893	848.9103399405709
0.6212	438.81746778894376	850.9848369812445
0.6222	439.94116361222746	853.0611441539384
0.6232	441.0640966467191	855.1392573319085
0.6242	442.186261643855	857.219172393212
0.6252	443.3076533680116	859.3008852207048
0.6262	444.4282665964877	861.3843917020388
0.6272	445.5480961194878	863.46968772966
0.6282	446.66713674010435	865.5567692008061
0.6292	447.7853832743006	867.6456320175041
0.6302	448.9028305508931	869.7362720865677
0.6312	450.0194734115348	871.8286853195955
0.6322	451.13530671069714	873.9228676329676
0.6332	452.25032531565336	876.0188149478442
0.6342	453.3645241064607	878.1165231901628
0.6352	454.4778979759435	880.2159882906353
0.6362	455.5904418296756	882.3172061847464
0.6372	456.70215058596335	884.4201728127505
0.6382	457.813019175828	886.5248841196693
0.6392	458.9230425429885	888.6313360552896
0.6402	460.03221564384467	890.7395245741606
0.6412	461.1405334474591	892.8494456355912
0.6422	462.24799093554077	894.9610952036481
0.6432	463.35458310242706	897.0744692471527
0.6442	464.46030495506704	899.1895637396786
0.6452	465.5651515130038	901.3063746595493
0.6462	466.6691178083573	903.4248979898354
0.6472	467.7721988858076	905.5451297183522
0.6482	468.8743898025768	907.667065837657
0.6492	469.9756856284125	909.7907023450466
0.6502	471.07608144557037	911.9160352425548
0.6512	472.1755157252335	914.0430605369492
0.6522	473.2737087252183	916.1717741528835
0.6532	474.37046189675823	918.3021715985711
0.6542	475.4657691339481	920.4342480919258
0.6552	476.559624349138	922.5679988561469
0.6562	477.6520214729129	924.7034191197239
0.6572	478.74295445407125	926.8405041164395
0.6582	479.8324172596038	928.9792490853742
0.6592	480.92040387467244	931.1196492709082
0.6602	482.00690830258924	933.2616999227264
0.6612	483.09192456479474	935.4053962958204
0.6622	484.1754467008371	937.5507336504934
0.6632	485.2574687683502	939.6977072523616
0.6642	486.3379848430327	941.8463123723595
0.6652	487.4169890186264	943.9965442867414
0.6662	488.4944754068947	946.1483982770851
0.6672	489.57043813760123	948.3018696302953
0.6682	490.6448713584881	950.4569536386064
0.6692	491.71776923525437	952.6136455995852
0.6702	492.78912595153423	954.7719408161341
0.6712	493.8589357088757	956.9318345964945
0.6722	494.9271927267184	959.0933222542482
0.6732	495.993891242372	961.2563991083217
0.6742	497.05902551099445	963.421060482988
0.6752	498.12258980557016	965.5873017078696
0.6762	499.1845784168878	967.7551181179413
0.6772	500.24498565351877	969.9245050535322
0.6782	501.3038058417949	972.0954578603291
0.6792	502.3610333257866	974.2679718893783
0.6802	503.41666246728073	976.4420424970879
0.6812	504.4706876457588	978.6176650452312
0.6822	505.5231032583743	980.794834900948
0.6832	506.5739037199311	982.9735474367473
0.6842	507.623083462861	985.1537980305097
0.6852	508.6706369372015	987.3355820654895
0.6862	509.7165586105736	989.5188949303167
0.6872	510.76084296815964	991.7037320189995
0.6882	511.80348451268065	993.8900887309258
0.6892	512.8444777643743	996.077960470866
0.6902	513.8838172609727	998.267342648974
0.6912	514.921497557679	1000.4582306807903
0.6922	515.9575132271463	1002.650619987243
0.6932	516.9918588594542	1004.84450599465
0.6942	518.0245290620866	1007.0398841347208
0.6952	519.0555184599093	1009.2367498445582
0.6962	520.0848216951473	1011.4350985666601
0.6972	521.112433427362	1013.6349257489214
0.6982	522.138348333429	1015.836226844635
0.6992	523.1625611075152	1018.0389973124942
0.7002	524.185066461056	1020.2432326165936
0.7012	525.2058591227328	1022.4489282264309
0.7022	526.2249338384503	1024.6560796169085
0.7032	527.2422853713134	1026.864682268335
0.7041999999999999	528.2579085016047	1029.0747316664254
0.7051999999999999	529.271798026762	1031.2862233023052
0.7061999999999999	530.2839487613545	1033.4991526725084
0.7071999999999999	531.2943555370612	1035.7135152789815
0.7081999999999999	532.3030132026464	1037.9293066290827
0.7091999999999999	533.3099166239385	1040.1465222355844
0.7101999999999999	534.3150606838062	1042.365157616674
0.7111999999999999	535.3184402821352	1044.5852082959548
0.7121999999999999	536.3200503358057	1046.8066698024472
0.7132	537.3198857786697	1049.0295376705903
0.7142	538.317941561527	1051.2538074402419
0.7152	539.3142126521034	1053.4794746566797
0.7162	540.3086940350263	1055.7065348706035
0.7172	541.3013807118024	1057.9349836381339
0.7182	542.2922677007947	1060.164816520815
0.7192	543.2813500371988	1062.396029085615
0.7202	544.2686227730202	1064.6286169049258
0.7212	545.2540809770506	1066.8625755565647
0.7222	546.2377197348454	1069.0979006237746
0.7232	547.2195341487001	1071.334587695226
0.7242	548.1995193376265	1073.5726323650154
0.7252	549.1776704373307	1075.8120302326674
0.7262	550.1539826001887	1078.0527769031357
0.7272	551.1284509952236	1080.2948679868023
0.7282	552.1010708080822	1082.5382990994783
0.7292	553.0718372410121	1084.7830658624055
0.7302	554.0407455128371	1087.029163902255
0.7312	555.0077908589351	1089.2765888511296
0.7322	555.9729685312145	1091.5253363465624
0.7332	556.9362737980899	1093.775402031518
0.7342	557.8977019444601	1096.026781554393
0.7352	558.8572482716835	1098.2794705690155
0.7362	559.8149080975551	1100.5334647346463
0.7372	560.7706767562828	1102.7887597159774
0.7382	561.7245495984646	1105.0453511831347
0.7392	562.6765219910642	1107.3032348116753
0.7402	563.6265893173882	1109.5624062825902
0.7412	564.5747469770617	1111.8228612823023
0.7422	565.5209903860064	1114.0845955026678
0.7432	566.4653149764151	1116.3476046409755
0.7442	567.4077161967297	1118.611884399947
0.7452	568.3481895116162	1120.8774304877363
0.7462	569.2867304019427	1123.1442386179306
0.7472	570.2233343647542	1125.4123045095487
0.7482	571.1579969132505	1127.6816238870422
0.7492	572.0907135767615	1129.952192480295
0.7502	573.0214799007236	1132.2240060246227
0.7512	573.9502914466572	1134.4970602607723
0.7522	574.877143792141	1136.7713509349219
0.7532	575.8020325307908	1139.0468737986814
0.7542	576.7249532722337	1141.3236246090912
0.7552	577.6459016420857	1143.6015991286215
0.7562	578.5648732819272	1145.8807931251729
0.7572	579.4818638492801	1148.1612023720752
0.7582	580.3968690175832	1150.4428226480875
0.7592	581.3098844761693	1152.7256497373971
0.7602	582.2209059302407	1155.0096794296198
0.7612	583.1299291008463	1157.2949075197987
0.7622	584.0369497248569	1159.5813298084033
0.7632	584.9419635549423	1161.8689421013303
0.7642	585.8449663595469	1164.1577402099012
0.7652	586.7459539228663	1166.4477199508633
0.7662	587.6449220448234	1168.7388771463875
0.7672	588.5418665410447	1171.031207624069
0.7682	589.4367832428362	1173.3247072169256
0.7692	590.3296679971598	1175.6193717633969
0.7702	591.2205166666098	1177.9151971073443
0.7712	592.1093251293884	1180.2121790980495
0.7722	592.9960892792825	1182.510313590214
0.7732	593.8808050256396	1184.8095964439578
0.7742	594.763468293344	1187.110023524819
0.7752	595.6440750227929	1189.4115907037528
0.7762	596.5226211698725	1191.7142938571299
0.7772	597.3991027059346	1194.0181288667366
0.7782	598.2735156177723	1196.3230916197724
0.7792	599.1458559075961	1198.629178008851
0.7802	600.0161195930102	1200.9363839319974
0.7812	600.8843027069889	1203.244705292647
0.7822	601.7504012978522	1205.5541379996455
0.7832	602.6144114292426	1207.8646779672474
0.7842	603.4763291801005	1210.1763211151144
0.7852	604.3361506446406	1212.4890633683144
0.7862	605.1938719323281	1214.8029006573204
0.7872	606.049489167855	1217.1178289180095
0.7882	606.9029984911159	1219.4338440916615
0.7892	607.7543960571842	1221.750942124957
0.7902	608.6036780362882	1224.0691189699771
0.7912	609.4508406137875	1226.3883705842015
0.7922	610.2958799901485	1228.7086929305071
0.7932	611.138792380921	1231.0300819771674
0.7942	611.9795740167142	1233.3525336978494
0.7952	612.8182211431729	1235.6760440716146
0.7962	613.6547300209533	1238.0006090829152
0.7972	614.4890969256991	1240.3262247215941
0.7982	615.3213181480183	1242.6528869828835
0.7992	616.1513899934587	1244.980591867402
0.8002	616.9793087824835	1247.3093353811541
0.8012	617.8050708504488	1249.6391135355295
0.8022	618.6286725475785	1251.9699223472994
0.8032	619.450110238941	1254.3017578386168
0.8042	620.2693803044247	1256.6346160370135
0.8052	621.0864791387152	1258.9684929754
0.8062	621.9014031512703	1261.3033846920619
0.8072	622.7141487662968	1263.6392872306599
0.8082	623.5247124227263	1265.9761966402273
0.8092	624.3330905741914	1268.3141089751684
0.8102	625.1392796890016	1270.6530202952567
0.8112	625.94327625012	1272.9929266656336
0.8122	626.7450767551388	1275.3338241568058
0.8132	627.5446777162558	1277.675708844644
0.8142	628.3420756602505	1280.0185768103813
0.8152	629.1372671284599	1282.3624241406105
0.8162	629.9302486767552	1284.7072469272834
0.8172	630.7210168755173	1287.053041267708
0.8182	631.5095683096134	1289.3998032645466
0.8192	632.2958995783731	1291.7475290258146
0.8202	633.0800072955642	1294.096214664878
0.8212	633.8618880893694	1296.4458563004514
0.8222	634.6415386023618	1298.796450056596
0.8232	635.4189554914819	1301.1479920627185
0.8242	636.194135428013	1303.5004784535674
0.8252	636.9670750975575	1305.8539053692325
0.8262	637.7377712000138	1308.2082689551419
0.8272	638.5062204495512	1310.5635653620602
0.8282	639.2724195745873	1312.9197907460866
0.8292	640.0363653177635	1315.2769412686528
0.8302	640.7980544359216	1317.6350130965202
0.8312	641.5574837000795	1319.9940024017787
0.8322	642.314649895408	1322.3539053618435
0.8331999999999999	643.0695498212065	1324.7147181594537
0.8341999999999999	643.8221802908795	1327.0764369826702
0.8351999999999999	644.5725381319128	1329.4390580248726
0.8361999999999999	645.3206201858496	1331.8025774847576
0.8371999999999999	646.0664233082671	1334.1669915663367
0.8382	646.8099443687521	1336.5322964789339
0.8392	647.5511802508778	1338.8984884371828
0.8402	648.2901278521804	1341.2655636610257
0.8412	649.0267840841337	1343.6335183757094
0.8422	649.7611458721279	1346.0023488117845
0.8432	650.4932101554436	1348.372051205102
0.8442	651.2229738872293	1350.7426217968116
0.8452	651.9504340344773	1353.1140568333583
0.8462	652.6755875780004	1355.4863525664812
0.8472	653.3984315124078	1357.8595052532107
0.8482	654.1189628460812	1360.2335111558652
0.8492	654.8371786011521	1362.6083665420497
0.8502	655.5530758134771	1364.9840676846532
0.8512	656.2666515326148	1367.3606108618449
0.8522	656.9779028218021	1369.7379923570738
0.8532	657.6868267579302	1372.1162084590642
0.8542	658.3934204315219	1374.4952554618148
0.8552	659.0976809467065	1376.8751296645946
0.8562	659.7996054211978	1379.2558273719415
0.8572	660.4991909862692	1381.637344893659
0.8582	661.1964347867311	1384.0196785448145
0.8592	661.8913339809063	1386.402824645735
0.8602	662.5838857406077	1388.7867795220063
0.8612	663.2740872511135	1391.1715395044696
0.8622	663.9619357111446	1393.557100929218
0.8632	664.6474283328404	1395.9434601375951
0.8642	665.3305623417356	1398.3306134761917
0.8652	666.0113349767369	1400.7185572968435
0.8662	666.6897434900985	1403.1072879566275
0.8672	667.3657851474001	1405.49680181786
0.8682	668.0394572275221	1407.8870952480936
0.8692	668.7107570226228	1410.2781646201145
0.8702	669.3796818381151	1412.67000631194
0.8712	670.0462289926421	1415.0626167068147
0.8722	670.7103958180548	1417.4559921932087
0.8732	671.3721796593882	1419.8501291648147
0.8742	672.0315778748372	1422.2450240205444
0.8752	672.6885878357348	1424.6406731645263
0.8762	673.3432069265269	1427.0370730061027
0.8772	673.9954325447503	1429.434219959827
0.8782	674.6452621010083	1431.8321104454599
0.8792	675.2926930189483	1434.2307408879678
0.8802	675.9377227352379	1436.630107717519
0.8812	676.5803486995412	1439.0302073694809
0.8822	677.2205683744965	1441.4310362844174
0.8832	677.8583792356919	1443.8325909080854
0.8842	678.4937787716431	1446.2348676914323
0.8852	679.126764483769	1448.6378630905929
0.8862	679.7573338863693	1451.0415735668857
0.8872	680.3854845066006	1453.4459955868113
0.8882	681.0112138844538	1455.851125622048
0.8892	681.6345195727303	1458.2569601494497
0.8902	682.2553991370189	1460.6634956510422
0.8912	682.873850155673	1463.0707286140207
0.8922	683.4898702197869	1465.478655530746
0.8932	684.1034569331728	1467.8872728987421
0.8942	684.7146079123378	1470.2965772206928
0.8952	685.3233207864605	1472.706565004439
0.8962	685.929593197368	1475.117232762974
0.8972	686.5334227995129	1477.5285770144433
0.8982	687.1348072599496	1479.9405942821381
0.8992	687.7337442583123	1482.3532810944948
0.9002	688.3302314867906	1484.7666339850903
0.9012	688.9242666501076	1487.1806494926395
0.9022	689.5158474654959	1489.5953241609916
0.9032	690.1049716626754	1492.0106545391275
0.9042	690.6916369838297	1494.426637181156
0.9052	691.2758411835831	1496.843268646311
0.9062	691.8575820289783	1499.260545498948
0.9072	692.4368572994524	1501.6784643085412
0.9082	693.0136647868145	1504.0970216496798
0.9092	693.588002295223	1506.5162141020646
0.9102	694.1598676411618	1508.9360382505056
0.9112	694.7292586534186	1511.3564906849176
0.9122	695.296173173061	1513.7775680003178
0.9132	695.8606090534137	1516.199266796822
0.9142	696.4225641600364	1518.6215836796412
0.9152	696.9820363707	1521.0445152590785
0.9162	697.5390235753644	1523.4680581505258
0.9172	698.0935236761553	1525.8922089744603
0.9182	698.6455345873418	1528.316964356441
0.9192	699.1950542353129	1530.742320927106
0.9202	699.7420805585556	1533.1682753221676
0.9212	700.2866115076316	1535.5948241824108
0.9222	700.8286450451544	1538.0219641536885
0.9232	701.3681791457674	1540.449691886919
0.9242	701.9052117961199	1542.8780040380816
0.9252	702.4397409948458	1545.306897268214
0.9262	702.97176475254	1547.7363682434086
0.9272	703.5012810917358	1550.166413634809
0.9282	704.0282880468827	1552.5970301186062
0.9292	704.5527836643234	1555.0282143760355
0.9302	705.0747660022713	1557.4599630933735
0.9312	705.5942331307881	1559.8922729619335
0.9322	706.1111831317606	1562.3251406780626
0.9332	706.6256140988792	1564.7585629431385
0.9342	707.1375241376139	1567.1925364635654
0.9352	707.6469113651933	1569.6270579507702
0.9362	708.1537739105813	1572.0621241212004
0.9372	708.6581099144543	1574.497731696319
0.9382	709.1599175291793	1576.9338774026019
0.9392	709.6591949187917	1579.3705579715336
0.9402	710.1559402589717	1581.8077701396037
0.9412	710.6501517370231	1584.2455106483048
0.9422	711.1418275518503	1586.6837762441264
0.9432	711.6309659139357	1589.1225636785534
0.9442	712.1175650453182	1591.5618697080615
0.9452	712.6016231795696	1594.0016910941135
0.9462	713.0831385617738	1596.4420246031566
0.9472	713.5621094485028	1598.8828670066173
0.9482	714.038534107796	1601.3242150808994
0.9492	714.5124108191364	1603.7660656073788
0.9502	714.9837378734297	1606.208415372401
0.9512	715.4525135729813	1608.6512611672772
0.9522	715.918736231474	1611.0945997882798
0.9532	716.3824041739465	1613.5384280366397
0.9542	716.8435157367702	1615.9827427185426
0.9552	717.302069267628	1618.4275406451238
0.9562	717.7580631254916	1620.872818632467
0.9572	718.2114956805993	1623.3185735015982
0.9582	718.6623653144344	1625.7648020784834
0.9592	719.1106704197026	1628.211501194025
0.9601999999999999	719.5564094003101	1630.6586676840564
0.9611999999999999	719.9995806713418	1633.1062983893405
0.9621999999999999	720.4401826590387	1635.554390155564
0.9632	720.8782138007764	1638.0029398333354
0.9642	721.3136725450428	1640.451944278179
0.9652	721.7465573514163	1642.9014003505335
0.9662	722.1768666905438	1645.3513049157466
0.9672	722.6045990441185	1647.8016548440723
0.9682	723.0297529048585	1650.252447010666
0.9692	723.4523267764845	1652.7036782955818
0.9702	723.8723191736977	1655.1553455837677
0.9712	724.2897286221588	1657.6074457650623
0.9722	724.7045536584653	1660.0599757341913
0.9732	725.1167928301298	1662.512932390763
0.9742	725.5264446955588	1664.9663126392645
0.9752	725.9335078240304	1667.420113389059
0.9762	726.3379807956721	1669.87433155438
0.9772	726.7398622014405	1672.3289640543292
0.9782	727.1391506430977	1674.7840078128716
0.9792	727.5358447331912	1677.239459758832
0.9802	727.9299430950314	1679.6953168258915
0.9812	728.3214443626699	1682.1515759525828
0.9822	728.7103471808782	1684.6082340822866
0.9832	729.096650205126	1687.0652881632284
0.9842	729.4803521015594	1689.5227351484737
0.9852	729.8614515469798	1691.9805719959243
0.9862	730.239947228821	1694.438795668315
0.9872	730.6158378451298	1696.8974031332084
0.9882	730.9891221045425	1699.3563913629926
0.9892	731.3597987262646	1701.815757334876
0.9902	731.7278664400486	1704.2754980308841
0.9912	732.0933239861731	1706.7356104378548
0.9922	732.4561701154211	1709.1960915474353
0.9932	732.8164035890582	1711.6569383560775
0.9942	733.1740231788121	1714.1181478650349
0.9952	733.5290276668503	1716.579717080357
0.9962	733.8814158457594	1719.0416430128878
0.9972	734.2311865185235	1721.5039226782592
0.9982	734.5783384985024	1723.9665530968884
0.9992	734.9228706094115	1726.4295312939744
1.0002	735.2647816852991	1728.8928542994927
1.0012	735.6040705705265	1731.3565191481923
1.0022	735.9407361197455	1733.8205228795907
1.0032	736.2747771978782	1736.2848625379715
1.0042	736.6061926800953	1738.7495351723783
1.0052	736.9349814517951	1741.2145378366133
1.0062	737.2611424085819	1743.67986758923
1.0072	737.5846744562459	1746.1455214935327
1.0082	737.9055765107407	1748.611496617569
1.0092	738.2238474981635	1751.0777900341295
1.0102	738.5394863547332	1753.5443988207396
1.0112	738.8524920267697	1756.0113200596593
1.0122	739.162863470673	1758.478550837876
1.0132	739.4705996529017	1760.9460882471033
1.0142	739.7763287677243	1763.4139293837738
1.0152	740.0832376387361	1765.8820719689584
1.0162	740.394009601619	1768.3505168672928
1.0172	740.708646039976	1770.8192675827925
1.0182	741.0271483529878	1773.2883276139419
1.0192	741.3495179553832	1775.7577004537293
1.0202	741.6757562774086	1778.227389589675
1.0212	742.0058647647986	1780.6973985038665
1.0222	742.3398448787462	1783.1677306729844
1.0232	742.677698095874	1785.6383895683398
1.0242	743.0194259082048	1788.1093786558988
1.0252	743.3650298231328	1790.5807013963179
1.0262	743.7145113633953	1793.0523612449726
1.0272	744.067872067044	1795.5243616519867
1.0282	744.4251134874172	1797.996706062266
1.0292	744.7862371931108	1800.4693979155231
1.0302	745.1512447679521	1802.9424406463138
1.0312	745.5201378109709	1805.4158376840605
1.0322	745.8929179363732	1807.8895924530875
1.0332	746.2695867735132	1810.363708372646
1.0342	746.6501459668668	1812.8381888569472
1.0352	747.0345971760053	1815.3130373151876
1.0362	747.4229420755679	1817.7882571515825
1.0372	747.8151823552364	1820.2638517653909
1.0382	748.2113197197085	1822.7398245509478
1.0392	748.611355888672	1825.2161788976898
1.0402	749.0152925967793	1827.692918190187
1.0412	749.4231315936217	1830.1700458081668
1.0422	749.8348746437042	1832.6475651265484
1.0432	750.2505235264201	1835.1254795154641
1.0442	750.670080036027	1837.6037923402941
1.0452	751.0935459816207	1840.0825069616876
1.0462	751.5209231871119	1842.5616267355974
1.0472	751.9522134912011	1845.041155013301
1.0482	752.387418747355	1847.5210951414342
1.0492	752.8265408237824	1850.001450462013
1.0502	753.2695816034101	1852.4822243124656
1.0512	753.7165429838594	1854.963420025655
1.0522	754.1674268774236	1857.445040929911
1.0532	754.6222352110435	1859.927090349052
1.0542	755.0809699262854	1862.4095716024158
1.0552	755.5436329793175	1864.892488004883
1.0562	756.010226340888	1867.3758428669073
1.0572	756.4807519963022	1869.8596394945373
1.0582	756.9552119454	1872.3438811894468
1.0592	757.4336082025347	1874.8285712489583
1.0602	757.9159427965501	1877.3137129660709
1.0612	758.4022177707592	1879.7993096294842
1.0622	758.8924351829227	1882.2853645236264
1.0632	759.3865971052272	1884.7718809286778
1.0642	759.8847056242649	1887.258862120598
1.0652	760.3867628410115	1889.7463113711497
1.0662	760.8927708708061	1892.2342319479264
1.0672	761.4027318433298	1894.7226271143747
1.0682	761.916647902586	1897.2115001298223
1.0692	762.4345212068795	1899.7008542494998
1.0702	762.9563539287966	1902.1906927245693
1.0712	763.4821482551848	1904.6810188021452
1.0722	764.0119063871334	1907.1718357253228
1.0732	764.5456305399531	1909.6631467331988
1.0742	765.0833229431577	1912.1549550609
1.0752	765.6249858404432	1914.647263939603
1.0762	766.17062148967	1917.140076596563
1.0772	766.7202321628432	1919.633396255134
1.0782	767.2738201460938	1922.1272261347954
1.0792	767.8313877396603	1924.6215694511745
1.0802	768.3929372578697	1927.1164294160715
1.0812	768.9584710291197	1929.611809237481
1.0822	769.52799139586	1932.1077121196192
1.0832	770.1015007145746	1934.6041412629424
1.0842	770.679001355764	1937.101099864176
1.0852	771.2604957039264	1939.5985911163318
1.0862	771.8459861575423	1942.0966182087373
1.0872	772.4354751290543	1944.5951843270532
1.0882	773.0289650448526	1947.094292653301
1.0892	773.6264583452557	1949.5939463658813
1.0902	774.2279574844949	1952.0941486396011
1.0912	774.8334649306964	1954.594902645693
1.0922	775.4429831658656	1957.0962115518403
1.0932	776.0565146858697	1959.5980785221964
1.0942	776.6740620004226	1962.1005067174108
1.0952	777.2956276330669	1964.603499294648
1.0962	777.9212141211599	1967.107059407613
1.0972	778.5508240158557	1969.6111902065695
1.0982	779.1844598820912	1972.1158948383663
1.0992	779.8221242985688	1974.6211764464542
1.1002	780.4638198577429	1977.1270381709132
1.1012	781.1095491658024	1979.6334831484692
1.1022	781.7593148426575	1982.1405145125195
1.1032	782.4131195219231	1984.6481353931513
1.1042	783.0709658509053	1987.1563489171658
1.1052	783.7328564905848	1989.6651582080967
1.1062	784.3987941156048	1992.1745663862348
1.1072	785.068781414254	1994.6845765686453
1.1082	785.7428210884542	1997.1951918691927
1.1092	786.4209158537446	1999.7064153985584
1.1102	787.1030684392696	2002.218250264265
1.1112	787.7892815877624	2004.7306995706927
1.1122	788.4795580555337	2007.243766419105
1.1132	789.1739006124564	2009.7574539076645
1.1142	789.8723120419527	2012.2717651314583
1.1152	790.5747951409805	2014.7867031825133
1.1162	791.2813527200211	2017.3022711498218
1.1172	791.9919876030644	2019.8184721193566
1.1182	792.7067026275977	2022.3353091740962
1.1192	793.425500644591	2024.8527853940402
1.1202	794.1483845184866	2027.3709038562338
1.1212	794.8753571271842	2029.8896676347829
1.1222	795.6064213620303	2032.40907980088
1.1232	796.3415801278045	2034.9291434228167
1.1242	797.0808363427084	2037.4498615660107
1.1252	797.8241929383524	2039.9712372930196
1.1262	798.5716528597458	2042.493273663565
1.1272	799.3232190652818	2045.0159737345473
1.1282	800.0788945267294	2047.5393405600698
1.1292	800.8386822292189	2050.063377191454
1.1302	801.6025851712327	2052.5880866772623
1.1312	802.3706063645919	2055.113472063313
1.1322	803.1427488344476	2057.6395363927054
1.1332	803.9190156192672	2060.166282705831
1.1342	804.699409770826	2062.6937140404
1.1352	805.483934354194	2065.2218334314543
1.1362	806.2725924477276	2067.750643911391
1.1372	807.0653871430568	2070.2801485099762
1.1382	807.8623215450767	2072.8103502543686
1.1392	808.6633987719355	2075.3412521691334
1.1402	809.468621955026	2077.872857276265
1.1412	810.2779942389739	2080.4051685952013
1.1422	811.0915187816292	2082.9381891428466
1.1432	811.9091987540552	2085.471921933584
1.1442	812.7310373405198	2088.0063699792995
1.1452	813.5570377384851	2090.541536289396
1.1462	814.3872031585987	2093.0774238708145
1.1472	815.2215368246832	2095.614035728048
1.1482	816.0600419737285	2098.1513748631637
1.1492	816.9027218558812	2100.689444275817
1.1502000000000001	817.7495797344362	2103.2282469632737
1.1512	818.600618885828	2105.767785920422
1.1522000000000001	819.4558425996217	2108.3080641397946
1.1532	820.3152541785041	2110.8490846115847
1.1542	821.1788569382753	2113.3908503236635
1.1552	822.0466542078409	2115.9333642615984
1.1562	822.9186493292019	2118.4766294086676
1.1572	823.7948456574488	2121.0206487458818
1.1582	824.675246560751	2123.5654252519957
1.1592	825.5598554203516	2126.110961903532
1.1602	826.4486756305564	2128.6572616747917
1.1612	827.3417105987288	2131.2043275378765
1.1622	828.2389637452803	2133.7521624627016
1.1632	829.1404385036641	2136.300769417016
1.1642	830.0461383203668	2138.8501513664164
1.1652	830.9560666549015	2141.400311274366
1.1662	831.8702269798002	2143.9512521022098
1.1672	832.7886227806074	2146.5029768091927
1.1682	833.7112575558717	2149.0554883524737
1.1692	834.6381348171406	2151.608789687146
1.1702	835.5692580889519	2154.162883766249
1.1712	836.5046309088286	2156.717773540789
1.1722	837.444256827271	2159.273461959752
1.1732	838.388139407751	2161.8299519701222
1.1742	839.3362822267048	2164.387246516896
1.1752	840.288688873528	2166.9453485431018
1.1762	841.2453629505679	2169.5042609898114
1.1772	842.2063080731183	2172.06398679616
1.1782	843.171527869413	2174.624528899359
1.1792	844.1410259806206	2177.1858902347153
1.1802	845.1148060608376	2179.7480737356427
1.1812	846.0928717770837	2182.3110823336824
1.1822	847.0752268092955	2184.8749189585146
1.1832	848.0618748503222	2187.439586537978
1.1842	849.0528196059175	2190.00508799808
1.1852	850.0480647947383	2192.57142626302
1.1862	851.0476141483351	2195.1386042551962
1.1872	852.051471411151	2197.706624895229
1.1882	853.0596403405133	2200.27549110197
1.1892	854.0721247066305	2202.8452057925206
1.1902	855.0889282925872	2205.4157718822466
1.1912	856.1100548943392	2207.9871922847947
1.1922	857.135508320708	2210.5594699121034
1.1932	858.1652923933788	2213.132607674425
1.1942	859.1994109468923	2215.7066084803323
1.1952	860.2378678286442	2218.2814752367417
1.1962	861.2806668988779	2220.857210848921
1.1972	862.3278120306826	2223.4338182205106
1.1982	863.3793071099873	2226.0113002535327
1.1992	864.4351560355587	2228.589659848411
1.2002	865.4953627189957	2231.168899903981
1.2012	866.5599310847268	2233.7490233175085
1.2022	867.6288650700054	2236.3300329847007
1.2032	868.7021686249075	2238.9119317997242
1.2042	869.7798457123265	2241.4947226552163
1.2052	870.8619003079716	2244.0784084423026
1.2062	871.9483364003627	2246.6629920506075
1.2072	873.0391579908287	2249.2484763682733
1.2082	874.1343690935033	2251.83486428197
1.2092	875.2339737353227	2254.4221586769127
1.2102	876.3379759560215	2257.0103624368735
1.2112	877.4463798081321	2259.599478444199
1.2122	878.559189356978	2262.189509579819
1.2132	879.6764086806759	2264.780458723267
1.2142	880.798041870129	2267.3723287526886
1.2152	881.9240930290273	2269.9651225448592
1.2162	883.0545662738426	2272.5588429751947
1.2172	884.1894657338294	2275.15349291777
1.2182	885.328795551019	2277.7490752453273
1.2192	886.4725598802202	2280.345592829294
1.2202	887.6207628890152	2282.9430485397943
1.2212	888.7734087577599	2285.541445245665
1.2222	889.9305016795787	2288.140785814465
1.2232	891.0920458603663	2290.741073112494
1.2242	892.2580455187826	2293.342310004802
1.2252	893.4285048862542	2295.944499355206
1.2262	894.6034282069697	2298.5476440262996
1.2272	895.7828197378809	2301.1517468794714
1.2282	896.966683748699	2303.756810774912
1.2292	898.1550245218956	2306.362838571634
1.2302	899.3478463526997	2308.969833127481
1.2312	900.5451535490971	2311.577797299141
1.2322	901.7469504318295	2314.186733942162
1.2332	902.9532413343937	2316.796645910964
1.2342	904.1640306030392	2319.407536058849
1.2352	905.3793225967696	2322.0194072380195
1.2362	906.5991216873399	2324.6322622995876
1.2372	907.8234322592575	2327.24610409359
1.2382	909.0522587097797	2329.8609354689984
1.2392	910.285605448915	2332.476759273736
1.2402	911.5234768994211	2335.093578354687
1.2412	912.7658774968063	2337.7113955577115
1.2422	914.0128116893272	2340.330213727657
1.2432	915.2642839379901	2342.9500357083716
1.2442	916.5202987165496	2345.570864342717
1.2452	917.7808605115106	2348.1927024725815
1.2462	919.045973822125	2350.815552938889
1.2472	920.3156431603959	2353.439418581619
1.2482	921.5898730510739	2356.0643022398103
1.2492	922.8686680316606	2358.690206751581
1.2502	924.1520326524056	2361.3171349541344
1.2512	925.4399714763109	2363.945089683778
1.2522	926.7324890791276	2366.574073775929
1.2532	928.0295900493593	2369.2040900651327
1.2542	929.3312789882608	2371.8351413850714
1.2552	930.6375605098402	2374.4672305685776
1.2562	931.9484392408585	2377.100360447644
1.2572	933.2639198208321	2379.7345338534415
1.2582	934.5840069020317	2382.369753616323
1.2592	935.9087051494852	2385.006022565844
1.2602	937.2380192409771	2387.643343530767
1.2612	938.5719538670514	2390.2817193390797
1.2622	939.9105137310114	2392.921152818002
1.2632	941.2537035489223	2395.561646794003
1.2642	942.6015280496111	2398.2032040928075
1.2652	943.9539919746696	2400.8458275394123
1.2662	945.3111000784546	2403.4895199580947
1.2672	946.672857128091	2406.1342841724277
1.2682	948.0392679034715	2408.780123005288
1.2692	949.4103371972607	2411.427039278871
1.2702	950.7860698148946	2414.075035814699
1.2712	952.1664705745848	2416.7241154336375
1.2722	953.5515443073183	2419.3742809559026
1.2732	954.9412958568611	2422.025535201074
1.2742	956.3357300797596	2424.6778809881075
1.2752000000000001	957.7348518453433	2427.331321135345
1.2762	959.1386660357259	2429.9858584605267
1.2772000000000001	960.54717754581	2432.6414957808033
1.2782	961.9603912832863	2435.2982359127454
1.2792000000000001	963.3783121686391	2437.9560816723574
1.2802	964.8009451351459	2440.615035875085
1.2812	966.2282951288836	2443.275101335833
1.2822	967.6603671087279	2445.9362808689684
1.2832	969.0971660463574	2448.598577288338
1.2842	970.5386969262572	2451.261993407278
1.2852	971.9849647457194	2453.9265320386216
1.2862	973.4359745148498	2456.592195994717
1.2872	974.8917312565666	2459.2589880874298
1.2882	976.3522400066073	2461.926911128164
1.2892	977.8175058135291	2464.5959679278644
1.2902	979.2875337387142	2467.2661612970323
1.2912	980.7623288563708	2469.9374940457346
1.2922	982.2418962535394	2472.6099689836165
1.2932	983.7262410300931	2475.283588919909
1.2942	985.2153682987445	2477.958356663446
1.2952	986.7092831850455	2480.634275022667
1.2962	988.2079908273945	2483.3113468056363
1.2972	989.7114963770368	2485.9895748200447
1.2982	991.2198049980719	2488.6689618732303
1.2992	992.7329218674543	2491.3495107721806
1.3002	994.2508521749987	2494.031224323548
1.3012	995.7736011233836	2496.7141053336586
1.3022	997.301173928157	2499.398156608525
1.3032	998.8335758177371	2502.083380953853
1.3042	1000.3708120334203	2504.7697811750572
1.3052	1001.9128878293817	2507.4573600772655
1.3062	1003.4598084726833	2510.146120465337
1.3072	1005.0115792432746	2512.8360651438647
1.3082	1006.5682054339999	2515.527196917192
1.3092	1008.129692350601	2518.21951858942
1.3102	1009.6960453117231	2520.91303296442
1.3112	1011.2672696489176	2523.6077428458398
1.3122	1012.8433707066495	2526.3036510371203
1.3132	1014.4243538422987	2529.0007603414997
1.3142	1016.0102244261687	2531.6990735620293
1.3152	1017.6009878414876	2534.398593501578
1.3162	1019.196649484416	2537.0993229628475
1.3172	1020.7972147640502	2539.8012647483793
1.3182	1022.4026891024288	2542.5044216605675
1.3192	1024.0130779345359	2545.208796501666
1.3202	1025.6283867083082	2547.914392073801
1.3212	1027.2486208846392	2550.621211178981
1.3222	1028.8737859373846	2553.3292566191053
1.3232	1030.5038873533672	2556.038531195974
1.3242	1032.1389306323847	2558.7490377113018
1.3252	1033.7789212872108	2561.460778966721
1.3262	1035.4238648436062	2564.1737577638005
1.3272	1037.0737668403192	2566.8879769040464
1.3282	1038.7286328290952	2569.6034391889193
1.3292	1040.388468374679	2572.320147419839
1.3302	1042.053279054825	2575.0381043982
1.3312	1043.7230704602973	2577.7573129253738
1.3322	1045.3978481948825	2580.4777758027267
1.3332	1047.0776178753883	2583.1994958316222
1.3342	1048.7623851316566	2585.922475813438
1.3352	1050.4521556065633	2588.6467185495685
1.3362	1052.1469349560305	2591.372226841442
1.3372	1053.8467288490267	2594.099003490523
1.3382	1055.5515429675786	2596.8270512983277
1.3392	1057.2613830067723	2599.556373066429
1.3402	1058.9762546747659	2602.286971596472
1.3412	1060.696163692788	2605.018849690176
1.3422	1062.421115795153	2607.752010149352
1.3432	1064.1511167292595	2610.4864557759047
1.3442	1065.8861722556037	2613.222189371849
1.3452	1067.6262881477812	2615.959213739313
1.3462	1069.371470192497	2618.6975316805538
1.3472	1071.1217241895702	2621.4371459979616
1.3482	1072.877055951942	2624.178059494073
1.3492	1074.6374713056828	2626.9202749715764
1.3502	1076.402976089998	2629.6637952333267
1.3512	1078.173576157236	2632.4086230823495
1.3522	1079.949277372896	2635.1547613218545
1.3532	1081.730085615632	2637.9022127552403
1.3542	1083.5160067772663	2640.6509801861102
1.3552	1085.307046762788	2643.4010664182742
1.3562	1087.1032114903696	2646.152474255764
1.3572	1088.9045068913665	2648.9052065028377
1.3582	1090.7109389103305	2651.6592659639946
1.3592	1092.5225135050123	2654.414655443977
1.3602	1094.3392366463743	2657.1713777477876
1.3612	1096.1611143185924	2659.9294356806904
1.3622	1097.9881525190697	2662.6888320482276
1.3632	1099.8203572584384	2665.4495696562217
1.3642	1101.6577345605733	2668.211651310791
1.3652	1103.5002904625946	2670.9750798183527
1.3662	1105.348031014879	2673.739857985637
1.3672	1107.2009622810665	2676.5059886196923
1.3682	1109.0590903380694	2679.2734745278976
1.3692	1110.9224212760776	2682.0423185179675
1.3702	1112.790961198571	2684.8125233979654
1.3712	1114.6647162223242	2687.584091976308
1.3722	1116.5436924774165	2690.3570270617797
1.3732	1118.4278961072391	2693.1313314635354
1.3742	1120.317333268505	2695.907007991115
1.3752	1122.2120101312548	2698.684059454446
1.3762	1124.1119328788693	2701.462488663861
1.3772	1126.0171077080727	2704.242298430097
1.3782	1127.9275408289468	2707.023491564312
1.3792	1129.8432384649345	2709.8060708780868
1.3802	1131.7642068528528	2712.590039183441
1.3812	1133.690452242898	2715.3753992928364
1.3822	1135.6219808986582	2718.162154019189
1.3832	1137.5587990971167	2720.950306175873
1.3842	1139.5009131286681	2723.739858576737
1.3852	1141.4483292971202	2726.5308140361035
1.3862	1143.4010539197086	2729.3231753687874
1.3872	1145.359093327102	2732.116945390096
1.3882	1147.3224538634133	2734.912126915843
1.3892	1149.291141886208	2737.7087227623547
1.3902	1151.2651637665142	2740.50673574648
1.3912	1153.2445258888304	2743.3061686855967
1.3922	1155.2292346511365	2746.107024397623
1.3932	1157.219296464902	2748.909305701023
1.3942	1159.2147177550967	2751.713015414819
1.3952	1161.2155049601974	2754.5181563585943
1.3962	1163.221664532203	2757.32473135251
1.3972	1165.2332029366369	2760.1327432173034
1.3982	1167.2501266525621	2762.942194774305
1.3992	1169.272442172589	2765.7530888454417
1.4002000000000001	1171.3001560028858	2768.5654282532487
1.4012	1173.3332746631868	2771.3792158208744
1.4022000000000001	1175.3718046868037	2774.1944543720915
1.4032	1177.415752620635	2777.011146731304
1.4042000000000001	1179.465125025177	2779.8292957235576
1.4052	1181.519928474531	2782.648904174543
1.4062000000000001	1183.5801695564173	2785.4699749106107
1.4072	1185.6458548721823	2788.2925107587744
1.4082	1187.7169910368093	2791.116514546721
1.4092	1189.7935846789308	2793.9419891028206
1.4102	1191.8756424408348	2796.76893725613
1.4112	1193.9631709784799	2799.5973618364073
1.4122	1196.0561769615013	2802.4272656741136
1.4132	1198.1546670732248	2805.258651600427
1.4142	1200.258648010674	2808.0915224472456
1.4152	1202.3681264845845	2810.9258810472
1.4162	1204.4831092194104	2813.761730233658
1.4172	1206.6036029533393	2816.599072840736
1.4182	1208.7296144382988	2819.437911703303
1.4192	1210.8611504399714	2822.2782496569944
1.4202	1212.9982177378008	2825.120089538213
1.4212	1215.1408231250073	2827.9634341841443
1.4222	1217.2889734085938	2830.808286432757
1.4232	1219.4426754093638	2833.6546491228205
1.4242	1221.6019359619236	2836.5025250939025
1.4252	1223.7667619147005	2839.351917186385
1.4262	1225.9371601299501	2842.2028282414676
1.4272	1228.1131374837698	2845.0552611011785
1.4282	1230.2947008661072	2847.9092186083794
1.4292	1232.481857180775	2850.7647036067783
1.4302	1234.6746133454578	2853.62171894093
1.4312	1236.8729762917292	2856.4802674562525
1.4322	1239.0769529650563	2859.3403519990275
1.4332	1241.286550324818	2862.2019754164135
1.4342	1243.501775344312	2865.065140556451
1.4352	1245.7226350107676	2867.929850268071
1.4362	1247.9491363253571	2870.796107401102
1.4372	1250.1812863032098	2873.6639148062814
1.4382	1252.4190919734192	2876.5332753352577
1.4392	1254.6625603790596	2879.4041918406037
1.4402	1256.9116985771932	2882.2766671758186
1.4412	1259.1665136388865	2885.1507041953428
1.4422	1261.4270126492183	2888.0263057545585
1.4432	1263.693202707296	2890.903474709805
1.4442	1265.9650909262616	2893.7822139183763
1.4452	1268.2426844333108	2896.662526238541
1.4462	1270.5259903696985	2899.544414529539
1.4472	1272.8150158907563	2902.4278816515975
1.4482	1275.1097681659005	2905.3129304659324
1.4492	1277.4102543786487	2908.199563834761
1.4502	1279.7164817266264	2911.087784621305
1.4512	1282.0284574215862	2913.9775956898043
1.4522	1284.3461886894133	2916.868999905516
1.4532	1286.6696827701448	2919.7620001347314
1.4542	1288.9989469179757	2922.6565992447763
1.4552	1291.333988401276	2925.5528001040225
1.4562	1293.674814502601	2928.4506055818943
1.4572	1296.0214325187062	2931.3500185488765
1.4582	1298.3738497605566	2934.25104187652
1.4592	1300.7309608938253	2937.153678437453
1.4602	1303.087930376884	2940.057930343289
1.4612	1305.4431940802679	2942.963796390919
1.4622	1307.7967468144298	2945.87127430829
1.4632	1310.1485833965419	2948.7803618229113
1.4642	1312.4986986504978	2951.691056661852
1.4652	1314.8470874069221	2954.6033565517555
1.4662	1317.1937445031733	2957.517259218835
1.4672	1319.5386647833548	2960.43276238889
1.4682	1321.881843098314	2963.3498637872995
1.4692	1324.2232743056563	2966.2685611390402
1.4702	1326.5629532697444	2969.1888521686806
1.4712	1328.9008748617093	2972.110734600395
1.4722	1331.237033959452	2975.0342061579627
1.4732	1333.5714254476538	2977.9592645647786
1.4742	1335.904044217778	2980.885907543853
1.4752	1338.2348851680792	2983.8141328178235
1.4762	1340.5639432036064	2986.7439381089534
1.4772	1342.8912132362118	2989.6753211391438
1.4782	1345.2166901845524	2992.6082796299324
1.4792	1347.5403689741008	2995.542811302506
1.4802	1349.8622445371457	2998.4789138776982
1.4812	1352.182311812802	3001.416585076001
1.4822	1354.5005657470138	3004.355822617566
1.4832	1356.8170012925605	3007.296624222213
1.4842	1359.131613409062	3010.2389876094308
1.4852	1361.4443970629868	3013.1829104983885
1.4862	1363.755347227652	3016.1283906079348
1.4872	1366.0644588832358	3019.0754256566083
1.4882	1368.3717270167756	3022.0240133626376
1.4892	1370.6771466221803	3024.974151443952
1.4902	1372.98071270023	3027.9258376181824
1.4912	1375.2824202585848	3030.879069602669
1.4922	1377.5822643117876	3033.833845114464
1.4932	1379.8802398812722	3036.7901618703418
1.4942	1382.1763419953654	3039.7480175867963
1.4952	1384.4705656892954	3042.707409980055
1.4962	1386.762906005192	3045.668336766076
1.4972	1389.0533579920984	3048.63079566056
1.4982	1391.3419167059699	3051.59478437895
1.4992	1393.6285772096842	3054.5603006364404
1.5002	1395.9133345730409	3057.5273421479787
1.5012	1398.1961838727716	3060.495906628274
1.5022	1400.4771201925419	3063.4659917917998
1.5032	1402.7561386229572	3066.4375953527997
1.5042	1405.0332342615668	3069.4107150252926
1.5052	1407.3084022128694	3072.3853485230775
1.5062	1409.5816375883182	3075.361493559739
1.5072	1411.8529355063251	3078.3391478486524
1.5082	1414.1222910922638	3081.318309102987
1.5092	1416.3896994784793	3084.298975035715
1.5102	1418.6551558042859	3087.281143359611
1.5112	1420.9186552159777	3090.2648117872636
1.5122	1423.1801928668292	3093.2499780310736
1.5132	1425.439763917103	3096.2366398032646
1.5142	1427.6973635340505	3099.2247948158833
1.5152	1429.9529868919208	3102.2144407808096
1.5162	1432.2066291719607	3105.205575409756
1.5172	1434.458285562424	3108.198196414278
1.5182	1436.7079512585692	3111.1923015057723
1.5192	1438.9556214626723	3114.187888395491
1.5202	1441.2012913840226	3117.184954794536
1.5212	1443.4449562389343	3120.183498413874
1.5222	1445.6866112507446	3123.1835169643323
1.5232	1447.9262516498222	3126.1850081566104
1.5242	1450.1638726735694	3129.1879697012814
1.5252000000000001	1452.3994695664276	3132.1923993087994
1.5262	1454.6330375798793	3135.1982946895
1.5272000000000001	1456.864571972455	3138.205653553611
1.5282	1459.0940680097344	3141.2144736112514
1.5292000000000001	1461.3215209643524	3144.224752572441
1.5302	1463.5469261160017	3147.2364881471017
1.5312000000000001	1465.7702787514393	3150.2496780450665
1.5322	1467.9915741644854	3153.2643199760773
1.5332000000000001	1470.2108076560346	3156.280411649799
1.5342	1472.4279745340507	3159.297950775814
1.5352000000000001	1474.64307011358	3162.316935063637
1.5362	1476.8560897167474	3165.337362222712
1.5372	1479.067028672764	3168.35922996242
1.5382	1481.2758823179315	3171.3825359920866
1.5392	1483.4826459956419	3174.4072780209794
1.5402	1485.6873150563858	3177.433453758322
1.5412	1487.889884857753	3180.4610609132897
1.5422	1490.0903507644373	3183.4900971950215
1.5432	1492.2887081482393	3186.520560312619
1.5442	1494.4849523880707	3189.5524479751566
1.5452	1496.6790788699575	3192.5857578916803
1.5462	1498.871082987044	3195.620487771218
1.5472	1501.060960139594	3198.656635322779
1.5482	1503.248705734999	3201.6941982553644
1.5492	1505.4343151877745	3204.7331742779643
1.5502	1507.6177839195705	3207.7735610995705
1.5512	1509.7991073591697	3210.815356429174
1.5522	1511.9782809424942	3213.858557975775
1.5532	1514.1553001126056	3216.9031634483836
1.5542	1516.3301603197124	3219.9491705560285
1.5552	1518.5028570211673	3222.9965770077556
1.5562	1520.673385681477	3226.045380512639
1.5572	1522.8417417722994	3229.0955787797807
1.5582	1525.0079207724511	3232.147169518318
1.5592	1527.171918167908	3235.200150437427
1.5602	1529.3337294518092	3238.254519246327
1.5612	1531.4933501244593	3241.3102736542846
1.5622	1533.6507756933336	3244.367411370621
1.5632	1535.8060016730767	3247.4259301047105
1.5642	1537.9590235855107	3250.485827565992
1.5652	1540.1098369596339	3253.547101463969
1.5662	1542.258437331626	3256.6097495082154
1.5672	1544.4048202448491	3259.6737694083786
1.5682	1546.5489812498536	3262.7391588741884
1.5692	1548.6909159043767	3265.8059156154545
1.5702	1550.8306197733486	3268.874037342077
1.5712	1552.968088428893	3271.9435217640466
1.5722	1555.103317450333	3275.0143665914543
1.5732	1557.236302424188	3278.086569534487
1.5742	1559.3670389441832	3281.1601283034424
1.5752	1561.4955226112459	3284.2350406087244
1.5762	1563.6217490335134	3287.3113041608535
1.5772	1565.7457138263317	3290.388916670468
1.5782	1567.86741261226	3293.46787584833
1.5792	1569.9868410210713	3296.548179405327
1.5802	1572.1039946897583	3299.6298250524815
1.5812	1574.2188692625311	3302.712810500948
1.5822	1576.3314603908248	3305.797133462025
1.5832	1578.4417637332967	3308.882791647153
1.5842	1580.549774955833	3311.9697827679242
1.5852	1582.6554897315475	3315.0581045360805
1.5862	1584.7589037407874	3318.1477546635247
1.5872	1586.8600126711317	3321.238730862318
1.5882	1588.958812217397	3324.3310308446903
1.5892	1591.0552980816374	3327.4246523230404
1.5902	1593.1494659731477	3330.5195930099426
1.5912	1595.2413116084645	3333.6158506181478
1.5922	1597.3308307113703	3336.713422860593
1.5932	1599.4180190128927	3339.8123074503987
1.5942	1601.5028722513098	3342.912502100881
1.5952	1603.5853861721478	3346.0140045255457
1.5962	1605.665556528189	3349.1168124381043
1.5972	1607.743379079467	3352.2209235524674
1.5982	1609.8188495932754	3355.3263355827576
1.5992	1611.891963844163	3358.4330462433054
1.6002	1613.9627176139415	3361.5410532486617
1.6012	1616.0311066916831	3364.6503543135946
1.6022	1618.0971268737255	3367.760947153099
1.6032	1620.1607739636713	3370.872829482397
1.6042	1622.2220437723918	3373.9859990169443
1.6052	1624.280932118026	3377.100453472433
1.6062	1626.3374348259856	3380.2161905647963
1.6072	1628.3915477289538	3383.333208010212
1.6082	1630.4432666668897	3386.4515035251084
1.6092	1632.4925874870269	3389.5710748261645
1.6102	1634.5395060438782	3392.6919196303193
1.6112	1636.584018199234	3395.8140356547706
1.6122	1638.6261198221669	3398.937420616983
1.6132	1640.665806789031	3402.06207223469
1.6142	1642.7030749834648	3405.187988225898
1.6152	1644.7379202963916	3408.3151663088906
1.6162	1646.7703386260225	3411.4436042022344
1.6172	1648.8003258778547	3414.5732996247784
1.6182	1650.8278779646769	3417.7042502956638
1.6192	1652.8529908065675	3420.8364539343224
1.6202	1654.8756603308984	3423.9699082604857
1.6212	1656.8958824723334	3427.104610994184
1.6222	1658.913653172833	3430.240559855755
1.6232	1660.9289683816523	3433.377752565843
1.6242	1662.9418240553446	3436.5161868454074
1.6252	1664.952216157761	3439.6558604157226
1.6262	1666.9601406600539	3442.796770998386
1.6272	1668.9655935406743	3445.9389163153164
1.6282	1670.9685707853773	3449.082294088765
1.6292	1672.9690683872195	3452.226902041312
1.6302	1674.9670823465638	3455.372737895877
1.6312	1676.9626086710755	3458.519799375716
1.6322	1678.9556433757286	3461.668084204433
1.6332	1680.9461824828034	3464.8175901059767
1.6342	1682.9342220218887	3467.9683148046506
1.6352	1684.9197580298815	3471.1202560251095
1.6362	1686.902786550991	3474.2734114923724
1.6372	1688.8833036367355	3477.4277789318166
1.6382	1690.8613053459464	3480.583356069191
1.6392	1692.836787744767	3483.740140630611
1.6402	1694.809746906655	3486.8981303425703
1.6412	1696.7801789123816	3490.0573229319375
1.6422	1698.7480798500346	3493.217716125966
1.6432	1700.7134458150158	3496.379307652293
1.6442	1702.6762729100453	3499.542095238947
1.6452	1704.6365572451589	3502.7060766143472
1.6462	1706.5942949377122	3505.8712495073137
1.6472	1708.5494821123784	3509.037611647064
1.6482	1710.5021149011502	3512.2051607632216
1.6492	1712.4521894433396	3515.373894585817
1.6502000000000001	1714.3997018855805	3518.543810845295
1.6512	1716.344648381826	3521.7149072725124
1.6522000000000001	1718.2870250933524	3524.887181598749
1.6532	1720.2268281887573	3528.0606315557047
1.6542000000000001	1722.1640538439601	3531.235254875507
1.6552	1724.0986982422044	3534.411049290713
1.6562000000000001	1726.030757574057	3537.588012534316
1.6572	1727.9602280374074	3540.7661423397435
1.6582000000000001	1729.8871058374712	3543.9454364408666
1.6592	1731.8113871867865	3547.1258925719994
1.6602000000000001	1733.7330683052178	3550.3075084679053
1.6612	1735.6521454199535	3553.4902818637993
1.6622000000000001	1737.5686147655097	3556.6742104953532
1.6632	1739.482472583725	3559.8592920986953
1.6642000000000001	1741.393715123767	3563.0455244104196
1.6652	1743.3023386421276	3566.232905167584
1.6662	1745.208339402626	3569.421432107717
1.6672	1747.111713676408	3572.611102968822
1.6682	1749.0124577419454	3575.801915489377
1.6692	1750.9105678850376	3578.9938674083423
1.6702	1752.80604039881	3582.18695646516
1.6712	1754.6988715837165	3585.3811803997633
1.6722	1756.5890577475363	3588.576536952572
1.6732	1758.4765952053772	3591.773023864504
1.6742	1760.3614802796726	3594.9706388769728
1.6752	1762.243709300185	3598.169379731896
1.6762	1764.123278604001	3601.369244171692
1.6772	1766.0001845355378	3604.5702299392938
1.6782	1767.874423446536	3607.7723347781393
1.6792	1769.7459916960654	3610.9755564321877
1.6802	1771.614885650521	3614.179892645913
1.6812	1773.481101683626	3617.385341164314
1.6822	1775.3446361764277	3620.591899732913
1.6832	1777.2054855173012	3623.799566097764
1.6842	1779.0636461019462	3627.00833800545
1.6852	1780.9191143333894	3630.2182132030925
1.6862	1782.771886621982	3633.429189438352
1.6872	1784.6219593854007	3636.641264459431
1.6882	1786.4693290486466	3639.854436015078
1.6892	1788.3139920440456	3643.0687018545923
1.6902	1790.155944811247	3646.284059727823
1.6912	1791.9951837972253	3649.500507385179
1.6922	1793.831705456276	3652.7180425776246
1.6932	1795.6655062500204	3655.9366630566915
1.6942	1797.4965826473995	3659.1563665744734
1.6952	1799.3249311246782	3662.377150883636
1.6962	1801.1505481654413	3665.5990137374165
1.6972	1802.9734302605968	3668.8219528896298
1.6982	1804.7935739083703	3672.0459660946667
1.6992	1806.61097561431	3675.271051107505
1.7002	1808.425631891281	3678.497205683705
1.7012	1810.23753925947	3681.7244275794187
1.7022	1812.0466942463786	3684.9527145513875
1.7032	1813.8530933868287	3688.1820643569527
1.7042	1815.6567332229567	3691.41247475405
1.7052	1817.457610304217	3694.643943501221
1.7062	1819.255721187378	3697.87646835761
1.7072	1821.0510624365243	3701.110047082973
1.7082	1822.8436306230521	3704.3446774376735
1.7092	1824.6334223256742	3707.5803571826955
1.7102	1826.4204341304123	3710.8170840796356
1.7112	1828.2046626306023	3714.054855890717
1.7122	1829.9861044268891	3717.2936703787836
1.7132	1831.764756127229	3720.53352530731
1.7142	1833.5406143468858	3723.7744184403987
1.7152	1835.3136757084337	3727.0163475427903
1.7162	1837.0839368417512	3730.2593103798586
1.7172	1838.8513943840258	3733.503304717621
1.7182	1840.6160449797485	3736.748328322737
1.7192	1842.3778852807163	3739.9943789625136
1.7202	1844.1369119460276	3743.2414544049057
1.7212	1845.8931216420851	3746.489552418524
1.7222	1847.6465110425918	3749.7386707726328
1.7232	1849.3970768285512	3752.9888072371573
1.7242	1851.1448156882655	3756.239959582683
1.7252	1852.889724317337	3759.4921255804634
1.7262	1854.6317994186618	3762.745303002417
1.7272	1856.3710377024352	3765.9994896211383
1.7282	1858.1074358861442	3769.2546832098906
1.7292	1859.8409906945722	3772.51088154262
1.7302	1861.5716988597926	3775.76808239395
1.7312	1863.299557121171	3779.0262835391886
1.7322	1865.0245622253624	3782.2854827543306
1.7332	1866.7467109263114	3785.5456778160615
1.7342	1868.4659999852483	3788.8068665017568
1.7352	1870.182426170692	3792.069046589491
1.7362	1871.8959862584431	3795.3322158580336
1.7372	1873.6066770315877	3798.59637208686
1.7382	1875.3144952804932	3801.8615130561466
1.7392	1877.0194378028082	3805.1276365467797
1.7402	1878.7215014034593	3808.394740340354
1.7412	1880.4206828946533	3811.662822219181
1.7422	1882.1169790958706	3814.931879966286
1.7432	1883.8103868338696	3818.2019113654155
1.7442	1885.500902942679	3821.4729142010356
1.7452	1887.1885242636024	3824.7448862583415
1.7462	1888.8732476452121	3828.017825323253
1.7472	1890.5550699433506	3831.2917291824247
1.7482	1892.2339880211268	3834.566595623242
1.7492	1893.9099987489165	3837.84242243383
1.7502	1895.5830990043582	3841.1192074030505
1.7512	1897.2532856723556	3844.396948320511
1.7522	1898.9205556450709	3847.6756429765624
1.7532	1900.584905821928	3850.9552891623066
1.7542	1902.2463331096064	3854.2358846695934
1.7552	1903.904834422044	3857.5174272910303
1.7562	1905.5604066804312	3860.799914819979
1.7572	1907.213046813212	3864.083345050563
1.7582	1908.862751756081	3867.3677157776665
1.7592	1910.5095184519828	3870.653024796942
1.7602	1912.1533438511078	3873.9392699048076
1.7612	1913.7942249108942	3877.2264488984542
1.7622	1915.4321585960224	3880.514559575846
1.7632	1917.0671418784161	3883.8035997357247
1.7642	1918.699171737237	3887.0935671776087
1.7652	1920.3282451588882	3890.3844597018037
1.7662	1921.9543591370066	3893.676275109395
1.7672	1923.577510672465	3896.969011202261
1.7682	1925.1976967733688	3900.2626657830656
1.7692	1926.8149144550534	3903.55723665527
1.7702	1928.4291607400837	3906.852721623129
1.7712	1930.0404326582513	3910.1491184916986
1.7722	1931.6487272465713	3913.4464250668325
1.7732	1933.254041549284	3916.7446391551935
1.7742	1934.8563726178481	3920.043758564247
1.7752000000000001	1936.4557175109426	3923.343781102272
1.7762	1938.052073294462	3926.6447045783552
1.7772000000000001	1939.645437041517	3929.9465268024037
1.7782	1941.235805832429	3933.249245585138
1.7792000000000001	1942.823176754731	3936.552858738101
1.7802	1944.407546903164	3939.857364073658
1.7812000000000001	1945.9889133796753	3943.162759405002
1.7822	1947.5672732934152	3946.4690425461513
1.7832000000000001	1949.142623760737	3949.7762113119575
1.7842	1950.714961905193	3953.0842635181048
1.7852000000000001	1952.2842848575333	3956.393196981115
1.7862	1953.8505897557025	3959.7030095183472
1.7872000000000001	1955.4138737448386	3963.013698948003
1.7882	1956.97413397727	3966.3252630891275
1.7892000000000001	1958.5313676125143	3969.637699761615
1.7902	1960.0855718172734	3972.951006786205
1.7912000000000001	1961.6367437654349	3976.265181984493
1.7922	1963.1848806380667	3979.580223178927
1.7932	1964.7299796234158	3982.896128192812
1.7942	1966.272037916907	3986.212894850314
1.7952	1967.8110527211375	3989.5305209764597
1.7962	1969.3470212458785	3992.8490043971424
1.7972	1970.8799407080692	3996.1683429391205
1.7982	1972.4098083318167	3999.4885344300255
1.7992	1973.9366213483925	4002.8095766983583
1.8002	1975.4603769962305	4006.1314675734966
1.8012	1976.9810725209238	4009.454204885694
1.8022	1978.498705175224	4012.777786466086
1.8032	1980.0132722190351	4016.1022101466892
1.8042	1981.5247709194157	4019.427473760407
1.8052	1983.0331985505723	4022.7535751410264
1.8062	1984.5385523938598	4026.0805121232297
1.8072	1986.0408297377762	4029.4082825425876
1.8082	1987.5400278779632	4032.736884235568
1.8092	1989.0361441172	4036.066315039535
1.8102	1990.5291757654038	4039.3965727927534
1.8112	1992.0191201396244	4042.7276553343886
1.8122	1993.505974564045	4046.0595605045137
1.8132	1994.989736369975	4049.392286144106
1.8142	1996.4704028958527	4052.7258300950557
1.8152	1997.9479714872373	4056.0601902001613
1.8162	1999.4224394968098	4059.3953643031386
1.8172	2000.8938042843688	4062.7313502486186
1.8182	2002.3620632168283	4066.0681458821537
1.8192	2003.827213668214	4069.405749050215
1.8202	2005.2892530196618	4072.7441576002007
1.8212	2006.7481786594142	4076.0833693804325
1.8222	2008.2039879828176	4079.4233822401643
1.8232	2009.6566783923195	4082.764194029578
1.8242	2011.106247297466	4086.1058025997913
1.8252	2012.552692114898	4089.448205802856
1.8262	2013.9960102683503	4092.791401491765
1.8272	2015.4361991886456	4096.135387520448
1.8282	2016.8732563136948	4099.480161743781
1.8292	2018.3071790884917	4102.825722017582
1.8302	2019.7379649651127	4106.172066198621
1.8312	2021.1656114027098	4109.519192144613
1.8322	2022.5901158675122	4112.86709771423
1.8332	2024.0114758328198	4116.215780767095
1.8342	2025.4296887790024	4119.56523916379
1.8352	2026.8447521934945	4122.915470765852
1.8362	2028.2566635707963	4126.266473435786
1.8372	2029.6654204124648	4129.618245037055
1.8382	2031.0710202271164	4132.9707834340925
1.8392	2032.4734605304197	4136.324086492295
1.8402	2033.8727388450964	4139.678152078034
1.8412	2035.2688527009136	4143.032978058653
1.8422	2036.6617996346838	4146.388562302467
1.8432	2038.0515771902612	4149.744902678772
1.8442	2039.4381829185386	4153.101997057842
1.8452	2040.821614377443	4156.459843310931
1.8462	2042.2018691319356	4159.818439310283
1.8472	2043.5789447540033	4163.177782929119
1.8482	2044.9528388226618	4166.537872041656
1.8492	2046.3235489239462	4169.898704523095
1.8502	2047.6910726509145	4173.260278249637
1.8512	2049.0554076036374	4176.622591098471
1.8522	2050.416551389201	4179.985640947789
1.8532	2051.774501621698	4183.349425676774
1.8542	2053.12925592223	4186.713943165621
1.8552	2054.480811918901	4190.079191295518
1.8562	2055.8291672468135	4193.445167948667
1.8572	2057.1743195480667	4196.811871008274
1.8582	2058.5162664717536	4200.179298358555
1.8592	2059.8550056739564	4203.547447884738
1.8602	2061.190534817744	4206.916317473067
1.8612	2062.522851573166	4210.285905010799
1.8622	2063.851953617255	4213.656208386214
1.8632	2065.177838634017	4217.027225488607
1.8642	2066.5005043144324	4220.398954208302
1.8652	2067.8199483564495	4223.771392436642
1.8662	2069.136168464984	4227.144538066001
1.8672	2070.449162351913	4230.518388989778
1.8682	2071.7589277360726	4233.892943102408
1.8692	2073.0654623432533	4237.268198299354
1.8702	2074.368763906201	4240.644152477118
1.8712	2075.668830164606	4244.020803533236
1.8722	2076.965658865106	4247.398149366287
1.8732	2078.2592477612798	4250.7761878758865
1.8742	2079.5495946136434	4254.154916962698
1.8752	2080.8366971896467	4257.534334528426
1.8762	2082.1205532636723	4260.914438475827
1.8772	2083.401160617028	4264.295226708704
1.8782	2084.678517037946	4267.676697131911
1.8792	2085.9526203215787	4271.058847651357
1.8802	2087.2234682699936	4274.441676174005
1.8812	2088.491058692173	4277.825180607877
1.8822	2089.755389404005	4281.209358862054
1.8832	2091.016458228288	4284.594208846677
1.8842	2092.274262994717	4287.979728472952
1.8852	2093.528801539888	4291.3659156531485
1.8862	2094.78007170729	4294.752768300606
1.8872	2096.028071347304	4298.14028432973
1.8882	2097.272798317197	4301.528461656
1.8892	2098.514250481119	4304.917298195967
1.8902	2099.7524257101	4308.306791867259
1.8912	2100.9873218820453	4311.6969405885775
1.8922	2102.218936881732	4315.087742279707
1.8932	2103.4472686008053	4318.4791948615075
1.8942	2104.6723149377763	4321.87129625593
1.8952	2105.894073798014	4325.264044386002
1.8962	2107.112543093745	4328.6574371758425
1.8972	2108.327720744049	4332.051472550656
1.8982	2109.5396046748565	4335.446148436741
1.8992	2110.7481928189395	4338.841462761484
1.9002000000000001	2111.9534831159144	4342.237413453368
1.9012	2113.1554735122336	4345.633998441973
1.9022000000000001	2114.3541619611833	4349.031215657975
1.9032	2115.5495464228784	4352.42906303315
1.9042000000000001	2116.741624864262	4355.827538500377
1.9052	2117.9303952590963	4359.226639993637
1.9062000000000001	2119.115855587963	4362.626365448016
1.9072	2120.2980038382557	4366.026712799709
1.9082000000000001	2121.476838004181	4369.427679986018
1.9092	2122.6523560867495	4372.829264945358
1.9102000000000001	2123.8245560937735	4376.231465617253
1.9112	2124.993436039864	4379.634279942345
1.9122000000000001	2126.158993946426	4383.037705862391
1.9132	2127.321227841654	4386.441741320265
1.9142000000000001	2128.480135760529	4389.846384259962
1.9152	2129.6357157448133	4393.251632626599
1.9162000000000001	2130.7879658430475	4396.657484366415
1.9172	2131.936884110545	4400.063937426775
1.9182000000000001	2133.082468609391	4403.470989756171
1.9192	2134.2247174084337	4406.878639304223
1.9202	2135.3636285832845	4410.2868840216815
1.9212	2136.4999078628684	4413.695721860432
1.9222	2137.6363842899486	4417.105151141673
1.9232	2138.77305779615	4420.515171660277
1.9242	2139.909928313156	4423.925783211294
1.9252	2141.0469957727096	4427.3369855899555
1.9262	2142.1842601066123	4430.748778591664
1.9272	2143.3217212467252	4434.161162012004
1.9282	2144.4593791249686	4437.574135646733
1.9292	2145.5972336733207	4440.98769929179
1.9302	2146.7352848238183	4444.401852743284
1.9312	2147.873532508559	4447.816595797505
1.9322	2149.011976659696	4451.231928250917
1.9332	2150.150617209443	4454.64784990016
1.9342	2151.2894540900725	4458.064360542047
1.9352	2152.4284872339135	4461.481459973571
1.9362	2153.5677165733546	4464.899147991894
1.9372	2154.707142040843	4468.317424394359
1.9382	2155.846763568882	4471.736288978475
1.9392	2156.986581090035	4475.155741541936
1.9402	2158.1265945369228	4478.575781882599
1.9412	2159.2668038422235	4481.996409798502
1.9422	2160.4072089386736	4485.417625087852
1.9432	2161.5478097590676	4488.839427549034
1.9442	2162.688606236256	4492.261816980599
1.9452	2163.829598303149	4495.684793181279
1.9462	2164.9707858927127	4499.10835594997
1.9472	2166.1121689379725	4502.532505085749
1.9482	2167.253747372008	4505.9572403878565
1.9492	2168.3955211279595	4509.38256165571
1.9502	2169.5374901390214	4512.808468688896
1.9512	2170.679654338448	4516.234961287176
1.9522	2171.8220136595482	4519.6620392504765
1.9532	2172.9645680356903	4523.089702378901
1.9542	2174.1073174002963	4526.517950472719
1.9552	2175.250261686848	4529.946783332374
1.9562	2176.3934008288816	4533.3762007584755
1.9572	2177.536734759992	4536.8062025518075
1.9582	2178.6802634138294	4540.236788513319
1.9592	2179.8239867241005	4543.667958444133
1.9602	2180.9679046245687	4547.099712145537
1.9612	2182.112017049054	4550.532049418991
1.9622	2183.256323931431	4553.964970066122
1.9632	2184.4008252056324	4557.3984738887275
1.9642	2185.5455208056464	4560.832560688769
1.9652	2186.690410665518	4564.267230268382
1.9662	2187.835494719345	4567.702482429865
1.9672	2188.980772901286	4571.138316975687
1.9682	2190.1262451455505	4574.574733708481
1.9692	2191.2719113864073	4578.011732431051
1.9702	2192.4177715581786	4581.449312946365
1.9712	2193.563825595244	4584.88747505756
1.9722	2194.710073432036	4588.326218567937
1.9732	2195.8565150030454	4591.765543280964
1.9742	2197.0031502428164	4595.205449000277
1.9752	2198.14997908595	4598.6459355296765
1.9762	2199.2970014671	4602.087002673126
1.9772	2200.4442173209773	4605.528650234759
1.9782	2201.591626582348	4608.970878018871
1.9792	2202.739229186032	4612.4136858299225
1.9802	2203.8870250669042	4615.857073472539
1.9812	2205.0350141598956	4619.301040751513
1.9822	2206.1831963999903	4622.745587471796
1.9832	2207.3315717222276	4626.190713438509
1.9842	2208.4801400617025	4629.636418456933
1.9852	2209.628901353563	4633.082702332515
1.9862	2210.7778555330115	4636.529564870861
1.9872	2211.927002535307	4639.977005877746
1.9882	2213.0763422957593	4643.425025159103
1.9892	2214.225874749736	4646.873622521032
1.9902	2215.3755998326556	4650.3227977697925
1.9912	2216.525517479994	4653.7725507118075
1.9922	2217.675627627278	4657.222881153661
1.9932	2218.8259302100905	4660.673788902098
1.9942	2219.976425164067	4664.125273764028
1.9952	2221.127112424898	4667.577335546521
1.9962	2222.2779919283257	4671.029974056805
1.9972	2223.429063610149	4674.483189102275
1.9982	2224.5803274062173	4677.93698049048
1.9992	2225.7317832524354	4681.391348029134
2.0002	2226.8834310847606	4684.84629152611
2.0012	2228.035270839204	4688.3018107894395
2.0022	2229.18730245183	4691.757905627318
2.0032	2230.339525858756	4695.2145758480965
2.0042	2231.491940996153	4698.671821260287
2.0052	2232.6445478002447	4702.129641672562
2.0062	2233.797346207308	4705.588036893752
2.0072	2234.950336153672	4709.047006732845
2.0082	2236.1035175757197	4712.506550998988
2.0092	2237.2568904098866	4715.966669501489
2.0102	2238.410454592661	4719.427362049813
2.0112	2239.5642100605833	4722.888628453579
2.0122	2240.718156750246	4726.350468522569
2.0132	2241.872294598297	4729.812882066721
2.0142	2243.0266235414333	4733.275868896129
2.0152	2244.1811435164054	4736.739428821046
2.0162	2245.3358544600173	4740.203561651881
2.0172	2246.4907563091233	4743.668267199198
2.0182	2247.645849000631	4747.133545273723
2.0192	2248.8011324715003	4750.59939568633
2.0202	2249.9566066587427	4754.065818248057
2.0212	2251.1122714994212	4757.532812770094
2.0222	2252.268126930652	4761.0003790637875
2.0232	2253.424172889602	4764.468516940637
2.0242	2254.5804093134902	4767.937226212301
2.0252	2255.736836139587	4771.406506690591
2.0262000000000002	2256.8934533052156	4774.876358187477
2.0272	2258.0502607477492	4778.346780515078
2.0282	2259.2072584046136	4781.81777348567
2.0292	2260.3644462132847	4785.289336911684
2.0302000000000002	2261.521824111292	4788.761470605706
2.0312	2262.6793920362143	4792.234174380471
2.0322	2263.837149925681	4795.707448048873
2.0332	2264.9950977173758	4799.181291423956
2.0342000000000002	2266.153235349031	4802.655704318923
2.0352	2267.3115627584302	4806.130686547121
2.0362	2268.4700798834083	4809.606237922055
2.0372	2269.628786661851	4813.082358257383
2.0382000000000002	2270.7876830316955	4816.559047366916
2.0392	2271.9467689309286	4820.036305064615
2.0402	2273.1060442975877	4823.514131164592
2.0412	2274.265509069762	4826.992525481115
2.0422000000000002	2275.425163185592	4830.471487828603
2.0432	2276.5850065832647	4833.951018021622
2.0442	2277.745039201022	4837.431115874893
2.0452	2278.905260977153	4840.911781203287
2.0462000000000002	2280.06567185	4844.393013821829
2.0472	2281.2262717579524	4847.874813545687
2.0482	2282.3870606394526	4851.357180190187
2.0492	2283.548038432991	4854.840113570803