4.00000001e-15	6.302945748716805e-26	4.351707029680875e-12
4.73000011e-15	6.302945614818121e-25	4.385181901361303e-12
4.7599999e-15	6.302945614818122e-24	4.407498337424682e-12
4.91000012e-15	6.302945960723054e-23	4.546975920553448e-12
6.99000006e-15	7.551104552555234e-22	6.471769917429146e-12
9.89999996e-15	8.736777248382057e-21	9.149743617496096e-12
2.71999999e-14	1.0609016168266013e-19	2.5161794911850037e-11
1.27e-13	3.632001829948672e-18	1.1827716915866996e-10
6.93000019e-13	1.185672907833073e-16	6.415978632001786e-10
6.29500011e-12	6.08078550546753e-15	5.824592948002679e-9
1.58099991e-11	3.1003124302611025e-14	1.4628431042178087e-8
3.97200016e-11	1.517072015175184e-13	3.6749608457933496e-8
9.97599989e-11	7.182883240348137e-13	9.22785101539835e-8
2.50600013e-10	3.286319950903816e-12	2.318678910957376e-7
6.29399977e-10	1.4465520754295918e-11	5.824592479357286e-7
1.581e-9	6.08770373800491e-11	1.4628431488507032e-6
3.97200006e-9	2.44063831733988e-10	3.6755189243472444e-6
4.99999997e-9	3.281968243695604e-10	4.626757397902255e-6
9.97599958e-9	8.955255713010489e-10	9.233429602767239e-6
1.98999999e-8	2.3919883842892214e-9	0.000018422227181432718
3.97199997e-8	6.278062742691364e-9	0.00003676076869002455
7.9240003e-8	1.6250836532024102e-8	0.00007336532325373801
1.58099994e-7	4.16625735326936e-8	0.00014639588819459942
1.98999999e-7	5.453023833965633e-8	0.00018433386074536936
3.15499989e-7	1.0165922706985048e-7	0.00029217806962731534
4.99999999e-7	1.8903147176969427e-7	0.00046312206427136807
6.29400006e-7	2.5767685114929705e-7	0.0005830171702744923
7.92399987e-7	3.1427137022985945e-7	0.0007342111002008481
9.97599955e-7	4.2810757754965417e-7	0.000924458816112475
1.58099999e-6	7.937960432939077e-7	0.0014650748047310871
2.5060001e-6	1.4703190805623745e-6	0.002323142055344789
3.97199983e-6	2.7221601762999334e-6	0.003682771814327159
4.99999987e-6	3.533363099754519e-6	0.0046373577214907395
6.29399983e-6	4.806516235215354e-6	0.005835750937290783
7.92399987e-6	6.540169783530463e-6	0.007353269471100201
9.976e-6	8.892769939745593e-6	0.00925574675295693
0.00001256	0.000012094398348582906	0.011660343673287213
0.0000158099992	0.000015620397121178308	0.014678642936844455
0.0000199000006	0.00002124302644498996	0.018483597411292123
0.0000250600006	0.000028880830841330063	0.02327605434054899
0.0000315500001	0.00003712564126311091	0.02931265286766347
0.0000397199983	0.00005047980272260657	0.03691698437848694
0.0000499999987	0.0000686465036822138	0.046485161459495654
0.000062940002	0.00009329613847355502	0.058524884735550106
0.0000792400024	0.00012686900357063158	0.07375585817897791
0.00009976	0.00016207320464182103	0.09283642021870118
0.000110499997	0.00018047310421780854	0.10287881834411962
0.000125599996	0.00020531130997545192	0.1169381856728409
0.000158099996	0.0002791452756081232	0.14728854831510826
0.000199000002	0.0003629546942646731	0.18550547199285877
0.0002	0.0003652221626504233	0.1864462707257967
0.0012000000000000001	0.0013087123297136729	1.1277314456735463
0.0022	0.0024464107909377046	2.0689460723115425
0.0032	0.003834138158553995	3.01074051735494
0.0042	0.005432998611980342	3.9530085763711003
0.0052	0.007204748479297192	4.895677131653118
0.0062	0.00913021907107402	5.838700193432477
0.0072	0.011195606306660897	6.782043954492657
0.0082	0.013390742314792314	7.7256823818861875
0.009200000000000002	0.015707963923905676	8.669594740035306
0.0102	0.018146164264074238	9.613761412477249
0.0112	0.020671323529599946	10.55806250837238
0.0122	0.023309563168113064	11.502589200294219
0.013200000000000002	0.026057568501450343	12.447332250025712
0.0142	0.0289127411528781	13.392283570401771
0.0152	0.03187299518063954	14.337436032142309
0.0162	0.03493689350125407	15.282783308146769
0.0172	0.0381047638745036	16.22831976406865
0.0182	0.04137856304597323	17.174040439376135
0.0192	0.04475793610684737	18.11994102849644
0.0202	0.04824265662177843	19.06601765637792
0.0212	0.051832697792013285	20.012266820778883
0.022199999999999998	0.05552815692749426	20.958685348892175
0.0232	0.05932919777224199	21.905270358395935
0.0242	0.0632360845055325	22.85201922269244
0.0252	0.06724915542172963	23.798929543356127
0.0262	0.07136928325857352	24.74599912581213
0.0272	0.07559821453283788	25.693225976129966
0.0282	0.07993661580031505	26.64060831162605
0.0292	0.08438512972697369	27.588144499781254
0.030199999999999998	0.08894443763648202	28.535833041975607
0.0312	0.09361533920986426	29.483672561430435
0.0322	0.09839856582826438	30.43166179532135
0.0332	0.1032948404920766	31.37979958202552
0.0342	0.10830496863279901	32.328084851701476
0.0352	0.113429750698819	33.27651662064942
0.0362	0.11866983446578853	34.225093983865115
0.0372	0.12402610498341192	35.173816104230696
0.0382	0.12949945373908547	36.12268221343841
0.0392	0.13509052558556578	37.07169160680488
0.0402	0.1408002089140952	38.020843632039785
0.0412	0.14662943171371837	38.970137691402485
0.0422	0.15257879962131615	39.91957323875724
0.0432	0.1586493318377799	40.86914976816803
0.044199999999999996	0.1648419804142484	41.818866820725006
0.0452	0.17115744981837813	42.768723979866365
0.0462	0.17759676721406126	43.71872086302643
0.0472	0.18416085657395984	44.66885712643426
0.0482	0.19085025719672824	45.61913246053694
0.0492	0.19766666820039475	46.569546579689266
0.0502	0.20461058654491082	47.52009924452082
0.0512	0.2116833499824075	48.47079023502355
0.0522	0.21888574302410085	49.42161936596053
0.0532	0.2262188177115432	50.37258647422212
0.0542	0.2336841475689351	51.32369142254549
0.0552	0.2412820122507264	52.274934107878124
0.0562	0.24901377057758134	53.226314435891275
0.0572	0.25688052840669534	54.17783233982271
0.0582	0.2648841853613193	55.129487774537616
0.0592	0.27302643488749456	56.081280729076894
0.0602	0.2813072173108754	57.033211221584374
0.0612	0.28972760662684	57.98527926851857
0.0622	0.29828782889882266	58.93748490346241
0.0632	0.30699252985939696	59.88982816229806
0.06420000000000001	0.31584295799370227	60.8423091533975
0.06520000000000001	0.32483619852861767	61.794928001443076
0.06620000000000001	0.333974565030377	62.7476847824411
0.06720000000000001	0.3432646525588467	63.700579604648155
0.06820000000000001	0.35269933667064934	64.65361267206623
0.06920000000000001	0.3622878612041977	65.6067840774216
0.07020000000000001	0.37202841339204634	66.56009404480609
0.07120000000000001	0.38192120361357784	67.51354276613822
0.07220000000000001	0.3919724997136149	68.46713043043754
0.0732	0.40217286287703924	69.42085730917927
0.0742	0.4125393613045304	70.37472353640948
0.0752	0.4230739000229264	71.32872947287237
0.0762	0.43375821416922056	72.28287549617151
0.0772	0.44461584688538863	73.23716173269335
0.0782	0.455653031372428	74.19158861113308
0.0792	0.4668750047180321	75.1461566288721
0.08020000000000001	0.4774908440179849	76.10086633723506
0.08120000000000001	0.48513430652777534	77.05570850850569
0.08220000000000001	0.49343398088124985	78.01064481013309
0.08320000000000001	0.5044461283216857	78.9656820188544
0.08420000000000001	0.5175700275868726	79.92085152898109
0.08520000000000001	0.5309401353522248	80.87617690290122
0.08620000000000001	0.5445633357249722	81.83165920089377
0.08720000000000001	0.5582127009159549	82.78729953850485
0.0882	0.571260726346919	83.74309642768306
0.0892	0.5849033990111636	84.69904124428636
0.0902	0.5992534517434466	85.65513899778699
0.0912	0.614743965077122	86.61139581950675
0.0922	0.6305356672914618	87.56782249085016
0.0932	0.646631807444933	88.52442043630687
0.0942	0.6630336194743851	89.48119108469251
0.0952	0.6797412298504468	90.43813584763687
0.09620000000000001	0.6967599855044978	91.3952561083356
0.09720000000000001	0.7143663956663431	92.3525532767714
0.09820000000000001	0.7335082921547881	93.31003155604134
0.09920000000000001	0.7534449299586771	94.26770474979097
0.10020000000000001	0.7731759777927786	95.22557892101779
0.10120000000000001	0.7919403502641186	96.18365002806716
0.10220000000000001	0.8101415210088192	97.1419065687909
0.10320000000000001	0.8286421234244796	98.10034120132231
0.10420000000000001	0.8474449088703212	99.05895510142933
0.1052	0.8665526389691995	100.0177494487169
0.1062	0.8859680667694946	100.9767254266155
0.1072	0.9056939367037431	101.93588422219229
0.1082	0.9257329845525751	102.89522702596895
0.1092	0.9460879374136727	103.85475503174597
0.1102	0.9667615136755139	104.814469436433
0.11120000000000001	0.9877564229956391	105.77437143988524
0.11220000000000001	1.0090753662832226	106.73446224474536
0.11320000000000001	1.0307210356857337	107.69474305629105
0.11420000000000001	1.0526961145794578	108.65521508228775
0.11520000000000001	1.0750032775636955	109.61587953284655
0.11620000000000001	1.097645190458429	110.5767376202868
0.11720000000000001	1.1206245103052943	111.53779055900364
0.11820000000000001	1.1439438853716628	112.49903956533988
0.11920000000000001	1.1676059551576443	113.46048585746242
0.1202	1.1916133504059387	114.42213065524265
0.1212	1.2159686931143303	115.38397518014123
0.1222	1.2406745965505184	116.34602065509641
0.1232	1.2657336652694708	117.30826830441642
0.1242	1.2911484951328982	118.27071935367536
0.1252	1.3169216733308833	119.23337502961262
0.1262	1.343055778405322	120.19623656003566
0.1272	1.3695533802753577	121.15930517372617
0.1282	1.3964170402644456	122.12258210034922
0.1292	1.423649311129066	123.08606857036558
0.1302	1.4512527370889354	124.04976581494692
0.1312	1.4792298538586288	125.01367506589384
0.1322	1.5075832348871272	125.97779755555669
0.1332	1.5363156739088584	126.94213451710642
0.1342	1.5654299283400652	127.90668718617005
0.13520000000000001	1.594927995400395	128.8714568005161
0.13620000000000002	1.6248121766197297	129.83644459437252
0.13720000000000002	1.6550850080500372	130.8016518007389
0.13820000000000002	1.685748966356363	131.76707965312613
0.13920000000000002	1.7168065201710407	132.7327293851149
0.14020000000000002	1.7482601301373706	133.6986022302965
0.14120000000000002	1.780112248953775	134.6646994222157
0.14220000000000002	1.812365321418358	135.6310221943154
0.14320000000000002	1.8450217844738297	136.59757177988317
0.14420000000000002	1.8780840672527135	137.56434941199979
0.1452	1.9115545911227045	138.53135632348923
0.1462	1.9454357697322109	139.49859374687065
0.1472	1.9797300090561765	140.46606291431164
0.1482	2.014439707441684	141.43376505758349
0.1492	2.049567255653634	142.4017014080175
0.1502	2.085115036920435	143.36987319646315
0.1512	2.121085426979543	144.33828165324758
0.1522	2.1574806374222772	145.30692800813637
0.1532	2.1943020238513027	146.27581348927134
0.1542	2.231550501659221	147.2449393176173
0.1552	2.2692288176726216	148.21430670422393
0.1562	2.307340211313392	149.18391686223248
0.1572	2.345888960600651	150.15377100997665
0.1582	2.3848770017769567	151.12387037752347
0.1592	2.4243066574418646	152.09421619162532
0.1602	2.4641802438614406	153.06480967821227
0.1612	2.5045494087741593	154.035652062368
0.1622	2.5456866027657328	155.00674487286065
0.1632	2.5878850435653677	155.97809129864552
0.1642	2.6311455000714696	156.9496962884999
0.1652	2.6754687547032927	157.9215647356052
0.16620000000000001	2.7208556032113904	158.8937014786385
0.16720000000000002	2.767306854492658	159.86611130283669
0.16820000000000002	2.814823330409828	160.83879894103387
0.16920000000000002	2.863405865615296	161.81176907467318
0.17020000000000002	2.913055307379138	162.78502633479354
0.17120000000000002	2.9637725154212053	163.75857530299226
0.17220000000000002	3.0155583617471846	164.73242051236423
0.17320000000000002	3.0684137304884853	165.70656644841822
0.17420000000000002	3.122339517745873	166.68101754997116
0.17520000000000002	3.1773366314367255	167.65577821002097
0.1762	3.2334059911458084	168.63085277659854
0.1772	3.2905485279794893	169.60624555359985
0.1782	3.3487651844232555	170.5819608015978
0.1792	3.4080569142024935	171.5580027386357
0.1802	3.4684246821464035	172.53437554100196
0.1812	3.529869464054972	173.5110833439868
0.1822	3.592392246568927	174.48813024262168
0.1832	3.6559940270425804	175.46552029240158
0.1842	3.7206758134194957	176.44325750999099
0.1852	3.786438624110897	177.42134587391388
0.1862	3.8532834878767352	178.39978932522797
0.1872	3.921211443709361	179.378591768184
0.1882	3.9902235407197235	180.3577570708703
0.1892	4.0603208380260325	181.3372890658429
0.1902	4.1315044046448115	182.317191550742
0.1912	4.203775319384295	183.2974682888946
0.1922	4.277134670740095	184.27812300990422
0.1932	4.351583556793078	185.25915941022762
0.1942	4.42712308510941	186.24058115373913
0.1952	4.503754372642713	187.22239187228294
0.1962	4.581478545638239	188.20459516621327
0.19720000000000001	4.660296739539093	189.18719460492343
0.19820000000000002	4.740210098894356	190.17019372736337
0.19920000000000002	4.821219777269147	191.15359604254647
0.20020000000000002	4.903326937156509	192.1374050300456
0.20120000000000002	4.98653274989113	193.12162414047907
0.20220000000000002	5.0708383955648	194.10625679598604
0.20320000000000002	5.156245062943603	195.09130639069258
0.20420000000000002	5.242753949386796	196.07677629116787
0.20520000000000002	5.3303662607673035	197.06266983687115
0.20620000000000002	5.419083211393824	198.04899034058954
0.20720000000000002	5.5089060239345	199.0357410888671
0.20820000000000002	5.599835929342101	200.022925342425
0.2092	5.691874166780693	201.01054633657347
0.2102	5.785021983553786	201.99860728161565
0.2112	5.879280635033844	202.98711136324283
0.2122	5.974651384593242	203.9760617429226
0.2132	6.071135503536534	204.9654615582789
0.2142	6.168734271034054	205.95531392346464
0.2152	6.267448974056819	206.9456219295274
0.2162	6.367280907312671	207.9363886447675
0.2172	6.468231373183673	208.9276171150897
0.2182	6.570301681664688	209.9193103643476
0.2192	6.673493150303168	210.911471394682
0.2202	6.777807104140051	211.90410318685224
0.2212	6.883244875651821	212.89720870056175
0.2222	6.989807804693647	213.89079087477714
0.2232	7.097497238443599	214.8848526280414
0.2242	7.2063145313479335	215.8793968587812
0.2252	7.316261045067383	216.87442644560858
0.2262	7.42733814842447	217.86994424761681
0.2272	7.539547217351802	218.8659531046711
0.22820000000000001	7.652889634841322	219.86245583769357
0.22920000000000001	7.76736679089451	220.85945524894342
0.23020000000000002	7.88298008247351	221.8569541222917
0.23120000000000002	7.999730913453141	222.8549552234912
0.23220000000000002	8.117620694573821	223.85346130044147
0.23320000000000002	8.236650843395333	224.852475083449
0.23420000000000002	8.356822784251435	225.85199928548286
0.23520000000000002	8.478137948205326	226.85203660242567
0.23620000000000002	8.60059777300589	227.85258971332016
0.23720000000000002	8.724203703044763	228.8536612806114
0.23820000000000002	8.848957189314161	229.85525395038465
0.23920000000000002	8.974859689365477	230.85737035259922
0.2402	9.101912667268614	231.86001310131797
0.2412	9.230117593572082	232.86318479493326
0.2422	9.35947594526377	233.8668880163885
0.2432	9.489989205732437	234.8711253333961
0.2442	9.6216588647299	235.87589929865177
0.2452	9.754486418333904	236.88121245004513
0.2462	9.8884733689116	237.88706731086637
0.2472	10.023621225083744	238.89346639001002
0.2482	10.159931501689485	239.90041218217476
0.2492	10.297405719751772	240.90790716806015
0.2502	10.436045406443416	241.91595381455994
0.2512	10.575852095053685	242.9245545749522
0.2522	10.716827324955533	243.9337118890862
0.2532	10.858972641573402	244.94342818356645
0.2542	11.002289596351567	245.95370587193338
0.2552	11.146779746723041	246.96454735484124
0.2562	11.292444656079036	247.9759550202331
0.2572	11.439285893738935	248.98793124351283
0.2582	11.587305034920817	250.0004783877146
0.2592	11.736503660712444	251.0135988036692
0.2602	11.886883358042823	252.02729483016824
0.2612	12.038445719654181	253.04156879412508
0.2622	12.1911923440745	254.05642301073382
0.2632	12.34512483559045	255.07185978362514
0.2642	12.500244804220877	256.0878814050203
0.2652	12.656553865690658	257.10449015588216
0.2662	12.814053641405074	258.1216883060642
0.2672	12.972745758424589	259.13947811445684
0.2682	13.132631849440086	260.15786182913206
0.2692	13.293713552748496	261.1768416874851
0.2702	13.45599251222886	262.1964199163743
0.2712	13.619470377318837	263.21659873225894
0.2722	13.78414880299154	264.2373803413346
0.2732	13.950029449732856	265.25876693966666
0.2742	14.11711398351904	266.2807607133216
0.2752	14.285404075794851	267.30336383849686
0.2762	14.45490140345188	268.3265784816477
0.2772	14.625607648807398	269.35040679961304
0.2782	14.797524499583478	270.3748509397392
0.2792	14.970653648886529	271.3999130400016
0.2802	15.144996795187105	272.42559522912455
0.2812	15.320555642300132	273.45189962669974
0.2822	15.497331899365461	274.4788283433026
0.2832	15.675327280828682	275.50638348060676
0.2842	15.854543506422388	276.53456713149757
0.2852	16.03498230114761	277.5633813801829
0.2862	16.216645395255732	278.5928283023034
0.2872	16.39953452423055	279.6229099650404
0.2882	16.58365142877076	280.6536284272224
0.28919999999999996	16.76899785477271	281.6849857394304
0.29019999999999996	16.955575553313423	282.7169839441012
0.29119999999999996	17.143386280633894	283.74962507562947
0.29219999999999996	17.332431798122773	284.7829111604686
0.29319999999999996	17.522713872300187	285.81684421722935
0.29419999999999996	17.71423427480195	286.85142625677804
0.29519999999999996	17.90699478236399	287.88665928233274
0.29619999999999996	18.10099717680706	288.9225452895582
0.29719999999999996	18.296243245021692	289.9590862666596
0.29819999999999997	18.492734778953448	290.9962841944751
0.29919999999999997	18.69047357558839	292.03414104656656
0.30019999999999997	18.889461436938785	293.07265878930946
0.30119999999999997	19.08970017002913	294.11183938198167
0.30219999999999997	19.29119158688233	295.15168477685046
0.30319999999999997	19.493937504506157	296.19219691925883
0.30419999999999997	19.697939744879985	297.23337774771056
0.30519999999999997	19.903200134941653	298.2752291939537
0.30619999999999997	20.109720506574654	299.3177531830635
0.3072	20.317502696595472	300.3609516335237
0.3082	20.52654854674122	301.4048264573073
0.3092	20.73685990365741	302.4493795599555
0.3102	20.94843861888599	303.49461284065626
0.3112	21.161286548853564	304.5405281923214
0.3122	21.375405554859867	305.5871275016629
0.3132	21.590797503066362	306.63441264926803
0.3142	21.8074642644851	307.6823855096734
0.3152	22.025407714967766	308.7310479514384
0.3162	22.24462973519493	309.7804018372174
0.3172	22.46513221066544	310.83044902383097
0.3182	22.68691703168604	311.8811913623361
0.3192	22.909986093361216	312.93263069809615
0.3202	23.134341295583113	313.9847688708487
0.3212	23.359984543021756	315.03760771477386
0.3222	23.586917745115368	316.09114905856063
0.3232	23.815142816060884	317.14539472547295
0.3242	24.04466167480467	318.20034653341486
0.3252	24.27547624503333	319.2560062949946
0.3262	24.507588455164793	320.31237581758825
0.3272	24.741000238339463	321.3694569034021
0.3282	24.975713532411596	322.4272513495347
0.3292	25.211730279940834	323.48576094803775
0.3302	25.449052428183833	324.5449874859765
0.3312	25.687681929086107	325.6049327454892
0.3322	25.927620739274072	326.665598503846
0.3332	26.16887082004707	327.7269865335068
0.3342	26.411434137369767	328.78909860217885
0.3352	26.65531266186453	329.8519364728732
0.3362	26.900508368803983	330.91550190396055
0.3372	27.147023238103777	331.97979664922667
0.3382	27.394859254315424	333.04482245792695
0.3392	27.644018406619324	334.1105810748402
0.3402	27.89450268881784	335.17707424032176
0.3412	28.146314099328677	336.2443036903566
0.3422	28.39945464117818	337.3122711566107
0.3432	28.65392632199494	338.3809783664825
0.3442	28.909731154003435	339.450427043154
0.3452	29.166871154017855	340.5206189056404
0.3462	29.425348343435992	341.5915556688398
0.3472	29.68516474823334	342.66323904358234
0.3482	29.946322398957175	343.73567073667795
0.3492	30.208823330720968	344.8088524509648
0.3502	30.472669583198673	345.882785885356
0.3512	30.737863200619383	346.95747273488644
0.35219999999999996	31.004406231761863	348.03291469075884
0.35319999999999996	31.272300729949414	349.1091134403895
0.35419999999999996	31.541548753044683	350.18607066745295
0.35519999999999996	31.812152363444657	351.26378805192684
0.35619999999999996	32.0841136280758	352.34226727013566
0.35719999999999996	32.35743461838922	353.4215099947944
0.35819999999999996	32.63211741035604	354.5015178950514
0.35919999999999996	32.90816408446272	355.5822926365309
0.36019999999999996	33.18557672570674	356.6638358813752
0.36119999999999997	33.46435742359209	357.7461492882858
0.36219999999999997	33.744508272125074	358.82923451256477
0.36319999999999997	34.02603136981013	359.9130932061553
0.36419999999999997	34.30892881964576	360.9977270176817
0.36519999999999997	34.5932027291206	362.0831375924893
0.36619999999999997	34.87885521020952	363.1693265726835
0.36719999999999997	35.16588837936982	364.2562955971683
0.36819999999999997	35.45430435753764	365.3440463016854
0.3692	35.744105270124294	366.4325803188515
0.3702	36.03529324701283	367.5218992781959
0.3712	36.3278704225546	368.61200480619794
0.3722	36.62183893556597	369.7028985263232
0.3732	36.91720092932513	370.79458205906036
0.3742	37.2139585515689	371.8870570219564
0.3752	37.5121139544897	372.98032502965276
0.3762	37.811669294732646	374.07438769392
0.3772	38.11262673339262	375.1692466236928
0.3782	38.4149884360115	376.264903425104
0.3792	38.71875657257549	377.36135970151906
0.3802	39.0239333175124	378.4586170535691
0.3812	39.33052084968926	379.55667707918474
0.3822	39.63852135240967	380.65554137362847
0.3832	39.947937013411575	381.7552115295275
0.3842	40.25877002486487	382.855689136906
0.3852	40.57102258336922	383.95697578321676
0.3862	40.884696889951876	385.0590730533729
0.3872	41.19979515006564	386.16198252977904
0.3882	41.516319573586806	387.26570579236187
0.3892	41.83427237481327	388.37024441860115
0.3902	42.15365577246272	389.47559998355973
0.3912	42.47447198967074	390.58177405991324
0.3922	42.796723253989214	391.68876821798005
0.3932	43.12041179738462	392.7965840257504
0.3942	43.44553985623652	393.90522304891545
0.3952	43.77210967133599	395.0146868508958
0.3962	44.10012348788419	396.1249769928701
0.3972	44.42958355549108	397.2360950338029
0.3982	44.76049212817405	398.3480425304729
0.3992	45.0928514643567	399.46082103750007
0.4002	45.42666382686772	400.57443210737307
0.4012	45.76193148293969	401.6888772904762
0.4022	46.098656704208146	402.8041581351163
0.4032	46.43684176671056	403.9202761875489
0.4042	46.77648895088537	405.0372329920044
0.4052	47.117600541571264	406.1550300907145
0.4062	47.46017882800627	407.27366902393715
0.4072	47.80422610382708	408.3931513299824
0.4082	48.14974466706835	409.51347854523743
0.4092	48.49673682016214	410.6346522041916
0.4102	48.84520486993734	411.7566738394608
0.4112	49.195151127619106	412.8795449818121
0.4122	49.546577908828574	414.003267160188
0.4132	49.89948753358232	415.12784190173
0.4142	50.25388232629214	416.2532707318028
0.4152	50.60976461576475	417.3795551740174
0.4162	50.967136735201606	418.50669675025466
0.41719999999999996	51.32600102219864	419.634696980688
0.41819999999999996	51.68635981874633	420.7635573838065
0.41919999999999996	52.04821547122949	421.89327947643744
0.42019999999999996	52.41157033042733	423.0238647737684
0.42119999999999996	52.77642675151355	424.1553147893698
0.42219999999999996	53.14278709405636	425.28763103521663
0.42319999999999997	53.51065372201872	426.4208150217102
0.42419999999999997	53.88002900375855	427.5548682576999
0.42519999999999997	54.25091531202889	428.68979225050424
0.42619999999999997	54.6233150239783	429.82558850593205
0.42719999999999997	54.99723052115122	430.9622585283037
0.42819999999999997	55.37266418948828	432.0998038204715
0.42919999999999997	55.74961841932688	433.2382258838403
0.43019999999999997	56.12809560540161	434.3775262183881
0.43119999999999997	56.50809814684485	435.517706322686
0.4322	56.88962844718728	436.6587676939182
0.4332	57.27268891435867	437.8007118279019
0.4342	57.65728196068839	438.94354021910675
0.4352	58.04341000290632	440.0872543606746
0.4362	58.43107546214351	441.2318557444384
0.4372	58.82028076393303	442.37734586094155
0.4382	59.21102833821091	443.5237261994568
0.4392	59.603320619316925	444.67099824800476
0.4402	59.99716004599569	445.81916349337286
0.4412	60.392549061397546	446.9682234211333
0.4422	60.789490113079665	448.1181795156618
0.4432	61.18798565300712	449.26903326015525
0.4442	61.58803813755401	450.42078613664995
0.4452	61.989650027504645	451.5734396260392
0.4462	62.39282378805473	452.7269952080909
0.4472	62.79756188881263	453.88145436146516
0.4482	63.20386680380064	455.03681856373134
0.4492	63.61174101145635	456.1930892913855
0.4502	64.021186994634	457.3502680198671
0.4512	64.43220724060588	458.5083562235762
0.4522	64.84480424106381	459.6673553758898
0.4532	65.25898049212059	460.8272669491787
0.4542	65.67473849431154	461.98809241482365
0.4552	66.09208075259606	463.14983324323174
0.4562	66.51100977635929	464.31249090385273
0.4572	66.93152807941364	465.4760668651948
0.4582	67.35363818000054	466.64056259484033
0.4592	67.77734260079214	467.8059795594619
0.4602	68.20264386889309	468.9723192248378
0.4612	68.62954451584226	470.1395830558674
0.4622	69.05804707761459	471.30777251658645
0.4632	69.48815409462303	472.47688907018266
0.4642	69.91986811172022	473.6469341790101
0.4652	70.35319167820069	474.81790930460477
0.4662	70.78812734780256	475.9898159076991
0.4672	71.22467767870981	477.1626554482369
0.4682	71.66284523355407	478.3364293853876
0.4692	72.10263257941673	479.5111391775609
0.4702	72.5440422878312	480.68678628242117
0.4712	72.98707693478485	481.86337215690156
0.4722	73.4317391007213	483.04089825721826
0.4732	73.87803137054252	484.21936603888423
0.4742	74.32595633361115	485.3987769567234
0.4752	74.77551658375266	486.57913246488414
0.4762	75.22671471925781	487.7604340168531
0.4772	75.67955334288477	488.94268306546866
0.4782	76.13403506186164	490.1258810629346
0.4792	76.59016248788872	491.31002946083294
0.48019999999999996	77.04793823714098	492.49512971013763
0.48119999999999996	77.50736493027064	493.6811832612276
0.48219999999999996	77.96844519240939	494.86819156389953
0.48319999999999996	78.43118165317105	496.0561560673809
0.48419999999999996	78.8955769466542	497.245078220343
0.48519999999999996	79.36163371144453	498.4349594709131
0.48619999999999997	79.8293545906176	499.6258012666878
0.48719999999999997	80.29874223174147	500.81760505474494
0.48819999999999997	80.7697992868793	502.0103722816562
0.48919999999999997	81.24252841259202	503.2041043934995
0.49019999999999997	81.7169322699411	504.39880283587115
0.49119999999999997	82.19301352449132	505.594469053898
0.49219999999999997	82.67077484631346	506.79110449224953
0.49319999999999997	83.15021890998722	507.98871059514966
0.4942	83.63134839460383	509.18728880638855
0.4952	84.11416598376925	510.38684056933477
0.4962	84.59867436560671	511.58736732694643
0.4972	85.08487623275981	512.7888705217831
0.4982	85.5727742823955	513.9913515960174
0.4992	86.0623712162069	515.1948119914459
0.5002	86.55366974041634	516.3992531495012
0.5012	87.04667256577848	517.6046765112623
0.5022	87.54138240758326	518.8110835174665
0.5032	88.03780198565897	520.0184756085201
0.5042	88.53593402437542	521.2268542245096
0.5052	89.03578125264698	522.4362208052122
0.5062	89.53734640393587	523.6465767901072
0.5072	90.04063221625503	524.8579236183863
0.5082	90.54564143217186	526.0702627289646
0.5092	91.0523767988108	527.2835955604909
0.5102	91.56084106785713	528.4979235513584
0.5112	92.07103699555982	529.713248139715
0.5122	92.5829673427353	530.9295707634741
0.5132	93.09663487477023	532.1468928603239
0.5142	93.6120423616254	533.365215867739
0.5152	94.12919257783867	534.5845412229894
0.5162	94.64808830252865	535.8048703631512
0.5172	95.16873231939796	537.026204725116
0.5182	95.69112741673676	538.2485457456017
0.5192	96.21527638742627	539.4718948611619
0.5202	96.74118202894209	540.6962535081952
0.5212	97.2688471433579	541.9216231229559
0.5222	97.79827453734892	543.1480051415627
0.5232	98.32946702219543	544.3754010000092
0.5242	98.86242741378643	545.6038121341726
0.5252	99.39715853262334	546.8332399798238
0.5262	99.93366320382337	548.0636859726363
0.5272	100.47194425712348	549.295151548196
0.5282	101.01200452688369	550.5276381420098
0.5292	101.5538468520913	551.7611471895157
0.5302	102.09747407636404	552.9956801260909
0.5312	102.64288904795424	554.2312383870618
0.5322	103.19009461975247	555.4678234077128
0.5332	103.73909364929119	556.7054366232944
0.5342	104.28988899874876	557.9440794690335
0.5352	104.84248353495316	559.183753380141
0.5362	105.39688012938588	560.4244597918213
0.5372	105.95308165818574	561.6662001392807
0.5382	106.51109100215302	562.9089758577364
0.5392	107.0709110467529	564.1527883824245
0.5402	107.63254468211993	565.3976391486093
0.5412	108.19599480306164	566.643529591591
0.5422	108.76126430906265	567.8904611467148
0.5432	109.3283561042887	569.1384352493789
0.5442	109.8972730975905	570.3874533350427
0.5452	110.46801820250803	571.6375168392358
0.5462	111.04059433727441	572.8886271975655
0.5472	111.61500442481999	574.1407858457248
0.5482	112.19125139277662	575.3939942195017
0.5492	112.76933817348149	576.6482537547855
0.5502	113.34926770398155	577.9035658875765
0.5512	113.93104292603762	579.1599320539931
0.5522	114.51466678612829	580.4173536902792
0.5532	115.10014223545458	581.6758322328137
0.5542	115.68747222994381	582.9353691181166
0.5552	116.2766597302539	584.1959657828575
0.5562	116.86770770177786	585.4576236638636
0.5572	117.46061911464763	586.7203441981267
0.5582	118.05539694373894	587.9841288228114
0.5592	118.6520441686751	589.2489789752623
0.5602	119.25056377383176	590.5148960930118
0.5612	119.85095874834082	591.781881613787
0.5622	120.45323208609524	593.0499369755181
0.5632	121.05738678575327	594.319063616345
0.5642	121.66342585074268	595.5892629746247
0.5652	122.27135228926556	596.8605364889393
0.5662	122.8811691143024	598.1328855981021
0.5672	123.4928793436167	599.406311741166
0.5682	124.10648599975964	600.6808163574298
0.5692	124.72199211007425	601.9564008864457
0.5702	125.33940070670018	603.2330667680266
0.5712	125.95871482657809	604.5108154422524
0.5722	126.57993751145433	605.7896483494777
0.5732	127.20307180788551	607.0695669303389
0.5742	127.82812076724291	608.35057262576
0.5752	128.45508744571728	609.6326668769609
0.5762	129.0839749043235	610.9158511254633
0.5771999999999999	129.7147724781936	612.2001268130977
0.5781999999999999	130.34736763532996	613.4854953582548
0.5791999999999999	130.98152054175716	614.7719579799062
0.5801999999999999	131.61723332646218	616.059515478592
0.5811999999999999	132.25450812078483	617.3481686557616
0.5821999999999999	132.89334705842023	618.637918313774
0.5831999999999999	133.5337522754215	619.9287652558967
0.5841999999999999	134.17572591020232	621.2207102863051
0.5851999999999999	134.81927010353928	622.5137542100819
0.5861999999999999	135.46438699857487	623.8078978332167
0.5871999999999999	136.11107874081955	625.1031419626048
0.5882	136.75934747815487	626.3994874060478
0.5892	137.4091953608355	627.6969349722514
0.5902	138.0606245414921	628.995485470826
0.5912	138.7136371751341	630.295139712286
0.5922	139.36823541915172	631.5958985080483
0.5932	140.0244214333191	632.8977626704335
0.5942	140.68219737979658	634.2007330126635
0.5952	141.34156542313332	635.504810348862
0.5962	142.00252773027003	636.8099954940537
0.5972	142.66508647054138	638.116289264164
0.5982	143.3292438156788	639.4236924760183
0.5992	143.9950019398128	640.7322059473414
0.6002	144.6623630194758	642.0418304967569
0.6012	145.33132923360472	643.3525669437873
0.6022	146.00190276354334	644.6644161088528
0.6032	146.67408579304526	645.9773788132715
0.6042	147.34788050827615	647.2914558792581
0.6052	148.0232890978166	648.6066481299243
0.6062	148.70031375266464	649.9229563892779
0.6072	149.37895666623837	651.2403814822223
0.6082	150.05922003437848	652.5589242345562
0.6092	150.7411060553511	653.8785854729733
0.6102	151.42461692985017	655.1993660250615
0.6112	152.10975486100006	656.5212667193027
0.6122	152.79652205435843	657.8442883850728
0.6132	153.48492071791858	659.1684318526402
0.6142	154.17495306211225	660.4936979531666
0.6152	154.86662129981224	661.820087518706
0.6162	155.55992764633484	663.1476013822042
0.6172	156.2548743194428	664.4762403774989
0.6182	156.95146353934757	665.806005339319
0.6192	157.64969752871232	667.1368971032842
0.6202	158.34957851265415	668.4689165059048
0.6212	159.0511087187473	669.8020643845813
0.6222	159.75429037702506	671.1363415776038
0.6232	160.45912571998318	672.4717489241525
0.6242	161.1656169825818	673.8082872642962
0.6252	161.87376640224883	675.1459574389928
0.6262	162.5835762188818	676.4847602900887
0.6272	163.29504867485116	677.8246966603185
0.6282	164.00818601500265	679.1657673933049
0.6292	164.72299048665997	680.507973333558
0.6302	165.4394643396274	681.8513153264751
0.6312	166.15760982619264	683.1957942183409
0.6322	166.87742920112927	684.5414108563267
0.6332	167.5989247216995	685.8881660884902
0.6342	168.32209864765687	687.2360607637753
0.6352	169.04695324124876	688.585095732012
0.6362	169.77349076721927	689.9352718439158
0.6372	170.50171349281183	691.2865899510878
0.6382	171.2316236877717	692.6390509060142
0.6392	171.96322362434887	693.992655562066
0.6402	172.69651557730066	695.3474047734993
0.6412	173.4315018238943	696.7032993954542
0.6422	174.16818464390985	698.0603402839555
0.6432	174.90656631964256	699.4185282959118
0.6442	175.6466491359059	700.7778642891155
0.6452	176.3884353800339	702.1383491222429
0.6462	177.1319273418842	703.4999836548533
0.6472	177.8771273138404	704.8627687473895
0.6482	178.62403759081496	706.2267052611772
0.6492	179.37266047025201	707.5917940584254
0.6502	180.1229982521296	708.9580360022248
0.6512	180.87505323896306	710.3254319565498
0.6522	181.62882773580688	711.6939827862559
0.6532	182.3843240502583	713.0636893570817
0.6542	183.1415444924594	714.4345525356474
0.6552	183.90049137509988	715.806573189455
0.6562	184.6611670134201	717.1797521868883
0.6572	185.42357372521354	718.5540903972127
0.6582	186.18771383082944	719.9295886905749
0.6592	186.95358965317584	721.306247938003
0.6602	187.7212035177219	722.6840690114061
0.6612	188.49055775250102	724.0630527835744
0.6622	189.26165468811314	725.443200128179
0.6632	190.0344966577279	726.8245119197718
0.6642	190.80908599708707	728.2069890337854
0.6652	191.5854250445074	729.5906323465327
0.6662	192.36351614088332	730.9754427352076
0.6672	193.1433616296898	732.361421077884
0.6682	193.9249638569848	733.7485682535159
0.6692	194.70832517141235	735.1368851419383
0.6702	195.49344792420496	736.5263726238652
0.6712	196.28033446918673	737.9170315808916
0.6722	197.06898716277584	739.3088628954921
0.6732	197.85940836398728	740.701867451021
0.6742	198.65160043443595	742.0960461317129
0.6752	199.44556573833873	743.4913998226816
0.6762	200.241306642518	744.8879294099211
0.6772	201.03882551640407	746.2856357803049
0.6782	201.83812473203778	747.6845198215862
0.6792	202.63920666407338	749.0845824223975
0.6802	203.44207368978155	750.4858244722512
0.6812	204.24672818905174	751.8882468615392
0.6822	205.05317254439535	753.2918504815326
0.6832	205.86140914094818	754.6966362243822
0.6842	206.6714403664733	756.1026049831182
0.6852	207.48326861136394	757.5097576516501
0.6862	208.29689626864618	758.918095124767
0.6872	209.11232573398172	760.3276182981372
0.6882	209.9295594056708	761.7383280683086
0.6892	210.7485996846547	763.1502253327085
0.6902	211.43524879283146	764.5633109896432
0.6912	211.55628649780365	765.9773917267482
0.6922	211.5562865049515	767.3916476269573
0.6932	211.55628651913597	768.8059035271767
0.6942	211.55628654035706	770.2201594274167
0.6952	211.5562865686148	771.6344153276872
0.6962	211.5562866039092	773.0486712279984
0.6972	211.5562866462402	774.4629271283602
0.6982	211.55628669560787	775.8771830287827
0.6992	211.55628675201217	777.291438929276
0.7002	211.55628681545312	778.7056948298499
0.7012	211.5562868859307	780.1199507305145
0.7022	211.5562869634449	781.5342066312794
0.7032	211.55628704799574	782.9484625321548
0.7041999999999999	211.55628713958322	784.3627184331503
0.7051999999999999	211.55628723820735	785.7769743342761
0.7061999999999999	211.55628734386812	787.1912302355418
0.7071999999999999	211.5562874565655	788.6054861369569
0.7081999999999999	211.55628757629955	790.0197420385314
0.7091999999999999	211.55628770307024	791.4339979402749
0.7101999999999999	211.55628783687754	792.8482538421972
0.7111999999999999	211.5562879777215	794.262509744308
0.7121999999999999	211.5562881256021	795.6767656466168
0.7132	211.5562882805193	797.0910215491331
0.7142	211.55628844247317	798.5052774518667
0.7152	211.55628861146369	799.9195333548271
0.7162	211.55628878749081	801.3337892580238
0.7172	211.5562889705546	802.7480451614663
0.7182	211.556289160655	804.1623010651639
0.7192	211.55628935779205	805.5765569691263
0.7202	211.55628956196574	806.9908128733629
0.7212	211.55628977317608	808.4050687778829
0.7222	211.55628999142306	809.8193246826957
0.7232	211.55629021670666	811.2335805878107
0.7242	211.5562904490269	812.6478364932373
0.7252	211.5562906883838	814.0620923989845
0.7262	211.5562909347773	815.476348305062
0.7272	211.55629118820747	816.8906042114786
0.7282	211.55629144867427	818.3048601182438
0.7292	211.5562917161777	819.7191160253667
0.7302	211.55629199071777	821.1333719328563
0.7312	211.55629227229448	822.5476278407219
0.7322	211.55629256090782	823.9618837489728
0.7332	211.5562928565578	825.3761396576177
0.7342	211.55629315924443	826.7903955666659
0.7352	211.55629346896768	828.2046514761263
0.7362	211.55629378572758	829.618907386008
0.7372	211.55629410952412	831.0331632963199
0.7382	211.5562944403573	832.4474192070711
0.7392	211.5562947782271	833.8616751182705
0.7402	211.55629512313357	835.2759310299269
0.7412	211.55629547507667	836.6901869420493
0.7422	211.55629583405639	838.1044428546465
0.7432	211.55629620007275	839.5186987677274
0.7442	211.55629657312576	840.9329546813008
0.7452	211.5562969532154	842.3472105953754
0.7462	211.55629734034167	843.7614665099601
0.7472	211.5562977345046	845.1757224250636
0.7482	211.55629813570417	846.5899783406945
0.7492	211.55629854394036	848.0042342568618
0.7502	211.5562989592132	849.4184901735738
0.7512	211.55629938152265	850.8327460908395
0.7522	211.55629981086875	852.2470020086673
0.7532	211.5563002472515	853.661257927066
0.7542	211.5563006906709	855.0755138460439
0.7552	211.5563011411269	856.4897697656098
0.7562	211.55630159861957	857.9040256857722
0.7572	211.55630206314888	859.3182816065396
0.7582	211.5563025347148	860.7325375279204
0.7592	211.55630301331738	862.1467934499232
0.7602	211.5563034989566	863.5610493725563
0.7612	211.55630399163246	864.9753052958284
0.7622	211.55630449134495	866.3895612197476
0.7632	211.55630499809408	867.8038171443225
0.7642	211.55630551187986	869.2180730695613
0.7652	211.55630603270225	870.6323289954726
0.7662	211.5563065605613	872.0465849220644
0.7672	211.55630709545696	873.4608408493451
0.7682	211.55630763738927	874.875096777323
0.7692	211.55630818635822	876.2893527060065
0.7702	211.55630874236383	877.7036086354036
0.7712	211.55630930540607	879.1178645655226
0.7722	211.55630987548494	880.5321204963716
0.7732	211.55631045260046	881.946376427959
0.7742	211.55631103675262	883.3606323602926
0.7752	211.5563116279414	884.7748882933809
0.7762	211.55631222616682	886.1891442272317
0.7772	211.5563128314289	887.6034001618533
0.7782	211.5563134437276	889.0176560972537
0.7792	211.55631406306293	890.4319120334409
0.7802	211.5563146894349	891.8461679704229
0.7812	211.55631532284355	893.2604239082077
0.7822	211.5563159632888	894.6746798468034
0.7832	211.5563166107707	896.0889357862178
0.7842	211.5563172652892	897.503191726459
0.7852	211.55631792684437	898.9174476675347
0.7862	211.55631859543618	900.331703609453
0.7872	211.55631927106464	901.7459595522217
0.7882	211.5563199537297	903.1602154958487
0.7892	211.55632064343143	904.5744714403417
0.7902	211.5563213401698	905.9887273857087
0.7912	211.55632204394482	907.4029833319573
0.7922	211.55632275475645	908.8172392790956
0.7932	211.55632347260473	910.2314952271311
0.7942	211.55632419748966	911.6457511760716
0.7952	211.5563249294112	913.0600071259247
0.7962	211.5563256683694	914.4742630766983
0.7972	211.55632641436424	915.8885190284001
0.7982	211.55632716739572	917.3027749810376
0.7992	211.55632792746383	918.7170309346185
0.8002	211.55632869456858	920.1312868891505
0.8012	211.55632946870995	921.5455428446411
0.8022	211.55633024988796	922.9597988010979
0.8032	211.55633103810263	924.3740547585285
0.8042	211.55633183335394	925.7883107169404
0.8052	211.5563326356419	927.2025666763412
0.8062	211.55633344496647	928.6168226367383
0.8072	211.5563342613277	930.0310785981394
0.8082	211.55633508472556	931.4453345605517
0.8092	211.55633591516005	932.859590523983
0.8102	211.55633675263118	934.2738464884404
0.8112	211.55633759713896	935.6881024539316
0.8122	211.5563384486834	937.1023584204638
0.8132	211.55633930726444	938.5166143880443
0.8142	211.55634017288213	939.9308703566808
0.8152	211.55634104553647	941.3451263263804
0.8162	211.55634192522743	942.7593822971504
0.8172	211.55634281195503	944.1736382689983
0.8182	211.55634370571929	945.5878942419312
0.8192	211.55634460652016	947.0021502159565
0.8202	211.55634551435767	948.4164061910813
0.8212	211.55634642923184	949.830662167313
0.8222	211.55634735114265	951.2449181446588
0.8232	211.5563482800901	952.6591741231257
0.8242	211.55634921607418	954.0734301027213
0.8252	211.5563501590949	955.4876860834524
0.8262	211.55635110915227	956.9019420653264
0.8272	211.55635206624626	958.3161980483502
0.8282	211.5563530303769	959.730454032531
0.8292	211.55635400154418	961.144710017876
0.8302	211.5563549797481	962.5589660043923
0.8312	211.55635596498865	963.9732219920867
0.8322	211.55635695726585	965.3874779809665
0.8331999999999999	211.5563579565797	966.8017339710385
0.8341999999999999	211.55635896293018	968.2159899623099
0.8351999999999999	211.55635997631728	969.6302459547878
0.8361999999999999	211.55636099674103	971.044501948479
0.8371999999999999	211.5563620242014	972.4587579433905
0.8382	211.55636305869842	973.8730139395293
0.8392	211.5563641002321	975.2872699369022
0.8402	211.5563651488024	976.7015259355163
0.8412	211.55636620440936	978.1157819353783
0.8422	211.55636726705293	979.5300379364953
0.8432	211.55636833673316	980.944293938874
0.8442	211.55636941345003	982.3585499425212
0.8452	211.55637049720355	983.772805947444
0.8462	211.55637158799368	985.1870619536489
0.8472	211.55637268582046	986.601317961143
0.8482	211.5563737906839	988.0155739699329
0.8492	211.55637490258397	989.4298299800254
0.8502	211.55637602152066	990.8440859914272
0.8512	211.556377147494	992.258342004145
0.8522	211.556378280504	993.6725980181857
0.8532	211.55637942055063	995.0868540335558
0.8542	211.55638056763388	996.5011100502622
0.8552	211.55638172175378	997.9153660683115
0.8562	211.5563828829103	999.3296220877103
0.8572	211.55638405110346	1000.7438781084653
0.8582	211.55638522633328	1002.158134130583
0.8592	211.55638640859974	1003.5723901540703
0.8602	211.55638759790284	1004.9866461789335
0.8612	211.55638879424257	1006.4009022051792
0.8622	211.55638999761894	1007.8151582328142
0.8632	211.55639120803195	1009.2294142618448
0.8642	211.55639242548162	1010.6436702922776
0.8652	211.5563936499679	1012.0579263241192
0.8662	211.55639488149083	1013.4721823573761
0.8672	211.5563961200504	1014.8864383920549
0.8682	211.55639736564663	1016.3006944281617
0.8692	211.55639861827947	1017.7149504657033
0.8702	211.55639987794896	1019.129206504686
0.8712	211.5564011446551	1020.5434625451162
0.8722	211.55640241839788	1021.9577185870004
0.8732	211.55640369917728	1023.371974630345
0.8742	211.55640498699333	1024.7862306751563
0.8752	211.55640628184602	1026.2004867214407
0.8762	211.55640758373536	1027.6147427692047
0.8772	211.55640889266132	1029.0289988184547
0.8782	211.55641020862393	1030.4432548691968
0.8792	211.55641153162318	1031.857510921437
0.8802	211.55641286165908	1033.2717669751823
0.8812	211.55641419873163	1034.6860230304387
0.8822	211.5564155428408	1036.1002790872124
0.8832	211.5564168939866	1037.5145351455094
0.8842	211.55641825216907	1038.9287912053364
0.8852	211.55641961738817	1040.3430472666996
0.8862	211.5564209896439	1041.757303329605
0.8872	211.55642236893627	1043.171559394059
0.8882	211.55642375526529	1044.5858154600676
0.8892	211.55642514863095	1046.000071527637
0.8902	211.55642654903323	1047.4143275967733
0.8912	211.55642795647216	1048.8285836674827
0.8922	211.7308080906176	1050.2428397397716
0.8932	212.6384486088462	1051.657291086568
0.8942	213.68947006268735	1053.0727585649206
0.8952	214.74248670783498	1054.4894014193717
0.8962	215.79750108830183	1055.9072205657112
0.8972	216.85451575086984	1057.326216920524
0.8982	217.91353324509225	1058.74639140119
0.8992	218.97455612329756	1060.1677449258857
0.9002	220.03758694059152	1061.590278413583
0.9012	221.10262825485978	1063.0139927840507
0.9022	222.16968262677193	1064.4388889578552
0.9032	223.23875261978307	1065.8649678563595
0.9042	224.30984080013744	1067.2922304017254
0.9052	225.382949736871	1068.720677516913
0.9062	226.45808200181426	1070.1503101256806
0.9072	227.53524016959537	1071.5811291525865
0.9082	228.61442681764254	1073.0131355229885
0.9092	229.69564452618755	1074.4463301630446
0.9102	230.77889587826786	1075.8807139997132
0.9112	231.86418345973036	1077.316287960754
0.9122	232.95150985923323	1078.7530529747278
0.9132	234.04087766824992	1080.191009970998
0.9142	235.13228948107107	1081.6301598797302
0.9152	236.22574789480785	1083.0705036318923
0.9162	237.32125550939503	1084.512042159256
0.9172	238.41881492759342	1085.9547763943967
0.9182	239.5184287549929	1087.3987072706939
0.9192	240.6200996000155	1088.8438357223317
0.9202	241.72383007391844	1090.2901626842997
0.9212	242.8296227907964	1091.7376890923927
0.9222	243.93748036758484	1093.186415883211
0.9232	245.04740542406302	1094.6363439941626
0.9242	246.15940058285665	1096.0874743634615
0.9252	247.273468469441	1097.5398079301294
0.9262	248.38961171214353	1098.993345633996
0.9272	249.5078329421472	1100.4480884156987
0.9282	250.62813479349313	1101.9040372166849
0.9292	251.75051990308333	1103.3611929792096
0.9302	252.87499091068432	1104.8195566463392
0.9312	254.00155045892922	1106.279129161949
0.9322	255.13020119332123	1107.7399114707257
0.9332	256.2609457622363	1109.2019045181669
0.9342	257.3937868169265	1110.665109250582
0.9352	258.5287270115219	1112.1295266150917
0.9362	259.665769003035	1113.5951575596303
0.9372	260.8049154513625	1115.0620030329442
0.9382	261.94616901928873	1116.530063984594
0.9392	263.08953237248835	1117.9993413649538
0.9402	264.2350081795299	1119.4698361252124
0.9412	265.3825991118778	1120.9415492173732
0.9422	266.5323078438964	1122.4144815942554
0.9432	267.68413705285195	1123.8886342094943
0.9442	268.8380894189159	1125.3640080175405
0.9452	269.9941676251686	1126.8406039736626
0.9462	271.15237435760065	1128.3184230339457
0.9472	272.3127123051178	1129.7974661552935
0.9482	273.4751841595423	1131.2777342954273
0.9492	274.6397926156167	1132.7592284128875
0.9502	275.80654037100715	1134.2419494670341
0.9512	276.97543012630507	1135.7258984180462
0.9522	278.14646458503137	1137.2110762269233
0.9532	279.31964645363945	1138.6974838554863
0.9542	280.4949784415172	1140.1851222663768
0.9552	281.6724632609906	1141.6739924230578
0.9562	282.85210362732704	1143.1640952898156
0.9572	284.0339022587378	1144.6554318317583
0.9582	285.21786187638105	1146.1480030148175
0.9592	286.40398520436503	1147.6418098057484
0.9601999999999999	287.5922749697514	1149.1368531721307
0.9611999999999999	288.78273390255765	1150.633134082369
0.9621999999999999	289.97536473576037	1152.1306535056926
0.9632	291.1701702052985	1153.629412412157
0.9642	292.36715305007544	1155.1294117726434
0.9652	293.56631601196347	1156.63065255886
0.9662	294.76766183580554	1158.1331357433423
0.9672	295.9711932694193	1159.636862299454
0.9682	297.1769130635992	1161.1418332013861
0.9692	298.38482397212016	1162.6480494241591
0.9702	299.59492875174016	1164.1555119436223
0.9712	300.807230162204	1165.6642217364554
0.9722	302.0217309662454	1167.1741797801676
0.9732	303.23843392959054	1168.6853870530995
0.9742	304.4573418209614	1170.197844534423
0.9752	305.6784574120781	1171.7115532041414
0.9762	306.9017834776626	1173.226514043091
0.9772	308.12732279544144	1174.7427280329402
0.9782	309.35507814614857	1176.2601961561913
0.9792	310.58505231352916	1177.7789193961808
0.9802	311.81724808434205	1179.298898737079
0.9812	313.05166824836255	1180.8201351638913
0.9822	314.28831559838636	1182.3426296624589
0.9832	315.52719293023216	1183.8663832194586
0.9842	316.7683030427446	1185.391396822404
0.9852	318.01164873779766	1186.9176714596456
0.9862	319.25723282029713	1188.4452081203713
0.9872	320.505058098185	1189.9740077946076
0.9882	321.7551273824408	1191.504071473219
0.9892	323.0074434870859	1193.0354001479095
0.9902	324.26200922918673	1194.5679948112231
0.9912	325.5188274288568	1196.1018564565434
0.9922	326.7779009092608	1197.6369860780949
0.9932	328.03923249661705	1199.1733846709435
0.9942	329.3028250202012	1200.711053230997
0.9952	330.56868131234893	1202.2499927550057
0.9962	331.8368042084588	1203.790204240562
0.9972	333.1071965469964	1205.3316886861026
0.9982	334.37986116949617	1206.8744470909076
0.9992	335.6548009205655	1208.4184804551019
1.0002	336.9320186478873	1209.9637897796554
1.0012	338.2115172022236	1211.5103760663837
1.0022	339.4932994374176	1213.0582403179476
1.0032	340.77736821039883	1214.6073835378559
1.0042	342.06372638118387	1216.1578067304636
1.0052	343.35237681288163	1217.7095109009742
1.0062	344.64332237169447	1219.2624970554386
1.0072	345.9365659269236	1220.8167662007577
1.0082	347.2321103509697	1222.3723193446801
1.0092	348.5299585193388	1223.9291574958063
1.0102	349.8301133106429	1225.487281663586
1.0112	351.1325776066052	1227.0466928583205
1.0122	352.437354292061	1228.607392091162
1.0132	353.7444462549636	1230.169380374116
1.0142	355.05385638638484	1231.7326587200391
1.0152	356.3655875805205	1233.2972281426428
1.0162	357.67964273469147	1234.8630896564907
1.0172	358.99602474934903	1236.4302442770029
1.0182	360.31473652807523	1237.998693020452
1.0192	361.6357809775896	1239.5684369039682
1.0202	362.95916100774866	1241.139476945536
1.0212	364.28487953155263	1242.711814163998
1.0222	365.612939465145	1244.2854495790523
1.0232	366.9433437278196	1245.8603842112566
1.0242	368.27609524201995	1247.436619082025
1.0252	369.6111969333454	1249.0141552136315
1.0262	370.94865173055337	1250.5929936292098
1.0272	372.28846256556113	1252.173135352752
1.0282	373.63063237345233	1253.7545814091134
1.0292	374.9751640924759	1255.3373328240073
1.0302	376.32206066405325	1256.9213906240109
1.0312	377.67132503277867	1258.5067558365622
1.0322	379.0229601464249	1260.0934294899637
1.0332	380.37696895594337	1261.681412613379
1.0342	381.7333544154707	1263.270706236838
1.0352	383.0921194823292	1264.861311391233
1.0362	384.4532671170327	1266.4532291083233
1.0372	385.81680028328645	1268.046460420732
1.0382	387.182721947994	1269.64100636195
1.0392	388.55103508125757	1271.236867966334
1.0402	389.9217426563832	1272.834046269109
1.0412	391.2948476498823	1274.4325423063665
1.0422	392.67035304147714	1276.0323571150684
1.0432	394.0482618141012	1277.633491733044
1.0442	395.4285769539055	1279.2359471989937
1.0452	396.8113014502592	1280.839724552487
1.0462	398.1964382957549	1282.4448248339656
1.0472	399.58399048621	1284.0512490847411
1.0482	400.97396102067216	1285.6589983469985
1.0492	402.3663529014206	1287.2680736637944
1.0502	403.7611691339706	1288.8784760790595
1.0512	405.1584127270757	1290.490206637597
1.0522	406.5580866927328	1292.1032663850865
1.0532	407.9601940461827	1293.7176563680803
1.0542	409.36473780591683	1295.3333776340082
1.0552	410.77172099367675	1296.9504312311744
1.0562	412.18114663446096	1298.5688182087617
1.0572	413.59301775652517	1300.1885396168284
1.0582	415.0073373913883	1301.809596506312
1.0592	416.42410857383345	1303.4319899290274
1.0602	417.8433343419135	1305.0557209376705
1.0612	419.2650177369514	1306.6807905858145
1.0622	420.68916180354717	1308.307199927915
1.0632	422.1157695895778	1309.934950019307
1.0642	423.54484414620293	1311.564041916208
1.0652	424.9763885278666	1313.1944766757165
1.0662	426.4104057923021	1314.826255355815
1.0672	427.8468990005337	1316.4593790153683
1.0682	429.2858712168817	1318.0938487141261
1.0692	430.7273255089632	1319.729665512721
1.0702	432.17126494769894	1321.3668304726727
1.0712	433.6176926073131	1323.0053446563845
1.0722	435.0666115653397	1324.645209127148
1.0732	436.51802490262344	1326.2864249491404
1.0742	437.97193570332473	1327.9289931874268
1.0752	439.42834705492186	1329.5729149079602
1.0762	440.887262048216	1331.2181911775833
1.0772	442.3486837773322	1332.8648230640267
1.0782	443.81261533972526	1334.5128116359124
1.0792	445.27905983618064	1336.1621579627513
1.0802	446.7480203708205	1337.8128631149475
1.0812	448.2195000511041	1339.464928163795
1.0822	449.6935019878342	1341.118354181482
1.0832	451.1700292951575	1342.7731422410875
1.0842	452.64908509057113	1344.4292934165867
1.0852	454.13067249492235	1346.0868087828464
1.0862	455.61479463241596	1347.7456894156307
1.0872	457.1014546306142	1349.4059363915976
1.0882	458.5906556204429	1351.0675507883022
1.0892	460.08240073619214	1352.7305336841953
1.0902	461.5766931155224	1354.3948861586262
1.0912	463.0735358994656	1356.0606092918406
1.0922	464.5729322324309	1357.7277041649847
1.0932	466.0748852622053	1359.3961718601022
1.0942	467.57939813996	1361.066013460138
1.0952	469.08647402025105	1362.7372300489365
1.0962	470.5961160610251	1364.4098227112438
1.0972	472.1083274236205	1366.0837925327066
1.0982	473.6231112727742	1367.7591405998762
1.0992	475.1404707766204	1369.435868000204
1.1002	476.6604091066987	1371.1139758220475
1.1012	478.182929437954	1372.7934651546666
1.1022	479.7080349487423	1374.4743370882275
1.1032	481.2357288208326	1376.1565927138006
1.1042	482.7660142394113	1377.8402331233633
1.1052	484.2988943930847	1379.5252594097992
1.1062	485.83437247388434	1381.2116726669003
1.1072	487.37245167726724	1382.8994739893647
1.1082	488.91313520212304	1384.5886644728012
1.1092	490.4564262507742	1386.2792452137262
1.1102	492.0023280289827	1387.971217309568
1.1112	493.55084374594963	1389.6645818586628
1.1122	495.101976614323	1391.3593399602612
1.1132	496.6557298501969	1393.0554927145224
1.1142	498.21210667311874	1394.7530412225206
1.1152	499.77111030608984	1396.4519865862412
1.1162	501.33274397557136	1398.1523299085852
1.1172	502.8970109114853	1399.8540722933665
1.1182	504.4639143472206	1401.5572148453152
1.1192	506.03345751963366	1403.2617586700758
1.1202	507.60564366905515	1404.9677048742105
1.1212	509.1804760392903	1406.6750545651973
1.1222	510.7579578776255	1408.3838088514333
1.1232	512.3380924348286	1410.093968842232
1.1242	513.9208829651556	1411.8055356478276
1.1252	515.506332726351	1413.5185103793722
1.1262	517.094444979655	1415.23289414894
1.1272	518.6852229898027	1416.9486880695242
1.1282	520.2786700250317	1418.665893255041
1.1292	521.8745584458261	1420.3845108203277
1.1302	523.4719133936161	1422.1045416767995
1.1312	525.0705194888769	1423.8259858715921
1.1322	526.6703764976636	1425.548843261327
1.1332	528.2714841860881	1427.2731137026706
1.1342	529.8738423203222	1428.998797052337
1.1352	531.4774506665952	1430.7258931670863
1.1362	533.0823089911959	1432.4544019037255
1.1372	534.6884170604702	1434.1843231191071
1.1382	536.2957746408238	1435.9156566701313
1.1392	537.9043814987187	1437.6484024137426
1.1402	539.5142374006774	1439.3825602069337
1.1412	541.1253421132781	1441.1181299067416
1.1422	542.7376954031587	1442.8551113702506
1.1432	544.3512970370141	1444.59350445459
1.1442	545.9661467815977	1446.3333090169358
1.1452	547.5822444037199	1448.0745249145089
1.1462	549.1995896702498	1449.8171520045769
1.1472	550.8181823481132	1451.5611901444522
1.1482	552.4380222042946	1453.306639191494
1.1492	554.0591090058344	1455.053499003105
1.1502000000000001	555.681442519832	1456.8017694367352
1.1512	557.3050225134432	1458.5514503498791
1.1522000000000001	558.9298487538814	1460.3025416000771
1.1532	560.5559210084173	1462.055043044914
1.1542	562.1832390443785	1463.8089545420207
1.1552	563.8118026291504	1465.5642759490727
1.1562	565.4416115301743	1467.3210071237902
1.1572	567.0726655149497	1469.0791479239394
1.1582	568.7049643510313	1470.83869820733
1.1592	570.3385078060326	1472.5996578318184
1.1602	571.973295647622	1474.3620266553037
1.1612	573.6093276435262	1476.1258045357315
1.1622	575.246603561527	1477.8909913310906
1.1632	576.8851231694642	1479.657586899416
1.1642	578.5248862352324	1481.425591098785
1.1652	580.1658925267849	1483.1950037873216
1.1662	581.8081418121283	1484.9658248231924
1.1672	583.4516338593285	1486.73805406461
1.1682	585.0963684365053	1488.5116913698291
1.1692	586.7423453118362	1490.286736597151
1.1702	588.3895642535535	1492.063189604919
1.1712	590.0380250299467	1493.841050251522
1.1722	591.6877274093601	1495.6203183953917
1.1732	593.338671160195	1497.4009938950046
1.1742	594.9908560509072	1499.1830766088804
1.1752	596.6442818500095	1500.9665663955834
1.1762	598.2989483260694	1502.7514631137205
1.1772	599.9548552477108	1504.5377666219435
1.1782	601.6120023836122	1506.3254767789465
1.1792	603.270389502509	1508.1145934434687
1.1802	604.9300163731899	1509.9051164742907
1.1812	606.5908827645012	1511.6970457302389
1.1822	608.2529884453426	1513.4903810701808
1.1832	609.9163331846706	1515.285122353029
1.1842	611.5809167514949	1517.0812694377375
1.1852	613.2467389148829	1518.878822183306
1.1862	614.9137994439544	1520.6777804487742
1.1872	616.5820981078862	1522.4781440932277
1.1882	618.2516346759082	1524.2799129757925
1.1892	619.9224089173067	1526.0830869556398
1.1902	621.5944206014218	1527.887665891982
1.1912	623.2676694976487	1529.693649644075
1.1922	624.9421553754369	1531.5010380712172
1.1932	626.617878004291	1533.3098310327503
1.1942	628.2948371537693	1535.120028388057
1.1952	629.9730325934859	1536.9316299965649
1.1962	631.6524640931073	1538.7446357177412
1.1972	633.3331314223562	1540.5590454110982
1.1982	635.0150343510085	1542.3748589361887
1.1992	636.6981726488947	1544.1920761526092
1.2002	638.3825460858989	1546.010696919997
1.2012	640.0681544319604	1547.8307210980329
1.2022	641.754997457071	1549.6521485464384
1.2032	643.4430749312779	1551.4749791249787
1.2042	645.132386624681	1553.2992126934594
1.2052	646.8229323074348	1555.1248491117292
1.2062	648.514711749747	1556.9518882396776
1.2072	650.2077247218799	1558.7803299372374
1.2082	651.9019709941482	1560.6101740643815
1.2092	653.5974503369214	1562.441420481126
1.2102	655.2941625206213	1564.274069047527
1.2112	656.9921073157243	1566.108119623684
1.2122	658.6912844927591	1567.9435720697359
1.2132	660.3916938223091	1569.7804262458653
1.2142	662.0933350750096	1571.6186820122944
1.2152	663.7962080215499	1573.4583392292877
1.2162	665.5003124326722	1575.2993977571507
1.2172	667.2056480791722	1577.1418574562306
1.2182	668.9122147318977	1578.9857181869143
1.2192	670.6200121617505	1580.8309798096316
1.2202	672.3290401396848	1582.6776421848522
1.2212	674.0392984367081	1584.5257051730875
1.2222	675.7507868238796	1586.375168634889
1.2232	677.4635050723126	1588.22603243085
1.2242	679.1774529531722	1590.0782964216037
1.2252	680.8926302376768	1591.931960467825
1.2262	682.6090366970963	1593.7870244302285
1.2272	684.3266721027546	1595.6434881695707
1.2282	686.0455362260263	1597.501351546647
1.2292	687.7656288383403	1599.3606144222952
1.2302	689.4869497111762	1601.221276657392
1.2312	691.2094986160668	1603.0833381128557
1.2322	692.9332753245966	1604.946798649644
1.2332	694.658279608403	1606.811658128756
1.2342	696.3845112391743	1608.6779164112297
1.2352	698.1119699886524	1610.5455733581446
1.2362	699.8406556286295	1612.414628830619
1.2372	701.5705679309515	1614.285082689813
1.2382	703.3017066675143	1616.1569347969248
1.2392	705.0340716102675	1618.0301850131948
1.2402	706.7676625312106	1619.9048331999006
1.2412	708.5024792023968	1621.7808792183625
1.2422	710.2385213959287	1623.658322929938
1.2432	711.975788883963	1625.5371641960269
1.2442	713.7142814387055	1627.4174028780662
1.2452	715.4539988324153	1629.2990388375347
1.2462	717.194940837402	1631.1820719359491
1.2472	718.9371072260268	1633.066502034867
1.2482	720.6804977707022	1634.9523289958843
1.2492	722.425112243892	1636.8395526806373
1.2502	724.1709504181111	1638.728172950801
1.2512	725.9180120659262	1640.6181896680907
1.2522	727.6662969599536	1642.5096026942595
1.2532	729.4158048728624	1644.402411891101
1.2542	731.1665355773713	1646.2966171204473
1.2552	732.9184888462509	1648.1922182441697
1.2562	734.6716644523217	1650.0892151241785
1.2572	736.4260621684563	1651.9876076224239
1.2582	738.1816817675767	1653.8873956008933
1.2592	739.938523022657	1655.788578921615
1.2602	741.6965857067203	1657.691157446654
1.2612	743.4558695928422	1659.5951310381165
1.2622	745.2163744541468	1661.500499558145
1.2632	746.9781000638109	1663.407262868923
1.2642	748.7410461950595	1665.3154208326705
1.2652	750.5052126211704	1667.2249733116482
1.2662	752.270599115469	1669.1359201681532
1.2672	754.0372054513338	1671.048261264523
1.2682	755.8050314021909	1672.9619964631318
1.2692	757.5740767415191	1674.877125626394
1.2702	759.3443412428451	1676.7936486167605
1.2712	761.115824679747	1678.711565296722
1.2722	762.8885268258528	1680.6308755288067
1.2732	764.6624474548399	1682.551579175581
1.2742	766.4375863404357	1684.473676099649
1.2752000000000001	768.2139432564186	1686.3971661636547
1.2762	769.9915179766149	1688.3220492302773
1.2772000000000001	771.7703102749026	1690.2483251622368
1.2782	773.5503199252076	1692.1759938222885
1.2792000000000001	775.3315467015071	1694.1050550732282
1.2802	777.1139903778266	1696.0355087778871
1.2812	778.897650728242	1697.9673547991358
1.2822	780.6825275268787	1699.9005929998827
1.2832	782.4686205479107	1701.8352232430723
1.2842	784.2559295655625	1703.7712453916884
1.2852	786.0444543541067	1705.7086593087508
1.2862	787.8341395076051	1707.647464857319
1.2872	789.6245980062573	1709.5876618576126
1.2882	791.4151648567267	1711.5292498295178
1.2892	793.2058374574449	1713.4722277773656
1.2902	794.996613208218	1715.4165947050155
1.2912	796.7874895102245	1717.3623496158536
1.2922	798.578463766024	1719.3094915127995
1.2932	800.3695333795555	1721.2580193983035
1.2942	802.1606957561442	1723.2079322743534
1.2952	803.9519483025017	1725.1592291424727
1.2962	805.7432884267314	1727.1119090037255
1.2972	807.5347135383297	1729.0659708587166
1.2982	809.326221048191	1731.0214137075961
1.2992	811.1178083686083	1732.9782365500587
1.3002	812.9094729132794	1734.9364383853485
1.3012	814.701212097306	1736.8960182122582
1.3022	816.4930233372012	1738.856975029135
1.3032	818.2849040508883	1740.8193078338782
1.3042	820.0768516577072	1742.7830156239459
1.3052	821.8688635784141	1744.7480973963525
1.3062	823.6609372351888	1746.714552147676
1.3072	825.4530700516324	1748.6823788740542
1.3082	827.2452594527754	1750.6515765711927
1.3092	829.0375028650764	1752.6221442343622
1.3102	830.8297977164283	1754.5940808584035
1.3112	832.6221414361587	1756.5673854377278
1.3122	834.4145314550354	1758.542056966321
1.3132	836.2069652052663	1760.5180944377428
1.3142	837.9994401205053	1762.4954968451314
1.3152	839.7919536358522	1764.4742631812035
1.3162	841.5845031878591	1766.454392438259
1.3172	843.3770862145293	1768.4358836081792
1.3182	845.1697001553242	1770.4187356824336
1.3192	846.9623424511624	1772.4029476520768
1.3202	848.7550105444255	1774.3885185077554
1.3212	850.5477018789591	1776.375447239706
1.3222	852.3404139000766	1778.3637328377608
1.3232	854.1331440545608	1780.353374291346
1.3242	855.9258897906695	1782.3443705894874
1.3252	857.7186485581342	1784.3367207208094
1.3262	859.5114178081664	1786.3304236735391
1.3272	861.3041949934579	1788.325478435507
1.3282	863.0969775681867	1790.3218839941508
1.3292	864.889762988015	1792.3196393365138
1.3302	866.6825487100973	1794.318743449252
1.3312	868.4753321930785	1796.319195318631
1.3322	870.2681108971003	1798.3209939305327
1.3332	872.0608822838007	1800.3241382704525
1.3342	873.8536438163198	1802.328627323506
1.3352	875.6463929592993	1804.3344600744265
1.3362	877.4391271788888	1806.3416355075715
1.3372	879.2318439427448	1808.3501526069203
1.3382	881.0245407200364	1810.36001035608
1.3392	882.8172149814454	1812.3712077382836
1.3402	884.6098641991721	1814.3837437363961
1.3412	886.4024858469335	1816.3976173329115
1.3422	888.1950773999712	1818.4128275099604
1.3432	889.9876363350489	1820.4293732493063
1.3442	891.7801601304598	1822.4472535323532
1.3452	893.5726462660243	1824.4664673401417
1.3462	895.3650922230976	1826.4870136533564
1.3472	897.1574954845677	1828.5088914523233
1.3482	898.9498535348617	1830.5320997170156
1.3492	900.7421638599455	1832.556637427052
1.3502	902.5344239473294	1834.5825035617027
1.3512	904.3266312860661	1836.609697099886
1.3522	906.1187833667591	1838.6382170201764
1.3532	907.9108776815591	1840.6680623008006
1.3542	909.7029117241727	1842.6992319196447
1.3552	911.4948829898588	1844.7317248542513
1.3562	913.2867889754364	1846.7655400818257
1.3572	915.0786271792829	1848.800676579234
1.3582	916.8703951013404	1850.8371333230086
1.3592	918.662090243114	1852.8749092893463
1.3602	920.4537101076788	1854.9140034541142
1.3612	922.245252199678	1856.9544147928475
1.3622	924.0367140253289	1858.9961422807555
1.3632	925.8280930924228	1861.0391848927197
1.3642	927.6193869103295	1863.0835416032987
1.3652	929.4105929899974	1865.1292113867275
1.3662	931.2017088439586	1867.1761932169218
1.3672	932.9927319863285	1869.2244860674773
1.3682	934.7836599328111	1871.2740889116749
1.3692	936.5744902006983	1873.3250007224783
1.3702	938.3652203088753	1875.3772204725403
1.3712	940.1558477778203	1877.4307471342006
1.3722	941.9463701296096	1879.4855796794916
1.3732	943.7367848879167	1881.5417170801356
1.3742	945.5270895780179	1883.599158307552
1.3752	947.3172817267916	1885.6579023328536
1.3762	949.107358862724	1887.7179481268538
1.3772	950.8973185159077	1889.7792946600634
1.3782	952.6871582180474	1891.841940902697
1.3792	954.4768755024594	1893.9058858246703
1.3802	956.2664679040766	1895.9711283956071
1.3812	958.0559329594477	1898.0376675848352
1.3822	959.8452682067426	1900.105502361394
1.3832	961.6344711857516	1902.1746316940312
1.3842	963.4235394378911	1904.245054551209
1.3852	965.2124705062025	1906.3167699011026
1.3862	967.0012619353569	1908.3897767116039
1.3872	968.7899112716549	1910.4640739503216
1.3882	970.5784160630328	1912.539660584586
1.3892	972.3667738590592	1914.6165355814464
1.3902	974.1549822109431	1916.694697907678
1.3912	975.9430386715311	1918.774146529778
1.3922	977.7309407953138	1920.8548804139732
1.3932	979.5186861384235	1922.9368985262163
1.3942	981.3062722586418	1925.0201998321932
1.3952	983.0936967153958	1927.1047832973186
1.3962	984.8809570697656	1929.1906478867436
1.3972	986.6680508844826	1931.2777925653531
1.3982	988.4549757239341	1933.3662162977712
1.3992	990.2417291541635	1935.4559180483586
1.4002000000000001	992.0283087428747	1937.5468967812192
1.4012	993.8147120594315	1939.6391514601976
1.4022000000000001	995.6009366748624	1941.7326810488842
1.4032	997.3869801618598	1943.8274845106134
1.4042000000000001	999.1728400947856	1945.9235608084698
1.4052	1000.9585140496696	1948.0209089052853
1.4062000000000001	1002.7439996042147	1950.1195277636446
1.4072	1004.5292943377966	1952.219416345884
1.4082	1006.3143958314678	1954.3205736140953
1.4092	1008.099301667958	1956.4229985301267
1.4102	1009.8840094316769	1958.5266900555835
1.4112	1011.668516708717	1960.631647151832
1.4122	1013.4528210868533	1962.7378687799985
1.4132	1015.2369201555484	1964.845353900974
1.4142	1017.0208115059517	1966.954101475413
1.4152	1018.8044927309038	1969.0641104637377
1.4162	1020.587961424936	1971.1753798261373
1.4172	1022.3712151842749	1973.2879085225723
1.4182	1024.154251606842	1975.4016955127736
1.4192	1025.9370682922577	1977.5167397562461
1.4202	1027.7196628418415	1979.6330402122692
1.4212	1029.5020328586154	1981.7505958398995
1.4222	1031.2841759473044	1983.8694055979709
1.4232	1033.0660897143407	1985.9894684450985
1.4242	1034.8477717678622	1988.1107833396777
1.4252	1036.6292197177186	1990.2333492398889
1.4262	1038.4104311754688	1992.3571651036953
1.4272	1040.191403754387	1994.4822298888487
1.4282	1041.9721350694617	1996.6085425528875
1.4292	1043.7526227373996	1998.7361020531414
1.4302	1045.532864376625	2000.8649073467302
1.4312	1047.3128576072843	2002.9949573905685
1.4322	1049.0926000512459	2005.126251141364
1.4332	1050.8720893321042	2007.2587875556223
1.4342	1052.6513230751787	2009.3925655896455
1.4352	1054.4302989075184	2011.5275841995376
1.4362	1056.2090144579013	2013.6638423412012
1.4372	1057.9874673568388	2015.8013389703442
1.4382	1059.7656552365752	2017.9400730424775
1.4392	1061.5435757310913	2020.0800435129197
1.4402	1063.3212264761041	2022.221249336795
1.4412	1065.0986051090717	2024.363689469039
1.4422	1066.8757092691915	2026.507362864397
1.4432	1068.6525365974053	2028.6522684774282
1.4442	1070.4290847363975	2030.7984052625038
1.4452	1072.2053513306016	2032.9457721738133
1.4462	1073.981334026197	2035.0943681653616
1.4472	1075.7570304711141	2037.244192190974
1.4482	1077.5324383150348	2039.395243204295
1.4492	1079.3075552093949	2041.5475201587926
1.4502	1081.0823788073835	2043.7010220077568
1.4512	1082.8569067639494	2045.855747704305
1.4522	1084.631136735797	2048.0116962013794
1.4532	1086.4050663813935	2050.168866451752
1.4542	1088.1786933609662	2052.327257408024
1.4552	1089.9520153365079	2054.4868680226286
1.4562	1091.7250299717748	2056.6476972478317
1.4572	1093.4977349322921	2058.809744035735
1.4582	1095.2701278853515	2060.973007338274
1.4592	1097.0422065000175	2063.1374861072245
1.4602	1098.8139684471246	2065.3031792941997
1.4612	1100.585411399283	2067.470085850656
1.4622	1102.3565330308757	2069.6382047278885
1.4632	1104.1273310180654	2071.807534877041
1.4642	1105.8978030387912	2073.978075249098
1.4652	1107.6679467727738	2076.1498247948944
1.4662	1109.4377599015152	2078.3227824651117
1.4672	1111.2072401083012	2080.4969472102825
1.4682	1112.9763850782022	2082.6723179807905
1.4692	1114.7451924980755	2084.8488937268726
1.4702	1116.513660056566	2087.02667339862
1.4712	1118.2817854441105	2089.205655945981
1.4722	1120.049566352934	2091.38584031876
1.4732	1121.8170004770577	2093.5672254666224
1.4742	1123.5840855122947	2095.749810339092
1.4752	1125.350819156256	2097.9335938855575
1.4762	1127.1171991083484	2100.1185750552677
1.4772	1128.8832230697797	2102.30475279734
1.4782	1130.6488887435573	2104.492126060756
1.4792	1132.414193834492	2106.680693794368
1.4802	1134.1791360491957	2108.870454946894
1.4812	1135.9437130960887	2111.061408466927
1.4822	1137.7079226853957	2113.2535533029295
1.4832	1139.4717625291512	2115.446888403241
1.4842	1141.235230341198	2117.6414127160733
1.4852	1142.9983238371913	2119.837125189518
1.4862	1144.761040734598	2122.034024771543
1.4872	1146.5233787527004	2124.2321104099983
1.4882	1148.2853356125952	2126.4313810526132
1.4892	1150.0469090371969	2128.6318356470015
1.4902	1151.8080967512376	2130.8334731406594
1.4912	1153.5688964812703	2133.0362924809706
1.4922	1155.329305955669	2135.240292615205
1.4932	1157.0893229046312	2137.4454724905218
1.4942	1158.8489450601767	2139.651831053969
1.4952	1160.6081701561538	2141.859367252489
1.4962	1162.3669959282347	2144.068080032913
1.4972	1164.1254201139232	2146.2779683419703
1.4982	1165.8834404525508	2148.4890311262843
1.4992	1167.6410546852808	2150.701267332376
1.5002	1169.3982605551091	2152.914675906665
1.5012	1171.1550558068668	2155.129255795471
1.5022	1172.9114381872178	2157.345005945015
1.5032	1174.667405444665	2159.561925301422
1.5042	1176.422955329549	2161.78001281072
1.5052	1178.1780855940488	2163.999267418844
1.5062	1179.932793992185	2166.2196880716347
1.5072	1181.6870782798203	2168.441273714843
1.5082	1183.4409362146605	2170.664023294129
1.5092	1185.194365556257	2172.887935755065
1.5102	1186.9473640660053	2175.1130100431337
1.5112	1188.6999295071514	2177.339245103736
1.5122	1190.4520596447865	2179.566639882184
1.5132	1192.2037522458552	2181.795193323711
1.5142	1193.95500507915	2184.0249043734643
1.5152	1195.7058159153196	2186.2557719765155
1.5162	1197.456182526863	2188.487795077853
1.5172	1199.2061026881368	2190.720972622392
1.5182	1200.9555741753525	2192.955303554967
1.5192	1202.704594766581	2195.1907868203425
1.5202	1204.4531622417496	2197.4274213632057
1.5212	1206.2012743826488	2199.6652061281743
1.5222	1207.948928972927	2201.9041400597935
1.5232	1209.6961237980981	2204.1442221025413
1.5242	1211.4428566455385	2206.385451200826
1.5252000000000001	1213.1891253044898	2208.6278262989904
1.5262	1214.9349275660597	2210.871346341311
1.5272000000000001	1216.6802612232243	2213.1160102720023
1.5282	1218.4251240708277	2215.3618170352147
1.5292000000000001	1220.1695139055832	2217.6087655750375
1.5302	1221.9134285260766	2219.856854835501
1.5312000000000001	1223.656865732765	2222.106083760577
1.5322	1225.399823327979	2224.356451294179
1.5332000000000001	1227.1422991159245	2226.6079563801663
1.5342	1228.8842909026819	2228.860597962342
1.5352000000000001	1230.6257964962101	2231.1143749844587
1.5362	1232.3668137063446	2233.369286390213
1.5372	1234.107340344801	2235.625331123255
1.5382	1235.8473742251756	2237.8825081271843
1.5392	1237.5869131629452	2240.140816345552
1.5402	1239.3259549754696	2242.400254721864
1.5412	1241.0644974819925	2244.660822199579
1.5422	1242.8025385036424	2246.9225177221138
1.5432	1244.5400758634337	2249.1853402328406
1.5442	1246.2771073862684	2251.4492886750927
1.5452	1248.0136308989354	2253.714361992161
1.5462	1249.749644230115	2255.9805591273
1.5472	1251.4851452103753	2258.2478790237237
1.5482	1253.220131672178	2260.516320624614
1.5492	1254.954601449876	2262.7858828731146
1.5502	1256.6885523797166	2265.0565647123376
1.5512	1258.421982299841	2267.328365085362
1.5522	1260.154670516662	2269.601282935236
1.5532	1261.885705153379	2271.8753170642613
1.5542	1263.614941344457	2274.1504656891257
1.5552	1265.3423750744303	2276.426726935589
1.5562	1267.0680023342456	2278.7040989292436
1.5572	1268.7918191212636	2280.98257979551
1.5582	1270.5138214392657	2283.2621676596495
1.5592	1272.234005298456	2285.5428606467626
1.5602	1273.9523667154663	2287.824656881797
1.5612	1275.6689017133606	2290.107554489551
1.5622	1277.3836063216386	2292.3915515946783
1.5632	1279.0964765762383	2294.6766463216895
1.5642	1280.8075085195435	2296.9628367949617
1.5652	1282.5166982003834	2299.2501211387385
1.5662	1284.2240416740403	2301.538497477137
1.5672	1285.9295350022498	2303.827963934149
1.5682	1287.6331742532088	2306.1185186336506
1.5692	1289.3349555015748	2308.4101596994
1.5702	1291.034874828474	2310.702885255049
1.5712	1292.7329283215004	2312.996693424139
1.5722	1294.4291120747246	2315.291582330114
1.5732	1296.123422188693	2317.5875500963193
1.5742	1297.815854770434	2319.884594846007
1.5752	1299.5064059334597	2322.18271470234
1.5762	1301.195071797773	2324.481907788399
1.5772	1302.8818484898657	2326.782172227182
1.5782	1304.5667321427277	2329.0835061416137
1.5792	1306.2497188958462	2331.385907654546
1.5802	1307.930804895211	2333.689374888763
1.5812	1309.609986293318	2335.993905966987
1.5822	1311.2872592491717	2338.299499011881
1.5832	1312.9626199282889	2340.606152146053
1.5842	1314.636064502704	2342.9138634920623
1.5852	1316.307589150967	2345.2226311724194
1.5862	1317.9771900581538	2347.5324533095954
1.5872	1319.6448634158628	2349.8433280260215
1.5882	1321.3106054222237	2352.155253444098
1.5892	1322.9744122818956	2354.4682276861927
1.5902	1324.6362802060742	2356.7822488746506
1.5912	1326.296205412493	2359.097315131795
1.5922	1327.9541841254265	2361.4134245799314
1.5932	1329.6102125756927	2363.730575341353
1.5942	1331.2642870006582	2366.0487655383454
1.5952	1332.9164036442385	2368.3679932931877
1.5962	1334.5665587569033	2370.6882567281614
1.5972	1336.2147485956766	2373.009553965548
1.5982	1337.8609694241436	2375.3318831276406
1.5992	1339.5052175124495	2377.655242336741
1.6002	1341.147489137305	2379.9796297151697
1.6012	1342.7877805819876	2382.305043385265
1.6022	1344.426088136346	2384.631481469391
1.6032	1346.0624080968	2386.958942089938
1.6042	1347.696736766347	2389.2874233693306
1.6052	1349.3290704545611	2391.6169234300282
1.6062	1350.9594054775991	2393.947440394532
1.6072	1352.587738158199	2396.278972385385
1.6082	1354.2140648256877	2398.611517525181
1.6092	1355.838381815978	2400.945073936565
1.6102	1357.4606854715769	2403.2796397422394
1.6112	1359.0809721415822	2405.6152130649643
1.6122	1360.6992381816904	2407.951792027567
1.6132	1362.3154799541946	2410.2893747529406
1.6142	1363.9296938279913	2412.627959364053
1.6152	1365.5418761785784	2414.9675439839457
1.6162	1367.1520233880613	2417.308126735743
1.6172	1368.7601318451518	2419.64970574265
1.6182	1370.3661979451742	2421.9922791279632
1.6192	1371.970218090064	2424.335845015068
1.6202	1373.5721886883723	2426.680401527448
1.6212	1375.1721061552673	2429.025946788685
1.6222	1376.7699669125375	2431.3724789224657
1.6232	1378.365767388591	2433.7199960525822
1.6242	1379.959504018462	2436.0684963029416
1.6252	1381.5511732438085	2438.417977797562
1.6262	1383.1407715129176	2440.7684386605833
1.6272	1384.7282952807059	2443.119877016268
1.6282	1386.3137410087224	2445.4722909890065
1.6292	1387.8971051651488	2447.825678703316
1.6302	1389.4783842248048	2450.180038283853
1.6312	1391.057574669146	2452.5353678554084
1.6322	1392.6346729862694	2454.891665542919
1.6332	1394.2096756709113	2457.2489294714633
1.6342	1395.7825792244548	2459.607157766274
1.6352	1397.3533801549252	2461.9663485527335
1.6362	1398.9220749769972	2464.3264999563844
1.6372	1400.488660211993	2466.687610102928
1.6382	1402.053132387886	2469.0496771182325
1.6392	1403.615488039302	2471.412699128333
1.6402	1405.1757237075208	2473.776674259439
1.6412	1406.7338359404778	2476.141600637934
1.6422	1408.2898212927662	2478.507476390383
1.6432	1409.8436763256373	2480.874299643533
1.6442	1411.3953976070038	2483.24206852432
1.6452	1412.94498171144	2485.6107811598695
1.6462	1414.4924252201845	2487.980435677503
1.6472	1416.0377247211397	2490.351030204739
1.6482	1417.5808768088764	2492.7225628692995
1.6492	1419.1218780846314	2495.095031799111
1.6502000000000001	1420.6607251563128	2497.4684351223104
1.6512	1422.1974146384987	2499.8427709672474
1.6522000000000001	1423.7319431524397	2502.2180374624886
1.6532	1425.2643073260597	2504.5942327368202
1.6542000000000001	1426.7945037939576	2506.971354919253
1.6552	1428.3225291974086	2509.3494021390247
1.6562000000000001	1429.8483801843654	2511.728372525606
1.6572	1431.372053409459	2514.108264208701
1.6582000000000001	1432.8935455340013	2516.4890753182535
1.6592	1434.4128532259836	2518.8708039844473
1.6602000000000001	1435.929973160081	2521.2534483377144
1.6612	1437.4449020176507	2523.6370065087335
1.6622000000000001	1438.9576364867362	2526.021476628439
1.6632	1440.4681732620645	2528.406856828019
1.6642000000000001	1441.9765090450503	2530.7931452389234
1.6652	1443.4826405437957	2533.180339992864
1.6662	1444.9865644730917	2535.5684392218213
1.6672	1446.488277554419	2537.9574410580462
1.6682	1447.987776515948	2540.347343634062
1.6692	1449.4850580925417	2542.738145082671
1.6702	1450.980119025755	2545.1298435369567
1.6712	1452.4729560638361	2547.522437130287
1.6722	1453.963565961727	2549.915923996317
1.6732	1455.4519454810659	2552.310302268995
1.6742	1456.938091390185	2554.7055700825636
1.6752	1458.4220004641147	2557.101725571564
1.6762	1459.903669484581	2559.4987668708386
1.6772	1461.3830952400099	2561.896692115537
1.6782	1462.8602745255243	2564.295499441116
1.6792	1464.335204142948	2566.6951869833465
1.6802	1465.8078809008034	2569.0957528783138
1.6812	1467.278301614315	2571.497195262423
1.6822	1468.746463105407	2573.8995122724004
1.6832	1470.2123622027075	2576.3027020453023
1.6842	1471.675995741545	2578.7067627185097
1.6852	1473.1373605639517	2581.111692429739
1.6862	1474.596453518664	2583.5174893170424
1.6872	1476.0532714611215	2585.924151518813
1.6882	1477.5078112534673	2588.3316771737827
1.6892	1478.9600697645515	2590.740064421035
1.6902	1480.410043869927	2593.1493114
1.6912	1481.8577304518544	2595.5594162504613
1.6922	1483.3031263992984	2597.9703771125583
1.6932	1484.746228607932	2600.382192126792
1.6942	1486.1870339801324	2602.7948594340237
1.6952	1487.6255394249865	2605.208377175485
1.6962	1489.0617418582856	2607.6227434927723
1.6972	1490.4956382025302	2610.0379565278595
1.6982	1491.9272253869278	2612.454014423093
1.6992	1493.3565003473939	2614.8709153212017
1.7002	1494.783460026551	2617.2886573652945
1.7012	1496.208101373732	2619.70723869887
1.7022	1497.630421344975	2622.126657465811
1.7032	1499.0504169030291	2624.5469118103983
1.7042	1500.4680850173502	2626.9679998773054
1.7052	1501.8834226641031	2629.389919811605
1.7062	1503.2964268261617	2631.8126697587736
1.7072	1504.7070944931072	2634.236247864692
1.7082	1506.11542266123	2636.660652275649
1.7092	1507.5214083335293	2639.085881138348
1.7102	1508.9250485197115	2641.511932599905
1.7112	1510.326340236193	2643.938804807856
1.7122	1511.725280506096	2646.366495910157
1.7132	1513.1218663592533	2648.7950040551914
1.7142	1514.5160948322036	2651.2243273917666
1.7152	1515.9079629681944	2653.6544640691245
1.7162	1517.2974678171802	2656.085412236939
1.7172	1518.684606435823	2658.517170045324
1.7182	1520.0693758874918	2660.9497356448296
1.7192	1521.4517732422626	2663.3831071864543
1.7202	1522.8317955769166	2665.8172828216393
1.7212	1524.2094399749433	2668.2522607022793
1.7222	1525.584703526536	2670.688038980719
1.7232	1526.9575833285949	2673.124615809761
1.7242	1528.3280764847243	2675.5619893426665
1.7252	1529.696180105234	2678.000157733159
1.7262	1531.0618913071369	2680.439119135427
1.7272	1532.425207214151	2682.878871704129
1.7282	1533.7861249566965	2685.3194135943922
1.7292	1535.144641671898	2687.760742961822
1.7302	1536.5007545035803	2690.2028579624975
1.7312	1537.8544606022715	2692.645756752982
1.7322	1539.2057571252003	2695.08943749032
1.7332	1540.5546412362971	2697.533898332045
1.7342	1541.9011101061906	2699.979137436177
1.7352	1543.2451609122104	2702.425152961233
1.7362	1544.5867908383839	2704.8719430662213
1.7372	1545.9259970754379	2707.319505910654
1.7382	1547.2627768207944	2709.767839654539
1.7392	1548.5971272785755	2712.216942458395
1.7402	1549.9290456595959	2714.6668124832436
1.7412	1551.2585291813677	2717.117447890621
1.7422	1552.5855750680964	2719.5688468425733
1.7432	1553.9101805506823	2722.0210075016676
1.7442	1555.2323428667166	2724.473928030986
1.7452	1556.5520592604853	2726.927606594137
1.7462	1557.8693269829628	2729.382041355252
1.7472	1559.184143291816	2731.8372304789928
1.7482	1560.4965054514	2734.2931721305504
1.7492	1561.806410732759	2736.749864475652
1.7502	1563.113856413624	2739.20730568056
1.7512	1564.4188397784135	2741.6654939120795
1.7522	1565.7213581182307	2744.1244273375555
1.7532	1567.0214087308643	2746.584104124882
1.7542	1568.3189889207858	2749.044522442498
1.7552	1569.6140959991503	2751.5056804593987
1.7562	1570.9067272837926	2753.9675763451287
1.7572	1572.1968800992304	2756.4302082697945
1.7582	1573.484551776658	2758.893574404059
1.7592	1574.7697396539497	2761.357672919151
1.7602	1576.0524410756566	2763.8225019868632
1.7612	1577.3326533930053	2766.2880597795584
1.7622	1578.6103739638963	2768.7543444701682
1.7632	1579.885600152906	2771.221354232203
1.7642	1581.1583293312801	2773.6890872397457
1.7652	1582.4285588769376	2776.1575416674627
1.7662	1583.6962861744657	2778.6267156906006
1.7672	1584.9615086151211	2781.096607484993
1.7682	1586.224223596827	2783.5672152270604
1.7692	1587.4844285241734	2786.0385370938166
1.7702	1588.742120808413	2788.5105712628665
1.7712	1589.9972978674637	2790.9833159124137
1.7722	1591.2499571259032	2793.4567692212595
1.7732	1592.5000960149719	2795.9309293688093
1.7742	1593.7477119725663	2798.40579453507
1.7752000000000001	1594.9928024432425	2800.8813629006595
1.7762	1596.2353648782116	2803.357632646804
1.7772000000000001	1597.4753967353402	2805.8346019553446
1.7782	1598.712895479146	2808.312269008734
1.7792000000000001	1599.947858580801	2810.790631990048
1.7802	1601.1802835181247	2813.26968908298
1.7812000000000001	1602.4101677755866	2815.7494384718507
1.7822	1603.637508844302	2818.229878341603
1.7832000000000001	1604.8623042220324	2820.7110068778125
1.7842	1606.0845514131825	2823.192822266684
1.7852000000000001	1607.3042479287988	2825.675322695059
1.7862	1608.521391286568	2828.158506350414
1.7872000000000001	1609.7359790108164	2830.642371420867
1.7882	1610.9480086325061	2833.126916095177
1.7892000000000001	1612.1574776892362	2835.61213856275
1.7902	1613.364383725237	2838.0980370136363
1.7912000000000001	1614.5687242913734	2840.5846096385408
1.7922	1615.7704969451372	2843.0718546288167
1.7932	1616.9696992506515	2845.559770176477
1.7942	1618.1663287786641	2848.04835447419
1.7952	1619.360383106548	2850.5376057152853
1.7962	1620.5518598182985	2853.0275220937565
1.7972	1621.740756504533	2855.518101804262
1.7982	1622.9270707624867	2858.0093430421302
1.7992	1624.1108001960126	2860.501244003358
1.8002	1625.2919424155793	2862.993802884618
1.8012	1626.4704950382682	2865.4870178832584
1.8022	1627.6464556877725	2867.980887197306
1.8032	1628.8198219943943	2870.4754090254673
1.8042	1629.9905915950444	2872.9705815671364
1.8052	1631.1587621332374	2875.466403022389
1.8062	1632.324331259093	2877.9628715919926
1.8072	1633.4872966293306	2880.459985477404
1.8082	1634.647655907271	2882.957742880777
1.8092	1635.80540676283	2885.456142004957
1.8102	1636.9605468725208	2887.955181053493
1.8112	1638.1130739194477	2890.454858230631
1.8122	1639.262985593308	2892.955171741324
1.8132	1640.4102795903862	2895.4561197912294
1.8142	1641.554953613554	2897.957700586714
1.8152	1642.6970053722682	2900.4599123348553
1.8162	1643.8364325825673	2902.962753243445
1.8172	1644.9732329670694	2905.4662215209896
1.8182	1646.107404254972	2907.970315376716
1.8192	1647.2389441820465	2910.4750330205698
1.8202	1648.367850490639	2912.9803726632217
1.8212	1649.494120929666	2915.4863325160673
1.8222	1650.617753254613	2917.9929107912308
1.8232	1651.7387452275316	2920.500105701566
1.8242	1652.8570946170387	2923.007915460662
1.8252	1653.9727991983111	2925.516338282839
1.8262	1655.085856753087	2928.02537238316
1.8272	1656.1962650696603	2930.5350159774243
1.8282	1657.3040219428808	2933.0452672821766
1.8292	1658.4091251741488	2935.556124514703
1.8302	1659.511572571416	2938.06758589304
1.8312	1660.611361949181	2940.5796496359717
1.8322	1661.7084911284871	2943.0923139630363
1.8332	1662.80295793692	2945.605577094523
1.8342	1663.8947602086057	2948.1194372514815
1.8352	1664.983895784207	2950.6338926557164
1.8362	1666.070362510923	2953.1489415297974
1.8372	1667.1541582424827	2955.6645820970543
1.8382	1668.2352808391477	2958.1808125815855
1.8392	1669.3137281677045	2960.697631208256
1.8402	1670.3894981014657	2963.215036202702
1.8412	1671.4625885202652	2965.733025791332
1.8422	1672.5329973104563	2968.2515982013297
1.8432	1673.6007223649092	2970.7707516606556
1.8442	1674.6657615830084	2973.290484398052
1.8452	1675.7281128706495	2975.8107946430396
1.8462	1676.7877741402372	2978.3316806259268
1.8472	1677.8447433106812	2980.853140577805
1.8482	1678.8990183073959	2983.375172730557
1.8492	1679.9505970622952	2985.8977753168547
1.8502	1680.9994775137916	2988.4209465701642
1.8512	1682.0456576067916	2990.944684724745
1.8522	1683.0891352926951	2993.468988015657
1.8532	1684.1299085293908	2995.9938546787575
1.8542	1685.1679752812538	2998.5192829507073
1.8552	1686.2033335191436	3001.0452710689697
1.8562	1687.2359812204006	3003.571817271816
1.8572	1688.2659163688431	3006.0989197983254
1.8582	1689.2931369547648	3008.6265768883873
1.8592	1690.317640974931	3011.154786782704
1.8602	1691.339426432578	3013.6835477227946
1.8612	1692.3584913374066	3016.2128579509927
1.8622	1693.3748337055831	3018.742715710454
1.8632	1694.388451559733	3021.273119245153
1.8642	1695.3993429289408	3023.8040667998907
1.8652	1696.4075058487438	3026.3355566202913
1.8662	1697.4129383611328	3028.8675869528092
1.8672	1698.4156385145463	3031.400156044727
1.8682	1699.4156043638689	3033.933262144161
1.8692	1700.4128339704273	3036.46690350006
1.8702	1701.407325401988	3039.001078362212
1.8712	1702.3990767327543	3041.5357849812403
1.8722	1703.3880860433626	3044.0710216086118
1.8732	1704.374351420879	3046.606786496633
1.8742	1705.3578709587982	3049.1430778984586
1.8752	1706.3386427570379	3051.6798940680874
1.8762	1707.3166649219365	3054.2172332603686
1.8772	1708.2919355662511	3056.7550937310016
1.8782	1709.2644528091528	3059.2934737365395
1.8792	1710.2342147762238	3061.8323715343895
1.8802	1711.2012195994555	3064.371785382818
1.8812	1712.1654654172428	3066.9117135409474
1.8822	1713.1269503743838	3069.4521542687653
1.8832	1714.085672622074	3071.9931058271186
1.8842	1715.0416303179054	3074.534566477723
1.8852	1715.9948216258606	3077.076534483158
1.8862	1716.9452447163121	3079.619008106876
1.8872	1717.8928977660166	3082.161985613198
1.8882	1718.837778958114	3084.7054652673196
1.8892	1719.7798864821227	3087.249445335311
1.8902	1720.7192185339356	3089.7939240841206
1.8912	1721.655773315819	3092.3388997815746
1.8922	1722.5895490364073	3094.8843706963826
1.8932	1723.5205439106999	3097.4303350981354
1.8942	1724.4487561600586	3099.97679125731
1.8952	1725.3741840122036	3102.5237374452704
1.8962	1726.2968257012103	3105.07117193427
1.8972	1727.216679467505	3107.619092997451
1.8982	1728.1337435578637	3110.1674989088524
1.8992	1729.0480162254055	3112.716387943405
1.9002000000000001	1729.9594957295922	3115.2657583769387
1.9012	1730.8681803362222	3117.8156084861794
1.9022000000000001	1731.7740683174293	3120.365936548756
1.9032	1732.6771579516771	3122.9167408431995
1.9042000000000001	1733.5774475237572	3125.468019648945
1.9052	1734.474935324784	3128.0197712463328
1.9062000000000001	1735.3696196521933	3130.5719939166142
1.9072	1736.2614988097362	3133.1246859419484
1.9082000000000001	1737.1505711074776	3135.6778456054085
1.9092	1738.0368348617915	3138.2314711909785
1.9102000000000001	1738.920288395358	3140.785560983562
1.9112	1739.800930037159	3143.340113268977
1.9122000000000001	1740.6787581224753	3145.895126333963
1.9132	1741.553770992882	3148.4505984661796
1.9142000000000001	1742.4259669962462	3151.0065279542114
1.9152	1743.2953444867217	3153.562913087565
1.9162000000000001	1744.1619018247475	3156.119752156678
1.9172	1745.0256373770414	3158.677043452912
1.9182000000000001	1745.8865495165987	3161.2347852685634
1.9192	1746.7446366226866	3163.792975896857
1.9202	1747.599897080842	3166.3516136319554
1.9212	1748.4529247931757	3168.910696768956
1.9222	1749.3061005081006	3171.47022391373
1.9232	1750.1594241742864	3174.0301949122872
1.9242	1751.0128957404459	3176.5906096107656
1.9252	1751.8665151553378	3179.1514678554413
1.9262	1752.7202823677637	3181.7127694927194
1.9272	1753.5741973265706	3184.274514369141
1.9282	1754.4282599806493	3186.8367023313767
1.9292	1755.282470278935	3189.399333226234
1.9302	1756.1368281704065	3191.962406900648
1.9312	1756.9913336040872	3194.52592320169
1.9322	1757.8459865290438	3197.0898819765603
1.9332	1758.700786894388	3199.6542830725934
1.9342	1759.5557346492744	3202.219126337253
1.9352	1760.4108297429023	3204.7844116181363
1.9362	1761.2660721245136	3207.3501387629703
1.9372	1762.121461743395	3209.9163076196146
1.9382	1762.9769985488758	3212.482918036057
1.9392	1763.8326824903302	3215.04996986042
1.9402	1764.6885135171744	3217.617462940953
1.9412	1765.5444915788694	3220.185397126038
1.9422	1766.4006166249187	3222.7537722641855
1.9432	1767.2568886048696	3225.322588204038
1.9442	1768.1133074683119	3227.891844794365
1.9452	1768.9698731648803	3230.46154188407
1.9462	1769.8265856442501	3233.0316793221805
1.9472	1770.6834448561426	3235.6022569578577
1.9482	1771.5404507503197	3238.1732746403895
1.9492	1772.3976032765881	3240.7447322191947
1.9502	1773.254902384796	3243.316629543818
1.9512	1774.1123480248352	3245.888966463936
1.9522	1774.96994014664	3248.4617428293504
1.9532	1775.827678700188	3251.0349584899946
1.9542	1776.6855636354987	3253.6086132959263
1.9552	1777.543594902635	3256.182707097335
1.9562	1778.4017724517014	3258.7572397445338
1.9572	1779.2600962328459	3261.3322110879676
1.9582	1780.1185661962584	3263.9076209782047
1.9592	1780.9771822921716	3266.4834692659438
1.9602	1781.8359444708599	3269.059755802008
1.9612	1782.6948526826407	3271.63648043735
1.9622	1783.5539068778726	3274.213643023046
1.9632	1784.4131070069577	3276.791243410302
1.9642	1785.2724530203393	3279.3692814504466
1.9652	1786.131944868503	3281.947756994938
1.9662	1786.9915825019764	3284.5266698953583
1.9672	1787.851365871329	3287.1060200034167
1.9682	1788.7112949271723	3289.685807170946
1.9692	1789.5713696201594	3292.266031249908
1.9702	1790.4315899009853	3294.846692092385
1.9712	1791.291955720387	3297.4277895505898
1.9722	1792.1524670291424	3300.0093234768556
1.9732	1793.0131237780715	3302.591293723643
1.9742	1793.8739259180359	3305.173700143536
1.9752	1794.7348733999388	3307.7565425892444
1.9762	1795.595966174724	3310.3398209136003
1.9772	1796.4572041933777	3312.923534969562
1.9782	1797.3185874069268	3315.5076846102093
1.9792	1798.18011576644	3318.0922696887487
1.9802	1799.0417892230266	3320.677290058508
1.9812	1799.9036077278372	3323.26274557294
1.9822	1800.7655712320636	3325.848636085619
1.9832	1801.6276796869388	3328.434961450245
1.9842	1802.4899330437363	3331.0217215206376
1.9852	1803.3523312537711	3333.6089161507425
1.9862	1804.214874268399	3336.196545194626
1.9872	1805.0775620390161	3338.784608506478
1.9882	1805.9403945170598	3341.373105940609
1.9892	1806.8033716540078	3343.9620373514535
1.9902	1807.6664934013788	3346.5514025935663
1.9912	1808.5297597107322	3349.141201521626
1.9922	1809.3931705336672	3351.731433990431
1.9932	1810.2567258218246	3354.3220998549027
1.9942	1811.1204255268842	3356.913198970082
1.9952	1811.9842696005676	3359.5047311911326
1.9962	1812.8482579946362	3362.096696373338
1.9972	1813.7123906608915	3364.689094372104
1.9982	1814.5766675511754	3367.2819250429557
1.9992	1815.4410886173698	3369.875188241539
2.0002	1816.3056538113967	3372.4688838236198
2.0012	1817.1703630852182	3375.0630116450848
2.0022	1818.0352163908376	3377.6575715619424
2.0032	1818.9002136802956	3380.2525634303165
2.0042	1819.765354905675	3382.8479871064546
2.0052	1820.6306400190974	3385.443842446722
2.0062	1821.4960689727252	3388.040129307605
2.0072	1822.3616417187588	3390.636847545706
2.0082	1823.22735820944	3393.2339970177495
2.0092	1824.0932183970492	3395.8315775805777
2.0102	1824.9592222339074	3398.4295890911526
2.0112	1825.8253696723737	3401.0280314065512
2.0122	1826.6916606648476	3403.6269043839734
2.0132	1827.5580951637683	3406.2262078807353
2.0142	1828.424673121614	3408.825941754272
2.0152	1829.2913944909012	3411.426105862134
2.0162	1830.158259224188	3414.026700061994
2.0172	1831.0252672740692	3416.6277242116375
2.0182	1831.892418593181	3419.2291781689732
2.0192	1832.7597131341968	3421.83106179202
2.0202	1833.62715084983	3424.43337493892
2.0212	1834.4947316928335	3427.03611746793
2.0222	1835.3624556159984	3429.6392892374247
2.0232	1836.2303225721544	3432.242890105893
2.0242	1837.098332514171	3434.846919931942
2.0252	1837.9664853949557	3437.451378574296
2.0262000000000002	1838.8347811674557	3440.056265891796
2.0272	1839.7032197846556	3442.6615817433963
2.0282	1840.5718011995798	3445.267325988169
2.0292	1841.440525365291	3447.873498485302
2.0302000000000002	1842.3093922348903	3450.4800990941003
2.0312	1843.178401761517	3453.08712767398
2.0322	1844.047553898349	3455.694584084476
2.0332	1844.9168485986036	3458.302468185239
2.0342000000000002	1845.7862858155352	3460.9107798360337
2.0352	1846.6558655024364	3463.5195188967377
2.0362	1847.5255876126394	3466.128685227346
2.0372	1848.395452099513	3468.738278687967
2.0382000000000002	1849.2654589164658	3471.348299138826
2.0392	1850.135608016943	3473.958746440257
2.0402	1851.0058993544285	3476.569620452714
2.0412	1851.876332882444	3479.180921036761
2.0422000000000002	1852.7469085545506	3481.79264805308
2.0432	1853.6176263243444	3484.4048013624615
2.0442	1854.4884861454616	3487.0173808258132
2.0452	1855.3594879715756	3489.6303863041553
2.0462000000000002	1856.230631756398	3492.243817658622
2.0472	1857.1019174536766	3494.857674750458
2.0482	1857.9733450171984	3497.4719574410237
2.0492	1858.8449144007877	3500.0866655917916