4.00000001e-15	6.302945748716805e-26	4.351707029680875e-12
4.73000011e-15	6.302945614818121e-25	4.385181901361303e-12
4.7599999e-15	6.302945614818122e-24	4.407498337424682e-12
4.91000012e-15	6.302945960723054e-23	4.546975920553448e-12
6.99000006e-15	7.551104552555234e-22	6.471769917429146e-12
9.89999996e-15	8.736777248382057e-21	9.149743617496096e-12
2.71999999e-14	1.0609016168266013e-19	2.5161794911850037e-11
1.27e-13	3.632001829948672e-18	1.1827716915866996e-10
6.93000019e-13	1.185672907833073e-16	6.415978632001786e-10
6.29500011e-12	6.08078550546753e-15	5.824592948002679e-9
1.58099991e-11	3.1003124302611025e-14	1.4628431042178087e-8
3.97200016e-11	1.517072015175184e-13	3.6749608457933496e-8
9.97599989e-11	7.182883240348137e-13	9.22785101539835e-8
2.50600013e-10	3.286319950903816e-12	2.318678910957376e-7
6.29399977e-10	1.4465520754295918e-11	5.824592479357286e-7
1.581e-9	6.08770373800491e-11	1.4628431488507032e-6
3.97200006e-9	2.44063831733988e-10	3.6755189243472444e-6
4.99999997e-9	3.281968243695604e-10	4.626757397902255e-6
9.97599958e-9	8.955255713010489e-10	9.233429602767239e-6
1.98999999e-8	2.3919883842892214e-9	0.000018422227181432718
3.97199997e-8	6.278062742691364e-9	0.00003676076869002455
7.9240003e-8	1.6250836532024102e-8	0.00007336532325373801
1.58099994e-7	4.16625735326936e-8	0.00014639588819459942
1.98999999e-7	5.453023833965633e-8	0.00018433386074536936
3.15499989e-7	1.0165922706985048e-7	0.00029217806962731534
4.99999999e-7	1.8903147176969427e-7	0.00046312206427136807
6.29400006e-7	2.5767685114929705e-7	0.0005830171702744923
7.92399987e-7	3.1427137022985945e-7	0.0007342111002008481
9.97599955e-7	4.2810757754965417e-7	0.000924458816112475
1.58099999e-6	7.937960432939077e-7	0.0014650748047310871
2.5060001e-6	1.4703190805623745e-6	0.002323142055344789
3.97199983e-6	2.7221601762999334e-6	0.003682771814327159
4.99999987e-6	3.533363099754519e-6	0.0046373577214907395
6.29399983e-6	4.806516235215354e-6	0.005835750937290783
7.92399987e-6	6.540169783530463e-6	0.007353269471100201
9.976e-6	8.892769939745593e-6	0.00925574675295693
0.00001256	0.000012094398348582906	0.011660343673287213
0.0000158099992	0.000015620397121178308	0.014678642936844455
0.0000199000006	0.00002124302644498996	0.018483597411292123
0.0000250600006	0.000028880830841330063	0.02327605434054899
0.0000315500001	0.00003712564126311091	0.02931265286766347
0.0000397199983	0.00005047980272260657	0.03691698437848694
0.0000499999987	0.0000686465036822138	0.046485161459495654
0.000062940002	0.00009329613847355502	0.058524884735550106
0.0000792400024	0.00012686900357063158	0.07375585817897791
0.00009976	0.00016207320464182103	0.09283642021870118
0.000110499997	0.00018047310421780854	0.10287881834411962
0.000125599996	0.00020531130997545192	0.1169381856728409
0.000158099996	0.0002791452756081232	0.14728854831510826
0.000199000002	0.0003629546942646731	0.18550547199285877
0.0002	0.0003652221626504233	0.1864462707257967
0.0012000000000000001	0.0013087123297136729	1.1277314456735463
0.0022	0.0024464107909377046	2.0689460723115425
0.0032	0.003834138158553995	3.01074051735494
0.0042	0.005432998611980342	3.9530085763711003
0.0052	0.007204748479297192	4.895677131653118
0.0062	0.00913021907107402	5.838700193432477
0.0072	0.011195606306660897	6.782043954492657
0.0082	0.013390742314792314	7.7256823818861875
0.009200000000000002	0.015707963923905676	8.669594740035306
0.0102	0.018136557453101068	9.613761412477249
0.0112	0.020612771331319793	10.558061635025929
0.0122	0.02319755455775509	11.502583083703554
0.013200000000000002	0.025887820390187465	12.447316508463151
0.0142	0.028681197857585293	13.392253829423002
0.0152	0.03157582899829077	14.337387939608446
0.0162	0.034570175986180174	15.282712546317455
0.0172	0.037662486302086386	16.228222040093335
0.0182	0.0408507792162959	17.17391136309076
0.0192	0.04413430640153636	18.119775904357283
0.0202	0.04751244723360479	19.065811494797142
0.0212	0.050984779500064976	20.012014347732222
0.022199999999999998	0.05455099103319847	20.958381014120796
0.0232	0.058210876665589786	21.904908341835704
0.0242	0.06196433689202492	22.85159344184427
0.0252	0.06581135373999301	23.798433659922406
0.0262	0.06975175083387544	24.74542655196496
0.0272	0.07378511788283859	25.69256985393507
0.0282	0.07791153153228642	26.639861453153706
0.0292	0.08213110547862816	27.58729938957939
0.030199999999999998	0.08644397483603514	28.534881841383555
0.0312	0.09085025398052947	29.482607111937366
0.0322	0.09535015416730598	30.43047361707296
0.0332	0.09994391133314579	31.378479877621405
0.0342	0.10463174321188391	32.326624510671834
0.0352	0.10941389299527826	33.27490622058741
0.0362	0.11429068588487551	34.22332379227071
0.0372	0.11926236837513197	35.171876086779484
0.0382	0.12432920921114612	36.120562033056125
0.0392	0.12949159327051393	37.069380623157215
0.0402	0.1347498332405162	38.01833091041049
0.0412	0.14010425131552198	38.967412003041
0.0422	0.14555532236660923	39.91662306037621
0.0432	0.15110337816150948	40.86596329286911
0.044199999999999996	0.15674881109188515	41.81543195521445
0.0452	0.1624921426989517	42.765028344703985
0.0462	0.16833380484035335	43.71475180127941
0.0472	0.1742742653554209	44.66460170281462
0.0482	0.1803141304991609	45.61457746344316
0.0492	0.186453759068438	46.564678534227966
0.0502	0.19269397110155026	47.514904395795625
0.0512	0.1990351634523754	48.465254565850984
0.0522	0.20547820969662964	49.41572858865523
0.0532	0.21202374567387502	50.36632604268352
0.0542	0.21867222861126817	51.31704653423682
0.0552	0.22542447028215226	52.26788969254552
0.0562	0.2322807665113542	53.21885517503732
0.0572	0.23924244363977892	54.169942656522636
0.0582	0.24631034210962371	55.1211518464131
0.0592	0.2534856896424163	56.072482478517294
0.0602	0.26076878072318294	57.02393431641857
0.0612	0.26815921670140025	57.975507136501825
0.0622	0.27565829120070795	58.9272007158855
0.0632	0.2832690705361967	59.8790148595408
0.06420000000000001	0.2909922093518773	60.83094942722686
0.06520000000000001	0.29882572246781175	61.783004293380685
0.06620000000000001	0.3067694359067097	62.735179305907735
0.06720000000000001	0.3148312615100302	63.68747431408947
0.06820000000000001	0.32300371995294835	64.63988929030828
0.06920000000000001	0.33129425642834726	65.59242409735202
0.07020000000000001	0.33970181164827085	66.54507870990814
0.07120000000000001	0.34822588163354085	67.4978530883756
0.07220000000000001	0.3568714147117433	68.45074718678315
0.0732	0.3656302824679234	69.40376102971179
0.0742	0.3745177833563728	70.3568945290997
0.0752	0.38353546654154186	71.31014780563176
0.0762	0.39266255337522865	72.26352099863846
0.0772	0.4019258914398825	73.21701396927092
0.0782	0.4113301805522939	74.17062693076444
0.0792	0.42087524692837003	75.12436015119687
0.08020000000000001	0.42977803973301454	76.07821388955281
0.08120000000000001	0.4356688246713418	77.03217873154425
0.08220000000000001	0.4421687099092925	77.98621611978939
0.08320000000000001	0.4513323130553969	78.94033252055006
0.08420000000000001	0.46256426686158014	79.89455900510839
0.08520000000000001	0.47399546520040187	80.84891888432044
0.08620000000000001	0.48562665706744207	81.80341293108967
0.08720000000000001	0.497548784788898	82.75804190907476
0.0882	0.5100073240304168	83.71280759793403
0.0892	0.5225441945783033	84.6677145414665
0.0902	0.535119255502501	85.62276203369402
0.0912	0.5475687641065343	86.57794894578605
0.0922	0.560219851532947	87.53327236441159
0.0932	0.5730740988580855	88.48873299533437
0.0942	0.5861312070137358	89.44433154616823
0.0952	0.5993900921203361	90.40006870637619
0.09620000000000001	0.6128556959188728	91.35594513942863
0.09720000000000001	0.6264295579062473	92.31196154632975
0.09820000000000001	0.6397483345421896	93.26811760955012
0.09920000000000001	0.653101015900887	94.22440930481814
0.10020000000000001	0.6668766273307647	95.18083560033838
0.10120000000000001	0.6813718248131955	96.13739936751193
0.10220000000000001	0.6964341292276469	97.09410635999802
0.10320000000000001	0.7117340319580033	98.05096073178589
0.10420000000000001	0.7272736140134933	99.0079633570858
0.1052	0.7430549356286203	99.96511511330021
0.1062	0.7590800434221506	100.92241688073533
0.1072	0.7753509703158155	101.8798695423907
0.1082	0.791869735458749	102.8374739837561
0.1092	0.8086383441573685	103.79523109261525
0.1102	0.8256587878104238	104.75314175885596
0.11120000000000001	0.8429330438489367	105.71120687428665
0.11220000000000001	0.8604630756807904	106.66942733245894
0.11320000000000001	0.8782508326397338	107.627804028496
0.11420000000000001	0.8962982499385616	108.58633785892663
0.11520000000000001	0.9146072486262605	109.5450297215246
0.11620000000000001	0.9331797355489121	110.50388051515336
0.11720000000000001	0.952017603314172	111.46289113961558
0.11820000000000001	0.9711227302591158	112.42206249550769
0.11920000000000001	0.9904969804212989	113.38139548407894
0.1202	1.0101422035128729	114.34089100709505
0.1212	1.0300602348974968	115.3005499667061
0.1222	1.0502528955701098	116.26037326531863
0.1232	1.0707219921391586	117.22036180547177
0.1242	1.0914693168113443	118.1805164897172
0.1252	1.1124966473787337	119.14083822050296
0.1262	1.13380574720791	120.10132790006065
0.1272	1.155398365231352	121.06198643029646
0.1282	1.1772762359407352	122.0228147126852
0.1292	1.1994410793820804	122.98381364816782
0.1302	1.2218946011526894	123.94498413705203
0.1312	1.2446384923997402	124.90632707891582
0.1322	1.2676744120227614	125.86784337251406
0.1332	1.2910039163776832	126.82953391555407
0.1342	1.3146285581416501	127.79139960394926
0.13520000000000001	1.3385501651317304	128.75344133182762
0.13620000000000002	1.3627704302922397	129.7156599936109
0.13720000000000002	1.3872909386163403	130.67805648301797
0.13820000000000002	1.4121132803721874	131.64063169229195
0.13920000000000002	1.4372390313477164	132.60338651227076
0.14020000000000002	1.4626697528595607	133.56632183231335
0.14120000000000002	1.4884069917628782	134.52943854022803
0.14220000000000002	1.5144522804622291	135.4927375222031
0.14320000000000002	1.54080713692332	136.4562196627394
0.14420000000000002	1.5674730646856356	137.41988584458466
0.1452	1.5944515528758472	138.38373694867025
0.1462	1.6217440762220365	139.34777385404917
0.1472	1.6493520950688398	140.31199743783614
0.1482	1.6772770553929175	141.2764085751496
0.1492	1.7055203888194448	142.24100813905477
0.1502	1.7340835126391183	143.20579700050922
0.1512	1.7629678298258058	144.17077602830918
0.1522	1.7921745729225893	145.13594608903784
0.1532	1.8217041190754466	146.10130804599459
0.1542	1.8515566820718061	147.0668627536777
0.1552	1.881735456979202	148.0326110568646
0.1562	1.9122433599495285	148.99855381002936
0.1572	1.9430805480806057	149.9646918754001
0.1582	1.9742484778233564	150.93102610522334
0.1592	2.005748439825383	151.8975573501791
0.1602	2.037581711499185	152.86428645836756
0.1612	2.0701843782983538	153.83121427527476
0.1622	2.1052688881465658	154.798344327821
0.1632	2.1427242395440977	155.7656906713208
0.1642	2.1825520325507615	156.73326650782607
0.1652	2.224753957388665	157.70108488832554
0.16620000000000001	2.269331793117594	158.66915871603388
0.16720000000000002	2.316287406346348	159.63750074959378
0.16820000000000002	2.3656227499788822	160.6061236061936
0.16920000000000002	2.417339861994181	161.5750397646034
0.17020000000000002	2.4714408642588004	162.54426156813216
0.17120000000000002	2.527927961371078	163.51380122750837
0.17220000000000002	2.5868034395360247	164.48367082368645
0.17320000000000002	2.64806966546998	165.45388231058192
0.17420000000000002	2.711729085334092	166.42444751773635
0.17520000000000002	2.7777842236957944	167.39537815291575
0.1762	2.8462376825174034	168.3666858046431
0.1772	2.91709214017105	169.33838194466816
0.1782	2.9903503504791313	170.31047793037527
0.1792	3.066015141779588	171.28298500713262
0.1802	3.1440894160152113	172.2559143105831
0.1812	3.2245761478463346	173.2292768688797
0.1822	3.3074783837861883	174.20308360486635
0.1832	3.3927992413583006	175.17734533820638
0.1842	3.4805419082752884	176.15207278745982
0.1852	3.5707096416384436	177.12727657211107
0.1862	3.6633057671575098	178.10296721454856
0.1872	3.7583336783900987	179.07915514199757
0.1882	3.8557968360001866	180.05585068840787
0.1892	3.955698767035157	181.03306409629707
0.1902	4.0580430642208825	182.01080551855128
0.1912	4.162833385274351	182.98908502018435
0.1922	4.2700734522333414	183.96791258005638
0.1932	4.3797670508027	184.94729809255327
0.1942	4.49191802971677	185.92725136922797
0.1952	4.6065303001175195	186.90778214040475
0.1962	4.723607834947971	187.8889000567472
0.19720000000000001	4.843154668360495	188.87061469079129
0.19820000000000002	4.965174895139634	189.85293553844457
0.19920000000000002	5.089672670138979	190.8358720204517
0.20020000000000002	5.2166522077318325	191.8194334838281
0.20120000000000002	5.346117781275234	192.80362920326232
0.20220000000000002	5.4780737225869975	193.7884683824872
0.20320000000000002	5.612524421435494	194.77396015562223
0.20420000000000002	5.74947432504176	195.7601135884862
0.20520000000000002	5.888927937593705	196.74693767988228
0.20620000000000002	6.030889819772021	197.7344413628551
0.20720000000000002	6.1753645882876045	198.72263350592178
0.20820000000000002	6.322356915430114	199.71152291427646
0.2092	6.471871528627396	200.70111833096965
0.2102	6.623913210015599	201.69142843806324
0.2112	6.77848679601957	202.68246185776096
0.2122	6.9355971769434	203.67422715351577
0.2132	7.0952492965708105	204.66673283111447
0.2142	7.257448151775158	205.65998733973987
0.2152	7.422198792138835	206.65399907301153
0.2162	7.589506319581824	207.6487763700053
0.2172	7.7593758879991706	208.64432751625213
0.2182	7.931812702907213	209.64066074471705
0.2192	8.106822021098342	210.6377842367585
0.2202	8.284409150304038	211.63570612306853
0.2212	8.464579448866077	212.63443448459438
0.2222	8.647338325415667	213.63397735344208
0.2232	8.832691238560303	214.634342713762
0.2242	9.020643696578247	215.63553850261758
0.2252	9.211201257120383	216.63757261083674
0.2262	9.404369526919295	217.6404528838472
0.2272	9.600154161505467	218.64418712249557
0.22820000000000001	9.798560864930293	219.64878308385067
0.22920000000000001	9.99959538949596	220.6542484819919
0.23020000000000002	10.203263535491851	221.66059098878236
0.23120000000000002	10.409571150937428	222.66781823462733
0.23220000000000002	10.618524131331455	223.67593780921902
0.23320000000000002	10.830128419407346	224.6849572622667
0.23420000000000002	11.044390004894629	225.69488410421386
0.23520000000000002	11.261314924286228	226.70572580694176
0.23620000000000002	11.48090926061161	227.71748980446017
0.23720000000000002	11.70317914321554	228.7301834935854
0.23820000000000002	11.928130747542388	229.7438142346059
0.23920000000000002	12.155770294925874	230.75838935193602
0.2402	12.386104052384068	231.7739161347576
0.2412	12.619138332419642	232.79040183765034
0.2422	12.854879492825159	233.80785368121067
0.2432	13.093333936493378	234.8262788526598
0.2442	13.334508111232394	235.84568450644073
0.2452	13.578408509585584	236.86607776480494
0.2462	13.825041668656239	237.88746571838874
0.2472	14.074414169936713	238.9098554267794
0.2482	14.326532639142156	239.93325391907166
0.2492	14.530269382337604	240.95766819441434
0.2502	14.531393935757837	241.98290068509297
0.2512	14.531393945905254	243.00813767398523
0.2522	14.531393964547942	244.03337466291788
0.2532	14.531393991685897	245.0586116519244
0.2542	14.531394027319122	246.0838486410381
0.2552	14.531394071447618	247.10908563029196
0.2562	14.531394124071383	248.13432261971872
0.2572	14.531394185190416	249.15955960935085
0.2582	14.531394254804722	250.1847965992206
0.2592	14.531394332914294	251.21003358935994
0.2602	14.531394419519136	252.2352705798006
0.2612	14.53139451461925	253.26050757057413
0.2622	14.53139461821463	254.28574456171168
0.2632	14.531394730305282	255.31098155324435
0.2642	14.531394850891203	256.3362185452028
0.2652	14.531394979972394	257.36145553761776
0.2662	14.531395117548852	258.3866925305194
0.2672	14.531395263620583	259.4119295239378
0.2682	14.531395418187582	260.4371665179028
0.2692	14.53139558124985	261.4624035124442
0.2702	14.53139575280739	262.48764050759127
0.2712	14.531395932860198	263.51287750337326
0.2722	14.531396121408275	264.53811449981913
0.2732	14.531396318451623	265.5633514969577
0.2742	14.53139652399024	266.58858849481743
0.2752	14.531396738024126	267.6138254934268
0.2762	14.531396960553284	268.6390624928139
0.2772	14.53139719157771	269.66429949300664
0.2782	14.531397431097405	270.6895364940328
0.2792	14.531397679112372	271.71477349591987
0.2802	14.531397935622607	272.74001049869526
0.2812	14.531398200628113	273.7652475023861
0.2822	14.531398474128888	274.7904845070193
0.2832	14.531398756124933	275.8157215126217
0.2842	14.531399046616247	276.8409585192198
0.2852	14.531399345602834	277.86619552684
0.2862	14.531399653084689	278.89143253550856
0.2872	14.531399969061813	279.9166695452514
0.2882	14.531400293534208	280.9419065560945
0.28919999999999996	14.531400626501872	281.9671435680634
0.29019999999999996	14.531400967964808	282.9923805811837
0.29119999999999996	14.531401317923013	284.0176175954806
0.29219999999999996	14.531401676376488	285.0428546109792
0.29319999999999996	14.531402043325235	286.0680916277046
0.29419999999999996	14.53140241876925	287.0933286456815
0.29519999999999996	14.531402802708538	288.1185656649345
0.29619999999999996	14.531403195143094	289.1438026854882
0.29719999999999996	14.53140359607292	290.16903970736666
0.29819999999999997	14.531404005498018	291.1942767305942
0.29919999999999997	14.531404423418385	292.2195137551947
0.30019999999999997	14.531404849834024	293.244750781192
0.30119999999999997	14.531405284744931	294.2699878086097
0.30219999999999997	14.531405728151109	295.2952248374713
0.30319999999999997	14.531406180052558	296.3204618678002
0.30419999999999997	14.531406640449276	297.3456988996195
0.30519999999999997	14.531407109341266	298.3709359329522
0.30619999999999997	14.531407586728525	299.3961729678213
0.3072	14.531408072611057	300.4214100042495
0.3082	14.531408566988858	301.44664704225926
0.3092	14.53140906986193	302.47188408187316
0.3102	14.531409581230273	303.49712112311335
0.3112	14.531410101093885	304.52235816600205
0.3122	14.53141062945277	305.54759521056127
0.3132	14.531411166306924	306.57283225681283
0.3142	14.53141171165635	307.5980693047785
0.3152	14.531412265501046	308.62330635447984
0.3162	14.531412827841015	309.6485434059383
0.3172	14.531413398676253	310.67378045917513
0.3182	14.531413978006764	311.6990175142116
0.3192	14.531414565832543	312.7242545710687
0.3202	14.531415162153596	313.7494916297673
0.3212	14.531415766969918	314.7747286903283
0.3222	14.531416380281513	315.7999657527722
0.3232	14.531417002088377	316.82520281711965
0.3242	14.531417632390514	317.85043988339095
0.3252	14.531418271187922	318.87567695160647
0.3262	14.531418918480602	319.9009140217863
0.3272	14.531419574268552	320.92615109395047
0.3282	14.531420238551776	321.9513881681188
0.3292	14.531420911330269	322.9766252443112
0.3302	14.531421592604035	324.0018623225473
0.3312	14.531422282373073	325.0270994028466
0.3322	14.531422980637382	326.0523364852285
0.3332	14.531423687396963	327.07757356971234
0.3342	14.531424402651814	328.1028106563173
0.3352	14.531425126401938	329.12804774506236
0.3362	14.531425858647333	330.15328483596664
0.3372	14.531426599388002	331.17852192904894
0.3382	14.531427348623943	332.20375902432795
0.3392	14.531428106355154	333.2289961218223
0.3402	14.531428872581639	334.2542332215505
0.3412	14.531429647303394	335.27947032353103
0.3422	14.531430430520423	336.3047074277821
0.3432	14.531431222232724	337.32994453432195
0.3442	14.531432022440296	338.35518164316863
0.3452	14.53143283114314	339.38041875434016
0.3462	14.531433648341258	340.40565586785436
0.3472	14.531434474034647	341.43089298372905
0.3482	14.53143530822331	342.4561301019819
0.3492	14.531436150907243	343.4813672226304
0.3502	14.53143700208645	344.50660434569215
0.3512	14.531437861760931	345.5318414711844
0.35219999999999996	14.531438729930683	346.55707859912445
0.35319999999999996	14.531439606595708	347.5823157295295
0.35419999999999996	14.531440491756006	348.60755286241664
0.35519999999999996	14.531441385411577	349.6327899978028
0.35619999999999996	14.53144228756242	350.65802713570486
0.35719999999999996	14.531443198208537	351.6832642761396
0.35819999999999996	14.531444117349928	352.7085014191237
0.35919999999999996	14.531445044986588	353.73373856467384
0.36019999999999996	14.531445981118525	354.7589757128065
0.36119999999999997	14.531446925745735	355.784212863538
0.36219999999999997	14.531447878868217	356.8094500168848
0.36319999999999997	14.531448840485972	357.8346871728631
0.36419999999999997	14.531449810599002	358.85992433148897
0.36519999999999997	14.531450789207305	359.88516149277854
0.36619999999999997	14.531451776310881	360.91039865674776
0.36719999999999997	14.531452771909729	361.9356358234125
0.36819999999999997	14.531453776003852	362.9608729927885
0.3692	14.53145478859325	363.98611016489156
0.3702	14.55680989953378	365.0113473397373
0.3712	14.739780884777998	366.0366528572061
0.3722	15.147810601047873	367.06245096700525
0.3732	15.557144225710228	368.0893453412519
0.3742	15.96778383396975	369.1173365363327
0.3752	16.37973150347135	370.1464251112063
0.3762	16.792989314303245	371.1766116273895
0.3772	17.207559348999943	372.20789664894284
0.3782	17.623443692545333	373.2402807424573
0.3792	18.04064443237576	374.2737644770404
0.3802	18.459163658383073	375.30834842430295
0.3812	18.879003462917748	376.3440331583457
0.3822	19.30016594079187	377.3808192557462
0.3832	19.722653189282354	378.41870729554574
0.3842	20.146467308133893	379.4576978592366
0.3852	20.571610399562115	380.49779153074917
0.3862	20.998084568256676	381.5389888964396
0.3872	21.425891921384334	382.5812905450772
0.3882	21.85503456859202	383.6246970678321
0.3892	22.28551462201003	384.6692090582632
0.3902	22.71733419625508	385.71482711230635
0.3912	23.150495408433354	386.7615518282618
0.3922	23.585000378143743	387.8093838067832
0.3932	24.020851227480847	388.8583236508654
0.3942	24.458050081038152	389.90837196583306
0.3952	24.89659906591115	390.95952935932945
0.3962	25.336500311700487	392.01179644130514
0.3972	25.777755950514997	393.0651738240065
0.3982	26.220368116974992	394.1196621219652
0.3992	26.664338948215224	395.17526195198684
0.4002	27.109670583888157	396.23197393314047
0.4012	27.556365166167083	397.2897986867479
0.4022	28.0044248397492	398.3487368363728
0.4032	28.453851751858853	399.40878900781064
0.4042	28.90464805225059	400.4699558290782
0.4052	29.35681589321244	401.5322379304033
0.4062	29.81035742956897	402.59563594421485
0.4072	30.2652748186845	403.6601505051326
0.4082	30.7215702204662	404.7257822499574
0.4092	31.17924579736738	405.7925318176613
0.4102	31.638303714390567	406.8603998493781
0.4112	32.09874613909065	407.9293869883933
0.4122	32.5605752415782	408.99949388013505
0.4132	33.02379319452252	410.0707211721646
0.4142	33.48840217315484	411.1430695141668
0.4152	33.95440435527159	412.2165395579413
0.4162	34.42180192123748	413.2911319573931
0.41719999999999996	34.890597053988806	414.3668473685237
0.41819999999999996	35.36079193903657	415.4436864494223
0.41919999999999996	35.832388764469684	416.52164986025673
0.42019999999999996	36.30538972095817	417.6007382632648
0.42119999999999996	36.77979700175643	418.6809523227459
0.42219999999999996	37.25561280270632	419.762292705052
0.42319999999999997	37.732839322240565	420.8447600785797
0.42419999999999997	38.21147876138572	421.9283551137615
0.42519999999999997	38.69153332376562	423.01307848305754
0.42619999999999997	39.17300521560446	424.09893086094775
0.42719999999999997	39.655896645730024	425.1859129239232
0.42819999999999997	40.140209825576996	426.2740253504785
0.42919999999999997	40.625946969190124	427.3632688211037
0.43019999999999997	41.113110293227415	428.4536440182763
0.43119999999999997	41.601702016963436	429.5451516264537
0.4322	42.091724362292574	430.6377923320654
0.4332	42.583179553732194	431.73156682350526
0.4342	43.076069818425864	432.8264757911241
0.4352	43.570397386146766	433.92251992722214
0.4362	44.06616448930075	435.0196999260417
0.4372	44.56337336292969	436.11801648375973
0.4382	45.062026244714716	437.21747029848075
0.4392	45.562125374979466	438.3180620702294
0.4402	46.063672996693356	439.41979250094374
0.4412	46.566671355474824	440.5226622944678
0.4422	47.07112269959463	441.626672156545
0.4432	47.57702927997904	442.73182279481085
0.4442	48.08439335021324	443.8381149187867
0.4452	48.59321716654444	444.94554923987226
0.4462	49.103502987885285	446.0541264713396
0.4472	49.615253075817094	447.1638473283262
0.4482	50.12846969459309	448.2747125278284
0.4492	50.643155111141745	449.38672278869495
0.4502	51.15931159507007	450.4998788316208
0.4512	51.67694141866681	451.61418137914023
0.4522	52.196046856905916	452.72963115562135
0.4532	52.716630187449645	453.84622888725903
0.4542	53.238693690651985	454.96397530206934
0.4552	53.76223964956189	456.08287112988313
0.4562	54.28727034992667	457.2029171023402
0.4572	54.81378808019519	458.32411395288324
0.4582	55.34179513152118	459.4464624167516
0.4592	55.87129379776675	460.5699632309762
0.4602	56.40228637550535	461.6946171343728
0.4612	56.93477516402546	462.82042486753693
0.4622	57.46876246533363	463.9473871728379
0.4632	58.00425058415793	465.0755047944133
0.4642	58.541241827951296	466.20477847816323
0.4652	59.07973850689477	467.33520897174503
0.4662	59.61974293390092	468.46679702456765
0.4672	60.16125742461708	469.5995433877862
0.4682	60.70428429742874	470.7334488142967
0.4692	61.24882587346298	471.8685140587309
0.4702	61.794884476591605	473.00473987745073
0.4712	62.342462433434626	474.14212702854314
0.4722	62.891562073363644	475.28067627181525
0.4732	63.442185728505045	476.42038836878885
0.4742	63.99433573374351	477.5612640826957
0.4752	64.54801442672527	478.70330417847225
0.4762	65.1032241478616	479.846509422755
0.4772	65.65996724033188	480.9908805838751
0.4782	66.21824605008736	482.13641843185405
0.4792	66.77806292585424	483.2831237383987
0.48019999999999996	67.3394202191371	484.43099727689605
0.48119999999999996	67.90232028422238	485.58003982240945
0.48219999999999996	68.46676547818164	486.7302521516731
0.48319999999999996	69.0327581608749	487.88163504308767
0.48419999999999996	69.60030069495417	489.0341892767159
0.48519999999999996	70.16939544586678	490.1879156342781
0.48619999999999997	70.74004478185864	491.3428148991473
0.48719999999999997	71.31225107397778	492.4988878563451
0.48819999999999997	71.88601669607773	493.6561352925373
0.48919999999999997	72.46134402482085	494.81455799602924
0.49019999999999997	73.03823543968173	495.9741567567619
0.49119999999999997	73.61669332295062	497.1349323663073
0.49219999999999997	74.19672005973683	498.29688561786435
0.49319999999999997	74.77831803797214	499.4600173062549
0.4942	75.36148964841419	500.62432822791914
0.4952	75.94623728464985	501.7898191809118
0.4962	76.5325633430988	502.9564909648983
0.4972	77.12047022301668	504.12434438115
0.4982	77.7099603264988	505.29338023254104
0.4992	78.30103605848332	506.4635993235438
0.5002	78.89369982675484	507.6350024602253
0.5012	79.48795404194769	508.8075904502431
0.5022	80.0838011175495	509.9813641028417
0.5032	80.68124346990447	511.15632422884863
0.5042	81.28028351821706	512.3324716406707
0.5052	81.88092368455511	513.5098071522903
0.5062	82.4831663938536	514.6883315792614
0.5072	83.08701407391779	515.8680457387067
0.5082	83.69246915542683	517.0489504493129
0.5092	84.29953407193729	518.2310465313282
0.5102	84.90821125988644	519.4143348065579
0.5112	85.51850315859579	520.5988160983616
0.5122	86.13041221027459	521.7844912316491
0.5132	86.74394086002316	522.9713610328773
0.5142	87.35909155583649	524.1594263300468
0.5152	87.97586674860767	525.3486879526985
0.5162	88.59426889213131	526.5391467319099
0.5172	89.21430044310705	527.7308035002925
0.5182	89.835963861143	528.9236590919877
0.5192	90.45926160875928	530.1177143426642
0.5202	91.0841961513915	531.3129700895145
0.5212	91.7107699573942	532.5094271712519
0.5222	92.3389854980443	533.707086428107
0.5232	92.96884524754469	534.9059487018251
0.5242	93.6003516830277	536.1060148356624
0.5252	94.23350728455844	537.3072856743836
0.5262	94.86831453513861	538.5097620642584
0.5272	95.50477592070975	539.7134448530592
0.5282	96.14289393015673	540.9183348900569
0.5292	96.78267105531138	542.1244330260192
0.5302	97.42410979095612	543.3317401132073
0.5312	98.06721263482706	544.5402570053724
0.5322	98.71198208761794	545.7499845577536
0.5332	99.35842065298347	546.960923627075
0.5342	100.00653083754277	548.1730750715424
0.5352	100.65631515088307	549.386439750841
0.5362	101.30777610556312	550.6010185261324
0.5372	101.9609162171168	551.8168122600522
0.5382	102.61573800405648	553.0338218167066
0.5392	103.2722439878769	554.2520480616707
0.5402	103.93043669305823	555.4714918619851
0.5412	104.5903186470701	556.6921540861538
0.5422	105.25189238037481	557.9140356041411
0.5432	105.91516042643102	559.1371372873693
0.5442	106.58012532169728	560.3614600087167
0.5452	107.24678960563547	561.5870046425136
0.5462	107.91515582071472	562.8137720645419
0.5472	108.58522651241434	564.0417631520306
0.5482	109.25700422922813	565.2709787836549
0.5492	109.93049152266731	566.5014198395327
0.5502	110.60569094726448	567.7330872012229
0.5512	111.28260506057694	568.9659817517229
0.5522	111.96123642319063	570.200104375466
0.5532	112.64158759872325	571.4354559583195
0.5542	113.32366115382803	572.6720373875818
0.5552	114.00745965819755	573.9098495519808
0.5562	114.69298568456692	575.148893341671
0.5572	115.3802418087177	576.3891696482322
0.5582	116.06923060948128	577.630679364666
0.5592	116.75995466874265	578.8734233853949
0.5602	117.45241657144379	580.1174026062591
0.5612	118.14661890558743	581.3626179245153
0.5622	118.84256426224074	582.609070238834
0.5632	119.54025523553865	583.8567604492971
0.5642	120.23969442268762	585.1056894573966
0.5652	120.94088442396948	586.3558581660324
0.5662	121.64382784274457	587.6072674795096
0.5672	122.34852728545582	588.8599183035374
0.5682	123.05498536163202	590.1138115452262
0.5692	123.76320468389169	591.3689481130865
0.5702	124.47318786794659	592.6253289170264
0.5712	125.18493753260546	593.8829548683499
0.5722	125.89845629977744	595.1418268797546
0.5732	126.6137467944759	596.4019458653304
0.5742	127.33081164482218	597.6633127405574
0.5752	128.04965348204888	598.925928422304
0.5762	128.7702749405039	600.1897938288248
0.5771999999999999	129.49267865765358	601.4549098797589
0.5781999999999999	130.2168672740873	602.7212774961292
0.5791999999999999	130.94284343351987	603.9888976003388
0.5801999999999999	131.67060978279628	605.2577711161704
0.5811999999999999	132.4001689718946	606.5278989687841
0.5821999999999999	133.13152365393034	607.7992820847164
0.5831999999999999	133.8646764851594	609.0719213918774
0.5841999999999999	134.59963012498244	610.34581781955
0.5851999999999999	135.33638723594797	611.6209722983879
0.5861999999999999	136.07495048375637	612.8973857604138
0.5871999999999999	136.81532253726346	614.1750591390182
0.5882	137.5575060684843	615.4539933689574
0.5892	138.30150375259663	616.734189386352
0.5902	139.04731826794483	618.0156481286854
0.5912	139.79495229604356	619.2983705348022
0.5922	140.5444085215813	620.5823575449065
0.5932	141.29568963242426	621.8676101005609
0.5942	142.0487983196199	623.1541291446842
0.5952	142.80373727740078	624.4419156215507
0.5962	143.56050920318816	625.7309704767879
0.5972	144.31911679759594	627.0212946573758
0.5982	145.07956276443414	628.3128891116453
0.5992	145.84184981071252	629.6057547892759
0.6002	146.6059806466447	630.8998926412957
0.6012	147.3719579856516	632.1953036200787
0.6022	148.1397845443653	633.4919886793446
0.6032	148.90946304263264	634.7899487741563
0.6042	149.68099620351916	636.0891848609195
0.6052	150.45438675331243	637.3896978973805
0.6062	151.22963742152655	638.6914888426257
0.6072	152.00675094090502	639.9945586570798
0.6082	152.78573004742518	641.2989083025044
0.6092	153.56657748030148	642.6045387419971
0.6102	154.34929598198963	643.9114509399901
0.6112	155.13388829819016	645.219645862249
0.6122	155.92035717785214	646.5291244758713
0.6132	156.70870537317694	647.8398877492853
0.6142	157.4989356396223	649.1519366522491
0.6152	158.29105073590577	650.4652721558494
0.6162	159.0850534240086	651.7798952325
0.6172	159.88094646917946	653.0958068559409
0.6182	160.6787326399384	654.4130080012368
0.6192	161.47841470808055	655.7314996447766
0.6202	162.27999544867978	657.0512827642718
0.6212	163.08347764009264	658.3723583387554
0.6222	163.88886406396222	659.6947273485808
0.6232	164.69615750522175	661.0183907754212
0.6242	165.5053607520985	662.3433496022675
0.6252	166.31647659611784	663.6696048134287
0.6262	167.1295078321064	664.9971573945292
0.6272	167.9444572581967	666.3260083325091
0.6282	168.76132767583042	667.6561586156228
0.6292	169.58012188976224	668.9876092334373
0.6302	170.40084270806398	670.3203611768323
0.6312	171.22349294212813	671.6544154379984
0.6322	172.04807540667196	672.9897730104367
0.6332	172.87459291974108	674.3264348889572
0.6342	173.7030483027133	675.6644020696784
0.6352	174.5334443803029	677.0036755500264
0.6362	175.36578398056372	678.3442563287332
0.6372	176.20006993489386	679.686145405837
0.6382	177.0363050780387	681.0293437826801
0.6392	177.8744922480956	682.373852461909
0.6402	178.71463428651694	683.7196724474727
0.6412	179.55673403811468	685.0668047446226
0.6422	180.40079435106364	686.4152503599108
0.6432	181.24681807690592	687.7650103011903
0.6442	182.09480807055436	689.1160855776131
0.6452	182.9447671902966	690.4684771996302
0.6462	183.7966982977989	691.8221861789904
0.6472	184.65060425811015	693.1772135287393
0.6482	185.50648793966545	694.5335602632191
0.6492	186.36435221429045	695.8912273980674
0.6502	187.22419995720497	697.2502159502167
0.6512	188.08603404702677	698.6105269378932
0.6522	188.94985736577578	699.9721613806165
0.6532	189.81567279887784	701.3351202991989
0.6542	190.68348323516858	702.6994047157443
0.6552	191.55329156689737	704.0650156536477
0.6562	192.4251006897312	705.4319541375944
0.6572	193.29891350275875	706.8002211935595
0.6582	194.17473290849415	708.1698178488073
0.6592	195.05256181288092	709.54074513189
0.6602	195.932403125296	710.9130040726479
0.6612	196.8142597585536	712.2865957022082
0.6622	197.69813462890923	713.6615210529842
0.6632	198.58403065606342	715.0377811586752
0.6642	199.47195076316603	716.4153770542658
0.6652	200.36189787681997	717.7943097760251
0.6662	201.2538749270849	719.1745803615056
0.6672	202.14788484748195	720.5561898495439
0.6682	203.04393057499666	721.9391392802587
0.6692	203.942015050084	723.3234296950512
0.6702	204.84214121667142	724.7090621366043
0.6712	205.74431202216334	726.0960376488815
0.6722	206.64853041744516	727.4843572771273
0.6732	207.5547993568869	728.8740220678659
0.6742	208.46312179834737	730.2650330689011
0.6752	209.3735007031783	731.6573913293154
0.6762	210.28593903622806	733.0510978994699
0.6772	211.20043976584577	734.4461538310037
0.6782	212.11700586388542	735.8425601768331
0.6792	213.03564030570956	737.2403179911514
0.6802	213.95634607019377	738.6394283294286
0.6812	214.87912613973015	740.0398922484103
0.6822	215.80398350023162	741.4417108061178
0.6832	216.73092114113604	742.8448850618477
0.6842	217.65994205541	744.2494160761711
0.6852	218.59104923955283	745.6553049109332
0.6862	219.5242456936009	747.0625526292532
0.6872	220.45953442113134	748.4711602955236
0.6882	221.3969184292663	749.8811289754101
0.6892	222.3364007286769	751.2924597358506
0.6902	223.2779843335871	752.7051536450552
0.6912	224.22167226177814	754.1192117725062
0.6922	225.1674675345923	755.5346351889572
0.6932	226.11537317693694	756.9514249664326
0.6942	227.06539221728866	758.3695821782276
0.6952	228.01752768769748	759.7891078989081
0.6962	228.97178262379055	761.2100032043097
0.6972	229.9281600647766	762.6322691715378
0.6982	230.88666305344967	764.0559068789671
0.6992	231.84729463619357	765.4809174062415
0.7002	232.81005786298553	766.9073018342732
0.7012	233.77495578740078	768.3350612452435
0.7022	234.741991466616	769.7641967226012
0.7032	235.71116796141405	771.1947093510632
0.7041999999999999	236.68248833618765	772.6266002166141
0.7051999999999999	237.6559556589438	774.0598704065056
0.7061999999999999	238.6315730013075	775.4945210092565
0.7071999999999999	239.6093434385261	776.9305531146523
0.7081999999999999	240.5892700494734	778.367967813745
0.7091999999999999	241.57135591665377	779.8067661988531
0.7101999999999999	242.5556041262061	781.2469493635607
0.7111999999999999	243.54201776790816	782.6885184027182
0.7121999999999999	244.5305999351806	784.131474412441
0.7132	245.52135372509107	785.5758184901105
0.7142	246.51428223835842	787.0215517343727
0.7152	247.50938857935674	788.4686752451388
0.7162	248.50667585611964	789.9171901235848
0.7172	249.50614718034433	791.3670974721512
0.7182	250.50780566739564	792.8183983945428
0.7192	251.51165443631032	794.2710939957287
0.7202	252.5176966098013	795.7251853819422
0.7212	253.52593531426152	797.18067366068
0.7222	254.5363736797685	798.6375599407031
0.7232	255.54901484008818	800.0958453320358
0.7242	256.56386193267923	801.5555309459658
0.7252	257.58091809869717	803.016617895044
0.7262	258.6001864829988	804.4791072930848
0.7272	259.621670234146	805.9430002551655
0.7282	260.6453725044099	807.4082978976262
0.7292	261.6712964497759	808.8750013380701
0.7302	262.69944522994655	810.3431116953627
0.7312	263.7298220083468	811.8126300896326
0.7322	264.7624299521279	813.2835576422708
0.7332	265.79727223217134	814.7558954759304
0.7342	266.8343520230934	816.2296447145274
0.7352	267.8736725032492	817.7048064832397
0.7362	268.9152368547371	819.1813819085079
0.7372	269.9590482634026	820.6593721180343
0.7382	271.00510991884283	822.1387782407834
0.7392	272.0534250144109	823.6196014069822
0.7402	273.1039967472195	825.1018427481191
0.7412	274.15682831814615	826.5855033969451
0.7422	275.2119229318365	828.0705844874728
0.7432	276.26928379670903	829.5570871549769
0.7442	277.3289141249594	831.045012535994
0.7452	278.39081713256445	832.5343617683227
0.7462	279.45499603928647	834.0251359910233
0.7472	280.52145406867766	835.5173363444183
0.7482	281.59019444808433	837.0109639700918
0.7492	282.661220408651	838.5060200108901
0.7502	283.73453518532506	840.0025056109215
0.7512	284.81014201686054	841.500421915556
0.7522	285.88804414582273	842.9997700714257
0.7532	286.9682448185926	844.5005512264248
0.7542	288.0507472853707	846.0027665297096
0.7552	289.13555480018164	847.5064171316983
0.7562	290.2226706208786	849.0115041840716
0.7572	291.3120980091473	850.518028839772
0.7582	292.40384023051047	852.0259922530048
0.7592	293.4979005543322	853.5353955792373
0.7602	294.59428225382226	855.0462399751991
0.7612	295.6929886060402	856.5585265988827
0.7622	296.79402289190006	858.0722566095428
0.7632	297.89738839617434	859.5874311676971
0.7642	299.0030884074985	861.1040514351257
0.7652	300.1111262183755	862.6221185748719
0.7662	301.22150512517965	864.1416337512418
0.7672	302.33422842816157	865.6625981298046
0.7682	303.44929943145183	867.1850128773924
0.7692	304.56672144306594	868.7088791621012
0.7702	305.6864977749085	870.2341981532899
0.7712	306.8086317427773	871.7609710215811
0.7722	307.93312666636825	873.2891989388612
0.7732	309.0599858692791	874.8188830782802
0.7742	310.1892126790144	876.3500246142524
0.7752	311.3208104269894	877.8826247224558
0.7762	312.4545264500307	879.4166845798331
0.7772	313.5890088260311	880.9522050351205
0.7782	314.72293415604884	882.4891851954912
0.7792	315.8562974243166	884.0276224693862
0.7802	316.9890936234985	885.5675142654615
0.7812	318.12131775469595	887.1088579925976
0.7822	319.2529648274543	888.65165105991
0.7832	320.38402985976893	890.1958908767587
0.7842	321.5145078780916	891.7415748527579
0.7852	322.64439391733634	893.2887003977864
0.7862	323.7736830208854	894.8372649219967
0.7872	324.90237024059553	896.3872658358252
0.7882	326.0304506368033	897.9387005500017
0.7892	327.1579192783314	899.4915664755591
0.7902	328.2847712424937	901.0458610238429
0.7912	329.4110016151016	902.6015816065209
0.7922	330.5366054904686	904.1587256355924
0.7932	331.6615779714167	905.7172905233983
0.7942	332.7859141692809	907.2772736826299
0.7952	333.9096092039151	908.8386725263388
0.7962	335.03265820369694	910.4014844679454
0.7972	336.1550563055331	911.9657069212495
0.7982	337.27679865486425	913.5313373004387
0.7992	338.39788040566975	915.0983730200976
0.8002	339.518296720473	916.6668114952173
0.8012	340.6380427703461	918.2366501412047
0.8022	341.75711373491424	919.8078863738912
0.8032	342.8755048023608	921.3805176095419
0.8042	343.99321116943156	922.9545412648648
0.8052	345.1102280414394	924.5299547570197
0.8062	346.22655063226875	926.1067555036271
0.8072	347.34217416437974	927.6849409227772
0.8082	348.45709386881254	929.2645084330385
0.8092	349.57130498519166	930.8454554534671
0.8102	350.6848027617301	932.4277794036157
0.8112	351.797582455233	934.011477703541
0.8122	352.9096393311022	935.5965477738142
0.8132	354.0209686633397	937.1829870355285
0.8142	355.13156573455154	938.770792910308
0.8152	356.241425835952	940.3599628203168
0.8162	357.3505442673664	941.9504941882668
0.8172	358.4589163372356	943.5423844374269
0.8182	359.56653736261904	945.1356309916309
0.8192	360.67340266919854	946.7302312752868
0.8202	361.7795075912811	948.326182713384
0.8212	362.884847471803	949.9234827315032
0.8222	363.98941766233247	951.5221287558234
0.8232	365.09321352307325	953.1221182131309
0.8242	366.1962304228673	954.7234485308275
0.8252	367.29846373919827	956.3261171369385
0.8262	368.3999088581941	957.9301214601212
0.8272	369.50056117463066	959.5354589296733
0.8282	370.6004160919334	961.1421269755401
0.8292	371.6994690221812	962.7501230283235
0.8302	372.79771538610845	964.3594445192897
0.8312	373.8951506131081	965.9700888803771
0.8322	374.9917701412338	967.5820535442048
0.8331999999999999	376.0875694172029	969.1953359440798
0.8341999999999999	377.18254389639856	970.809933514006
0.8351999999999999	378.27668904287214	972.4258436886906
0.8361999999999999	379.3700003293455	974.0430639035533
0.8371999999999999	380.4624732372136	975.6615915947334
0.8382	381.5541032565461	977.2814241990977
0.8392	382.6448858860899	978.9025591542486
0.8402	383.73481663327107	980.5249938985311
0.8412	384.82389101419676	982.1487258710412
0.8422	385.9121045536573	983.7737525116331
0.8432	386.99945278512786	985.4000712609271
0.8442	388.0859312507704	987.0276795603169
0.8452	389.17153550143536	988.6565748519773
0.8462	390.2562610966631	990.2867545788715
0.8472	391.340103604686	991.9182161847591
0.8482	392.4230586024296	993.5509571142028
0.8492	393.50512167551415	995.1849748125765
0.8502	394.5862884182562	996.8202667260721
0.8512	395.6665544336699	998.4568303017073
0.8522	396.745915333468	1000.0946629873328
0.8532	397.82436673806376	1001.7337622316392
0.8542	398.9019042765714	1003.3741254841647
0.8552	399.97852358680757	1005.0157501953021
0.8562	401.0542203152926	1006.6586338163062
0.8572	402.12899011725096	1008.3027737993004
0.8582	403.202828656613	1009.9481675972847
0.8592	404.27573160601486	1011.5948126641417
0.8602	405.3476946468002	1013.2427064546446
0.8612	406.4187134690203	1014.8918464244636
0.8622	407.48878377143524	1016.5422300301733
0.8632	408.55790126151425	1018.1938547292594
0.8642	409.62606165543644	1019.8467179801257
0.8652	410.6932606780912	1021.5008172421008
0.8662	411.7594940630791	1023.1561499754455
0.8672	412.8247575527116	1024.8127136413589
0.8682	413.8890468980122	1026.4705057019858
0.8692	414.9523578587163	1028.1295236204232
0.8702	416.01468620327114	1029.789764860727
0.8712	417.076027708837	1031.4512268879191
0.8722	418.1363781612864	1033.1139071679934
0.8732	419.19573335520454	1034.7778031679225
0.8742	420.2540890938893	1036.4429123556652
0.8752	421.31144118935157	1038.1092322001725
0.8762	422.3677854623146	1039.776760171394
0.8772	423.4231177422139	1041.445493740284
0.8782	424.477433867198	1043.1154303788098
0.8792	425.53072968412687	1044.786567559956
0.8802	426.58300104857256	1046.458902757732
0.8812	427.63424382481844	1048.1324334471783
0.8822	428.68445388585917	1049.8071571043731
0.8832	429.73362711340013	1051.4830712064384
0.8842	430.7817593978562	1053.1601732315455
0.8852	431.8288466383528	1054.8384606589236
0.8862	432.8748847427234	1056.517930968863
0.8872	433.9198696275104	1058.198581642724
0.8882	434.9637972179639	1059.8804101629416
0.8892	436.0066634480404	1061.563414013032
0.8902	437.0484642604029	1063.2475906775985
0.8912	438.0891956064195	1064.9329376423386
0.8922	439.1288534461626	1066.6194523940492
0.8932	440.16743374840826	1068.3071324206326
0.8942	441.2049324906345	1069.995975211103
0.8952	442.24134565902085	1071.6859782555923
0.8962	443.2766692484471	1073.3771390453558
0.8972	444.31089926249217	1075.069455072779
0.8982	445.34403171343274	1076.7629238313823
0.8992	446.37606262224233	1078.4575428158282
0.9002	447.40698801858946	1080.1533095219258
0.9012	448.43680394083714	1081.850221446638
0.9022	449.46550643604064	1083.5482760880861
0.9032	450.49309155994627	1085.2474709455562
0.9042	451.5195553769904	1086.947803519505
0.9052	452.54489396029743	1088.6492713115656
0.9062	453.5691033916783	1090.3518718245527
0.9072	454.59217976162904	1092.055602562469
0.9082	455.61411916932883	1093.7604610305098
0.9092	456.6349177226384	1095.4664447350694
0.9102	457.65457153809837	1097.173551183747
0.9112	458.67307674092734	1098.881777885351
0.9122	459.6904294650201	1100.5911223499063
0.9132	460.70662585294576	1102.3015820886583
0.9142	461.72166205594556	1104.0131546140788
0.9152	462.73553423393105	1105.7258374398716
0.9162	463.7482385554824	1107.4396280809788
0.9172	464.7597711978457	1109.1545240535845
0.9182	465.770128346931	1110.870522875121
0.9192	466.7793061973106	1112.5876220642742
0.9202	467.78730095221647	1114.3058191409898
0.9212	468.79410882353795	1116.0251116264765
0.9222	469.7997260318196	1117.7454970432134
0.9232	470.80414880625875	1119.4669729149539
0.9242	471.80737338470334	1121.1895367667316
0.9252	472.80939601364906	1122.913186124865
0.9262	473.8102129482376	1124.6379185169635
0.9272	474.8098204522533	1126.3637314719313
0.9282	475.8082147981214	1128.0906225199742
0.9292	476.8053922669046	1129.818589192603
0.9302	477.80134914830126	1131.5476290226395
0.9312	478.7960817406425	1133.277739544222
0.9322	479.7895863508888	1135.0089182928086
0.9332	480.7818592946282	1136.7411628051843
0.9342	481.77289689607295	1138.4744706194647
0.9352	482.7626954880572	1140.2088392751016
0.9362	483.75125141203296	1141.9442663128866
0.9372	484.73856101806876	1143.6807492749583
0.9382	485.7246206648455	1145.4182857048052
0.9392	486.709426719654	1147.1568731472714
0.9402	487.69297555839165	1148.8965091485613
0.9412	488.67526356555976	1150.6371912562445
0.9422	489.6562871342599	1152.3789170192601
0.9432	490.6360426661915	1154.121683987923
0.9442	491.6145265716476	1155.865489713926
0.9452	492.5917352695129	1157.6103317503475
0.9462	493.5676651872593	1159.3562076516534
0.9472	494.5423127609434	1161.1031149737041
0.9482	495.5156744352028	1162.8510512737578
0.9492	496.4877466632526	1164.600014110475
0.9502	497.4585259068827	1166.350001043925
0.9512	498.42800863645317	1168.1010096355872
0.9522	499.396191330892	1169.853037448359
0.9532	500.36307047769054	1171.606082046558
0.9542	501.3286425729007	1173.360140995928
0.9552	502.29290412113073	1175.1152118636423
0.9562	503.2558516355423	1176.8712922183095
0.9572	504.2174816378458	1178.628379629976
0.9582	505.17779065829797	1180.3864716701328
0.9592	506.13677523569686	1182.1455659117178
0.9601999999999999	507.09443191737876	1183.9056599291214
0.9611999999999999	508.05075725921444	1185.6667512981908
0.9621999999999999	509.0057478256047	1187.4288375962335
0.9632	509.95940018947744	1189.1919164020228
0.9642	510.9117109322825	1190.9559852958007
0.9652	511.862676643989	1192.7210418592838
0.9662	512.8122939230803	1194.4870836756659
0.9672	513.7605593765505	1196.2541083296233
0.9682	514.7074696199006	1198.022113407319
0.9692	515.6530212771337	1199.791096496406
0.9702	516.5972109807514	1201.5610551860325
0.9712	517.5400353717496	1203.3319870668452
0.9722	518.481491099614	1205.103889730994
0.9732	519.4215748223164	1206.8767607721359
0.9742	520.3602832063102	1208.6505977854392
0.9752	521.2976129265254	1210.425398367587
0.9762	522.2335606663653	1212.2011601167815
0.9772	523.1681231177021	1213.977880632749
0.9782	524.1012969808717	1215.7555575167423
0.9792	525.03307896467	1217.534188371546
0.9802	525.9634657863481	1219.3137708014794
0.9812	526.8924541716079	1221.0943024124008
0.9822	527.8200408545976	1222.8757808117118
0.9832	528.7462225779071	1224.6582036083607
0.9842	529.6709960925637	1226.4415684128467
0.9852	530.5943581580269	1228.2258728372237
0.9862	531.5163055421843	1230.0111144951034
0.9872	532.436835021347	1231.7972910016604
0.9882	533.3559433802442	1233.584399973635
0.9892	534.273627412019	1235.3724390293376
0.9902	535.1898839182238	1237.1614057886516
0.9912	536.1047097088149	1238.9512978730377
0.9922	537.0181016021484	1240.742112905538
0.9932	537.9300564249745	1242.5338485107789
0.9942	538.8405710124337	1244.326502314975
0.9952	539.7496422080507	1246.1200719459332
0.9962	540.6572668637303	1247.9145550330556
0.9972	541.5634418397522	1249.7099492073437
0.9982	542.468164004766	1251.506252101402
0.9992	543.3714302357859	1253.3034613494406
1.0002	544.273237418186	1255.1015745872803
1.0012	545.1735824456954	1256.900589452355
1.0022	546.0724622203918	1258.7005035837149
1.0032	546.9698736526989	1260.501314622032
1.0042	547.8658136613781	1262.3030202096004
1.0052	548.7602791735259	1264.105617990343
1.0062	549.6532671245669	1265.9091056098127
1.0072	550.5447744582502	1267.7134807151974
1.0082	551.4347981266421	1269.5187409553212
1.0092	552.323335090123	1271.3248839806508
1.0102	553.2103823173801	1273.1319074432959
1.0112	554.0959367854033	1274.9398089970146
1.0122	554.9799954794793	1276.7485862972153
1.0132	555.8625553931865	1278.5582370009618
1.0142	556.7436135283889	1280.368758766974
1.0152	557.6231668952316	1282.1801492556344
1.0162	558.5012125121343	1283.992406128988
1.0172	559.3777474057869	1285.8055270507482
1.0182	560.2527686111422	1287.6195096862975
1.0192	561.126273171413	1289.4343517026946
1.0202	561.9982581380634	1291.250050768672
1.0212	562.8687205708062	1293.0666045546454
1.0222	563.7376575375941	1294.884010732711
1.0232	564.6050661146171	1296.7022669766532
1.0242	565.4709433862948	1298.5213709619445
1.0252	566.3352864452713	1300.3413203657508
1.0262	567.1980923924098	1302.1621128669337
1.0272	568.0593583367857	1303.9837461460525
1.0282	568.9190813956823	1305.806217885369
1.0292	569.7772586945836	1307.6295257688494
1.0302	570.6338873671697	1309.4536674821677
1.0312	571.4889645553096	1311.2786407127078
1.0322	572.3424874090568	1313.1044431495686
1.0332	573.1944530866419	1314.9310724835643
1.0342	574.044858754468	1316.7585264072302
1.0352	574.8937015871034	1318.5868026148219
1.0362	575.7409787672767	1320.415898802322
1.0372	576.5866874858702	1322.2458126674405
1.0382	577.4308249419145	1324.0765419096192
1.0392	578.2733883425811	1325.9080842300325
1.0402	579.1143749031784	1327.7404373315933
1.0412	579.9537818471431	1329.573598918952
1.0422	580.7916064060366	1331.4075666985036
1.0432	581.6278458195366	1333.2423383783864
1.0442	582.4624973354328	1335.0779116684878
1.0452	583.2955582096187	1336.9142842804442
1.0462	584.1270257060881	1338.7514539276478
1.0472	584.9568970969261	1340.5894183252449
1.0482	585.7851696623048	1342.4281751901417
1.0492	586.6118406904753	1344.2677222410045
1.0502	587.4369074777636	1346.1080571982657
1.0512	588.2603673285619	1347.9491777841226
1.0522	589.0822175553242	1349.7910817225434
1.0532	589.9024554785585	1351.6337667392665
1.0542	590.7210784268219	1353.4772305618076
1.0552	591.5380837367122	1355.3214709194565
1.0562	592.3534687528636	1357.1664855432853
1.0572	593.1672308279384	1359.0122721661469
1.0582	593.9793673226222	1360.8588285226801
1.0592	594.7898756056159	1362.7061523493098
1.0602	595.5987530536303	1364.5542413842525
1.0612	596.4059970513788	1366.4030933675153
1.0622	597.2116049915717	1368.2527060409018
1.0632	598.0155742749083	1370.1030771480112
1.0642	598.8179023100724	1371.9542044342445
1.0652	599.618586513723	1373.8060856468026
1.0662	600.41762431049	1375.658718534693
1.0672	601.2150131329663	1377.5121008487286
1.0682	602.0107504217018	1379.366230341533
1.0692	602.8048336251957	1381.2211047675405
1.0702	603.5972601998913	1383.0767218830003
1.0712	604.3880276101678	1384.9330794459775
1.0722	605.1771333283345	1386.7901752163564
1.0732	605.9645748346238	1388.6480069558415
1.0742	606.7503496171843	1390.506572427962
1.0752	607.5344551720738	1392.3658693980715
1.0762	608.3168890032531	1394.2258956333521
1.0772	609.0976486225785	1396.0866489028153
1.0782	609.8767315497956	1397.9481269773066
1.0792	610.6541353125318	1399.8103276295044
1.0802	611.4298574462897	1401.673248633925
1.0812	612.2038954944402	1403.5368877669225
1.0822	612.9762470082156	1405.401242806694
1.0832	613.7469095467025	1407.2663115332778
1.0842	614.5158806768351	1409.1320917285593
1.0852	615.2831579733878	1410.9985811762706
1.0862	616.048739018969	1412.8657776619941
1.0872	616.8126214040126	1414.7336789731633
1.0882	617.5748027267731	1416.6022828990665
1.0892	618.3352805933164	1418.471587230847
1.0902	619.0940526175143	1420.3415897615073
1.0912	619.8511164210363	1422.2122882859082
1.0922	620.6064696333439	1424.0836806007753
1.0932	621.3601098916814	1425.9557645046953
1.0942	622.1120348410711	1427.8285377981235
1.0952	622.8622421343046	1429.701998283382
1.0962	623.610729431936	1431.5761437646636
1.0972	624.3574944022747	1433.4509720480323
1.0982	625.1025347213788	1435.3264809414277
1.0992	625.845848073047	1437.2026682546639
1.1002	626.5874321488119	1439.0795317994337
1.1012	627.3272846479325	1440.957069389309
1.1022	628.0654032773873	1442.8352788397442
1.1032	628.8017857518666	1444.7141579680765
1.1042	629.5364297937658	1446.5937045935295
1.1052	630.269333133177	1448.473916537213
1.1062	631.0004935078833	1450.3547916221269
1.1072	631.7299086633498	1452.2363276731608
1.1082	632.4575763527174	1454.1185225170987
1.1092	633.1834943367948	1456.0013739826175
1.1102	633.9076603840521	1457.8848799002926
1.1112	634.6300722706115	1459.7690381025948
1.1122	635.3507277802423	1461.6538464238974
1.1132	636.0696247043513	1463.5393027004736
1.1142	636.7867608419773	1465.4254047705015
1.1152	637.5021339997813	1467.312150474062
1.1162	638.2157419920422	1469.1995376531459
1.1172	638.9275826406458	1471.0875641516495
1.1182	639.6376537750806	1472.9762278153821
1.1192	640.3459532324272	1474.8655264920621
1.1202	641.0524788573538	1476.7554580313242
1.1212	641.7572285021063	1478.6460202847156
1.1222	642.460200026502	1480.537211105703
1.1232	643.1613912979215	1482.4290283496691
1.1242	643.8608001913017	1484.3214698739189
1.1252	644.5584245891273	1486.2145335376767
1.1262	645.2542623814243	1488.1082172020926
1.1272	645.9483114657515	1490.0025187302392
1.1282	646.6405697471936	1491.8974359871172
1.1292	647.3310351383524	1493.7929668396537
1.1302	648.019705559341	1495.6891091567072
1.1312	648.706578937774	1497.585860809065
1.1322	649.3916532087618	1499.4832196694488
1.1332	650.0749263149013	1501.3811836125126
1.1342	650.7563962062698	1503.2797505148476
1.1352	651.4360608404152	1505.1789182549803
1.1362	652.1139181823506	1507.078684713377
1.1372	652.7899662045448	1508.9790477724428
1.1382	653.4642028869157	1510.880005316525
1.1392	654.1366262168212	1512.781555231913
1.1402	654.8072341890535	1514.6836954068408
1.1412	655.4760248058288	1516.5864237314872
1.1422	656.1429960767819	1518.4897380979794
1.1432	656.8081460189563	1520.3936364003907
1.1442	657.4714726567984	1522.2981165347467
1.1452	658.1329740221477	1524.203176399022
1.1462	658.7926481542307	1526.1088138931448
1.1472	659.4504930996517	1528.015026918996
1.1482	660.106506912386	1529.9218133804131
1.1492	660.7606876537708	1531.829171183188
1.1502000000000001	661.4130333924988	1533.737098235072
1.1512	662.0635422046092	1535.6455924457741
1.1522000000000001	662.7122121734803	1537.5546517269647
1.1532	663.3590413898212	1539.4642739922745
1.1542	664.0040279516642	1541.3744571572977
1.1552	664.647169964357	1543.2851991395928
1.1562	665.2888479021184	1545.1964978586823
1.1572	665.9311793362733	1547.1083515665332
1.1582	666.5765232594739	1549.020760347919
1.1592	667.224882031326	1550.933726324594
1.1602	667.8762580202879	1552.8472516166873
1.1612	668.5306536036655	1554.7613383427147
1.1622	669.1880711676063	1556.6759886195898
1.1632	669.8485131070943	1558.591204562638
1.1642	670.5119818259443	1560.5069882856046
1.1652	671.1784797367972	1562.4233419006698
1.1662	671.848009261114	1564.3402675184582
1.1672	672.5205728291717	1566.257767248052
1.1682	673.1961728800568	1568.1758431970004
1.1692	673.8748118616621	1570.0944974713336
1.1702	674.5564922306801	1572.0137321755715
1.1712	675.2412164525995	1573.9335494127383
1.1722	675.9289870016988	1575.85395128437
1.1732	676.619806361044	1577.7749398905296
1.1742	677.3136770224809	1579.6965173298152
1.1752	678.0106014866335	1581.6186856993738
1.1762	678.710582262897	1583.5414470949095
1.1772	679.4136218694356	1585.4648036106987
1.1782	680.1197228331757	1587.3887573395964
1.1792	680.8288876898041	1589.3133103730515
1.1802	681.5411189837616	1591.238464801115
1.1812	682.2564192682402	1593.1642227124526
1.1822	682.9747911051782	1595.0905861943545
1.1832	683.6962370652569	1597.0175573327474
1.1842	684.4207597278956	1598.9451382122036
1.1852	685.1483616812492	1600.873330915955
1.1862	685.8790455222021	1602.802137525899
1.1872	686.6128138563668	1604.731560122615
1.1882	687.3496692980784	1606.6616007853697
1.1892	688.0896144703922	1608.5922615921322
1.1902	688.8326520050788	1610.5235446195804
1.1912	689.5787845426222	1612.4554519431163
1.1922	690.3280147322143	1614.3879856368715
1.1932	691.080345231754	1616.3211477737223
1.1942	691.835778707841	1618.2549404252961
1.1952	692.594317835775	1620.1893656619861
1.1962	693.3559652995508	1622.124425552957
1.1972	694.1207237918563	1624.0601221661595
1.1982	694.8885960140685	1625.9964575683373
1.1992	695.6595846762514	1627.9334338250408
1.2002	696.4336924971515	1629.8710530006329
1.2012	697.2109222041968	1631.8093171583043
1.2022	697.9912765334925	1633.748228360079
1.2032	698.774758229819	1635.687788666828
1.2042	699.5613700466284	1637.6280001382765
1.2052	700.3511147460432	1639.5688648330167
1.2062	701.1439950988517	1641.5103848085155
1.2072	701.9400138845074	1643.452562121126
1.2082	702.7391738911249	1645.3953988260962
1.2092	703.5414779154789	1647.3388969775806
1.2102	704.3469287630006	1649.2830586286477
1.2112	705.1555292477765	1651.227885831293
1.2122	705.9672821925445	1653.173380636445
1.2132	706.7821904286941	1655.119545093979
1.2142	707.6002567962616	1657.0663812527232
1.2152	708.4214841439303	1659.013891160471
1.2162	709.245875329027	1660.9620768639893
1.2172	710.0734332175203	1662.9109404090289
1.2182	710.9041606840195	1664.8604838403328
1.2192	711.7380606117719	1666.8107092016483
1.2202	712.5751358926607	1668.7616185357333
1.2212	713.4153894272046	1670.713213884369
1.2222	714.2588241245547	1672.6654972883664
1.2232	715.1054429024939	1674.6184707875786
1.2242	715.9552486874343	1676.5721364209073
1.2252	716.8082444144171	1678.5264962263154
1.2262	717.6644330271095	1680.4815522408328
1.2272	718.5238174778048	1682.437306500569
1.2282	719.3864007274194	1684.39376104072
1.2292	720.2521857454934	1686.350917895579
1.2302	721.1211755101878	1688.3087790985444
1.2312	721.9933730082842	1690.267346682131
1.2322	722.8687812351826	1692.226622677976
1.2332	723.7474031949025	1694.186609116852
1.2342	724.6292419000789	1696.147308028672
1.2352	725.514300371964	1698.1087214425022
1.2362	726.4025816404244	1700.0708513865682
1.2372	727.2940887439413	1702.033699888266
1.2382	728.1888247296092	1703.9972689741692
1.2392	729.0867926531355	1705.9615606700402
1.2402	729.9879955788389	1707.9265770008362
1.2412	730.8924365796506	1709.8923199907215
1.2422	731.8001187371112	1711.8587916630727
1.2432	732.7110451413724	1713.825994040491
1.2442	733.6252188911948	1715.7939291448076
1.2452	734.542643093949	1717.7625989970968
1.2462	735.4633208656134	1719.7320056176795
1.2472	736.3872553307757	1721.7021510261368
1.2482	737.314449622631	1723.6730372413144
1.2492	738.244906882983	1725.6446662813355
1.2502	739.1786302622423	1727.6170401636052
1.2512	740.1156229194279	1729.5901609048233
1.2522	741.0558880221655	1731.5640305209888
1.2532	741.9994287466887	1733.5386510274122
1.2542	742.946248277838	1735.5140244387205
1.2552	743.8963498090618	1737.490152768869
1.2562	744.8497365424157	1739.4670380311468
1.2572	745.8064116885636	1741.4446822381883
1.2582	746.7663784667762	1743.423087401978
1.2592	747.7296401049337	1745.4022555338622
1.2602	748.6961998395236	1747.3821886445555
1.2612	749.6660609156432	1749.3628887441503
1.2622	750.6392265869981	1751.3443578421227
1.2632	751.6157001159045	1753.3265979473451
1.2642	752.5954847732875	1755.309611068089
1.2652	753.5785838386844	1757.2933992120388
1.2662	754.5650006002426	1759.2779643862953
1.2672	755.5547383547221	1761.263308597387
1.2682	756.5478004074946	1763.2494338512763
1.2692	757.5441900725468	1765.2363421533698
1.2702	758.5439106724778	1767.2240355085235
1.2712	759.5469655385028	1769.2125159210539
1.2722	760.5533580104521	1771.2017853947427
1.2732	761.5630914367736	1773.1918459328492
1.2742	762.5761691745316	1775.1826995381134
1.2752000000000001	763.592594589411	1777.1743482127688
1.2762	764.6123710557146	1779.1667939585457
1.2772000000000001	765.6355019563678	1781.160038776683
1.2782	766.6619906829166	1783.1540846679336
1.2792000000000001	767.6918406355315	1785.1489336325742
1.2802	768.7250552230067	1787.1445876704108
1.2812	769.7616378627628	1789.1410487807889
1.2822	770.8015919808474	1791.1383189626004
1.2832	771.844921011936	1793.1364002142898
1.2842	772.8916283993354	1795.135294533866
1.2852	773.9417175949825	1797.135003918905
1.2862	774.9951920594483	1799.135530366562
1.2872	776.0520552619374	1801.1368758735757
1.2882	777.1123106802916	1803.139042436279
1.2892	778.1759618009891	1805.1420320506033
1.2902	779.2430121191494	1807.1458467120906
1.2912	780.3134651385315	1809.1504884158956
1.2922	781.3873243715387	1811.1559591567984
1.2932	782.4645933392187	1813.1622609292083
1.2942	783.5452755712661	1815.1693957271743
1.2952	784.6293746060238	1817.1773655443899
1.2962	785.7168939904861	1819.186172374203
1.2972	786.8078372802992	1821.1958182096207
1.2982	787.9022080397646	1823.2063050433208
1.2992	789.00000984184	1825.2176348676542
1.3002	790.1012462681429	1827.229809674657
1.3012	791.2059209089509	1829.2428314560539
1.3022	792.3140373632059	1831.2567022032688
1.3032	793.4255992385148	1833.2714239074298
1.3042	794.540610151153	1835.286998559379
1.3052	795.6590737260652	1837.3034281496762
1.3062	796.7809935968702	1839.3207146686104
1.3072	797.9063734058606	1841.3388601062034
1.3082	799.0352168040075	1843.3578664522197
1.3092	800.1675274509618	1845.3777356961718
1.3102	801.303309015057	1847.398469827329
1.3112	802.4425651733119	1849.420070834723
1.3122	803.5852996114337	1851.4425407071571
1.3132	804.7315160238196	1853.4658814332108
1.3142	805.8812181135607	1855.4900950012493
1.3152	807.034409592444	1857.515183399429
1.3162	808.1910941809558	1859.5411486157057
1.3172	809.3512756082833	1861.56799263784
1.3182	810.5149576123198	1863.5957174534074
1.3192	811.6821439396649	1865.6243250498014
1.3202	812.85283834563	1867.653817414244
1.3212	814.027044594239	1869.68419653379
1.3222	815.204766458234	1871.715464395337
1.3232	816.386007719075	1873.747622985628
1.3242	817.570772166947	1875.780674291263
1.3252	818.7590636007596	1877.8146202987027
1.3262	819.950885828153	1879.8494629942775
1.3272	821.1462426654987	1881.8852043641918
1.3282	822.3451379379055	1883.9218463945344
1.3292	823.5475754792201	1885.959391071281
1.3302	824.7535591320333	1887.997840380306
1.3312	825.9630927476805	1890.037196307384
1.3322	827.1761801862484	1892.077460838202
1.3332	828.392825316575	1894.118635958361
1.3342	829.6130320162563	1896.1607236533878
1.3352	830.836804171647	1898.203725908736
1.3362	832.0641456778675	1900.2476447097993
1.3372	833.295060438804	1902.2924820419119
1.3382	834.5295523671145	1904.3382398903598
1.3392	835.7676253842319	1906.3849202403844
1.3402	837.0092834203681	1908.4325250771924
1.3412	838.2545304145164	1910.4810563859583
1.3422	839.5033703144576	1912.5305161518347
1.3432	840.7558070767623	1914.580906359957
1.3442	842.0118446667952	1916.6322289954505
1.3452	843.2714870587189	1918.684486043436
1.3462	844.5347382354989	1920.737679489039
1.3472	845.8016021889059	1922.7918113173923
1.3482	847.0720829195217	1924.8468835136466
1.3492	848.3461844367419	1926.9028980629737
1.3502	849.6239107587811	1928.9598569505754
1.3512	850.9052659126761	1931.0177621616874
1.3522	852.1902539342916	1933.0766156815894
1.3532	853.4788788683222	1935.136419495607
1.3542	854.7711447682996	1937.197175589123
1.3552	856.0670556965939	1939.2588859475786
1.3562	857.3666157244212	1941.3215525564856
1.3572	858.6698289318444	1943.3851774014265
1.3582	859.9766994077812	1945.4497624680666
1.3592	861.287231250006	1947.5153097421564
1.3602	862.6014285651561	1949.5818212095398
1.3612	863.9192954687347	1951.6492988561592
1.3622	865.2408360851177	1953.7177446680641
1.3632	866.5660545475553	1955.7871606314136
1.3642	867.8949549981803	1957.857548732487
1.3652	869.2275415880096	1959.9289109576862
1.3662	870.5638184769509	1962.001249293545
1.3672	871.9037898338063	1964.0745657267323
1.3682	873.247459836279	1966.1488622440622
1.3692	874.5948326709749	1968.2241408324958
1.3702	875.9459125334117	1970.300403479151
1.3712	877.3007036280197	1972.3776521713062
1.3722	878.6592101681501	1974.4558888964084
1.3732	880.0214363760775	1976.5351156420775
1.3742	881.3873864830073	1978.6153343961141
1.3752	882.7570647290778	1980.6965471465035
1.3762	884.1304753633691	1982.778755881425
1.3772	885.5076226439041	1984.861962589254
1.3782	886.888510837658	1986.9461692585726
1.3792	888.2731442205592	1989.0313778781704
1.3802	889.6615270774982	1991.1175904370557
1.3812	891.0536637023301	1993.204808924457
1.3822	892.4495583978828	1995.2930353298334
1.3832	893.8492154759592	1997.3822716428763
1.3842	895.2526392573452	1999.472519853519
1.3852	896.6598340718132	2001.56378195194
1.3862	898.0708042581298	2003.656059928571
1.3872	899.4855541640583	2005.7493557741004
1.3882	900.9040881463675	2007.8436714794827
1.3892	902.3264105708342	2009.9390090359404
1.3902	903.7525258122523	2012.0353704349743
1.3912	905.182438254434	2014.1327576683643
1.3922	906.6161522902202	2016.2311727281806
1.3932	908.0536723214819	2018.3306176067845
1.3942	909.4950027591301	2020.4310942968389
1.3952	910.9401480231177	2022.5326047913104
1.3962	912.3891125424483	2024.635151083478
1.3972	913.84190075518	2026.738735166936
1.3982	915.2985171084329	2028.8433590356033
1.3992	916.7589660583935	2030.9490246837254
1.4002000000000001	918.2232520703224	2033.0557341058834
1.4012	919.6913796185581	2035.1634892969973
1.4022000000000001	921.1633531865255	2037.2722922523344
1.4032	922.6391772667395	2039.382144967512
1.4042000000000001	924.1188563608135	2041.4930494385058
1.4052	925.602394979463	2043.605007661653
1.4062000000000001	927.0897976425147	2045.7180216336615
1.4072	928.581068878909	2047.8320933516113
1.4082	930.0762132267103	2049.9472248129646
1.4092	931.57523523311	2052.0634180155675
1.4102	933.0781394544347	2054.1806749576585
1.4112	934.5849304561517	2056.298997637873
1.4122	936.0956128128748	2058.418388055248
1.4132	937.6101911083731	2060.538848209231
1.4142	939.1286699355741	2062.660380099681
1.4152	940.6510538965731	2064.782985726878
1.4162	942.1773476026372	2066.906667091526
1.4172	943.7075556742142	2069.03142619476
1.4182	945.2416827409372	2071.1572650381518
1.4192	946.7797334416326	2073.284185623714
1.4202	948.3217124243257	2075.4121899539073
1.4212	949.8676243462482	2077.541280031645
1.4222	951.4174738738441	2079.671457860298
1.4232	952.9712656827772	2081.802725443702
1.4242	954.5290044579368	2083.9350847861615
1.4252	956.0906948934464	2086.068537892457
1.4262	957.6563416926679	2088.203086767847
1.4272	959.2259495682111	2090.3387334180784
1.4282	960.7995232419385	2092.4754798493877
1.4292	962.3770674449735	2094.613328068509
1.4302	963.9585869177065	2096.7522800826773
1.4312	965.5440864098031	2098.892337899637
1.4322	967.1335706802089	2101.033503527643
1.4332	968.7270444971598	2103.1757789754715
1.4342	970.3245126381862	2105.3191662524205
1.4352	971.9259798901214	2107.4636673683176
1.4362	973.5314510491083	2109.6092843335246
1.4372	975.1409309206075	2111.7560191589446
1.4382	976.7544243194031	2113.9038738560243
1.4392	978.3719360696114	2116.052850436762
1.4402	979.9934710046865	2118.2029509137114
1.4412	981.6190339674297	2120.3541772999884
1.4422	983.2486298099943	2122.506531609273
1.4432	984.8822633938967	2124.6600158558217
1.4442	986.5199395900189	2126.8146320544633
1.4452	988.1616632786203	2128.970382220612
1.4462	989.8074393493424	2131.1272683702687
1.4472	991.4572727012184	2133.285292520028
1.4482	993.1111682426784	2135.444456687082
1.4492	994.7691308915595	2137.604762889227
1.4502	996.4311655751104	2139.766213144867
1.4512	998.0972772300028	2141.928809473022
1.4522	999.7674708023354	2144.0925538933293
1.4532	1001.4417512476442	2146.2574484260517
1.4542	1003.1201235309081	2148.423495092081
1.4552	1004.8025926265591	2150.5906959129443
1.4562	1006.4891635184879	2152.759052910809
1.4572	1008.1798412000531	2154.928568108487
1.4582	1009.8746306740875	2157.0992435294406
1.4592	1011.5735369529086	2159.271081197789
1.4602	1013.276565058323	2161.4440831383095
1.4612	1014.9837200216386	2163.6182513764484
1.4622	1016.6950068836678	2165.79358793832
1.4632	1018.4104306947402	2167.970094850717
1.4642	1020.1299965147061	2170.1477741411118
1.4652	1021.8537094129491	2172.326627837664
1.4662	1023.5815744683897	2174.5066579692234
1.4672	1025.3135967694984	2176.687866565339
1.4682	1027.049781414298	2178.8702556562575
1.4692	1028.7901335103777	2181.053827272936
1.4702	1030.5346581748963	2183.2385834470406
1.4712	1032.2833605345947	2185.4245262109557
1.4722	1034.0362457258004	2187.6116575977867
1.4732	1035.7933188944394	2189.799979641367
1.4742	1037.5545851960405	2191.98949437626
1.4752	1039.320049795749	2194.180203837769
1.4762	1041.0897178683283	2196.372110061936
1.4772	1042.8635945981757	2198.565215085552
1.4782	1044.6416851793242	2200.7595209461592
1.4792	1046.4239948154566	2202.955029682058
1.4802	1048.210528719909	2205.1517433323083
1.4812	1050.0012921156845	2207.3496639367395
1.4822	1051.7962902354566	2209.548793535951
1.4832	1053.5955283215822	2211.7491341713207
1.4842	1055.3990116261064	2213.950687885006
1.4852	1057.2067454107762	2216.153456719955
1.4862	1059.0187349470427	2218.357442719903
1.4872	1060.8349855160768	2220.562647929385
1.4882	1062.655502408771	2222.769074393736
1.4892	1064.4802909257548	2224.976724159099
1.4902	1066.309356377398	2227.185599272426
1.4912	1068.1427040838244	2229.3957017814882
1.4922	1069.980339374916	2231.607033734876
1.4932	1071.8222675903257	2233.8195971820073
1.4942	1073.6684940794835	2236.0333941731287
1.4952	1075.5190242016092	2238.248426759326
1.4962	1077.3738633257153	2240.4646969925216
1.4972	1079.2324073315262	2242.682206925488
1.4982	1081.0916465208695	2244.900958204969
1.4992	1082.949275938782	2247.120950466625
1.5002	1084.8052910340446	2249.342181808938
1.5012	1086.6596872618316	2251.5646503298944
1.5022	1088.5124600837162	2253.7883541269844
1.5032	1090.363604967678	2256.0132912972113
1.5042	1092.213117388109	2258.239459937095
1.5052	1094.0609928258211	2260.466858142679
1.5062	1095.9072267680513	2262.695484009532
1.5072	1097.7518147084697	2264.9253356327567
1.5082	1099.594752147185	2267.1564111069933
1.5092	1101.436034590752	2269.3887085264255
1.5102	1103.2756575521767	2271.622225984784
1.5112	1105.1136165509247	2273.8569615753554
1.5122	1106.9499071129244	2276.0929133909817
1.5132	1108.7845247705775	2278.330079524071
1.5142	1110.6174650627615	2280.5684580665993
1.5152	1112.4487235348388	2282.808047110117
1.5162	1114.2782957386594	2285.048844745752
1.5172	1116.1061772325722	2287.2908490642194
1.5182	1117.932363581426	2289.5340581558207
1.5192	1119.756850356579	2291.778470110454
1.5202	1121.5796331359036	2294.024083017615
1.5212	1123.4007075037923	2296.270894966406
1.5222	1125.2200690511638	2298.518904045537
1.5232	1127.0377133754696	2300.768108343334
1.5242	1128.8536360806988	2303.018505947742
1.5252000000000001	1130.6678327773857	2305.2700949463324
1.5262	1132.4802990826126	2307.5228734263032
1.5272000000000001	1134.2910306200195	2309.7768394744903
1.5282	1136.1000230198063	2312.031991177368
1.5292000000000001	1137.9072719187413	2314.288326621056
1.5302	1139.712772960165	2316.5458438913233
1.5312000000000001	1141.516521793997	2318.8045410735945
1.5322	1143.3185140767403	2321.064416252953
1.5332000000000001	1145.1187454714877	2323.3254675141475
1.5342	1146.917211647928	2325.5876929415963
1.5352000000000001	1148.7139082823508	2327.851090619393
1.5362	1150.5088310576505	2330.115658631309
1.5372	1152.3019756633341	2332.381395060802
1.5382	1154.093337795527	2334.6482979910193
1.5392	1155.8829131569742	2336.9163655048005
1.5402	1157.670697457051	2339.185595684687
1.5412	1159.4566864117637	2341.455986612922
1.5422	1161.2408757437588	2343.72753637146
1.5432	1163.0232611823242	2346.000243041966
1.5442	1164.8038384633985	2348.274104705828
1.5452	1166.5826033295718	2350.549119444154
1.5462	1168.3595515300956	2352.8252853377826
1.5472	1170.1346788208832	2355.102600467285
1.5482	1171.9079809645182	2357.3810629129703
1.5492	1173.679453730257	2359.6606707548895
1.5502	1175.4490928940365	2361.9414220728445
1.5512	1177.2168942384758	2364.223314946386
1.5522	1178.9828535528839	2366.506347454824
1.5532	1180.7469666332622	2368.790517677231
1.5542	1182.5092292823122	2371.075823692445
1.5552	1184.2696373094366	2373.3622635790753
1.5562	1186.0281865307477	2375.64983541551
1.5572	1187.784872769069	2377.9385372799156
1.5582	1189.5396918539423	2380.228367250246
1.5592	1191.2926396216305	2382.5193234042445
1.5602	1193.0437119151243	2384.8114038194517
1.5612	1194.7929045841438	2387.1046065732053
1.5622	1196.5402134851465	2389.3989297426506
1.5632	1198.285634481328	2391.6943714047393
1.5642	1200.0291634426303	2393.99092963624
1.5652	1201.770796245743	2396.2886025137373
1.5662	1203.5105287741103	2398.5873881136417
1.5672	1205.248356917933	2400.88728451219
1.5682	1206.9842765741755	2403.1882897854525
1.5692	1208.7182836465665	2405.490402009336
1.5702	1210.4503740456075	2407.7936192595903
1.5712	1212.180543688573	2410.09793961181
1.5722	1213.9087884995174	2412.403361141443
1.5732	1215.635104409278	2414.709881923791
1.5742	1217.35948735548	2417.017500034017
1.5752	1219.0819332825392	2419.3262135471487
1.5762	1220.8024381416672	2421.636020538083
1.5772	1222.5209978908745	2423.946919081591
1.5782	1224.2376084949763	2426.2589072523238
1.5792	1225.9522659255933	2428.571983124812
1.5802	1227.6649661611596	2430.8861447734785
1.5812	1229.3757051869218	2433.2013902726335
1.5822	1231.0844789949485	2435.5177176964885
1.5832	1232.7912835841282	2437.8351251191516
1.5842	1234.4961149601788	2440.1536106146414
1.5852	1236.198969135646	2442.4731722568818
1.5862	1237.8998421299116	2444.7938081197162
1.5872	1239.598729969193	2447.1155162769023
1.5882	1241.2956286865517	2449.438294802126
1.5892	1242.9905343218907	2451.762141768997
1.5902	1244.683442921965	2454.087055251061
1.5912	1246.3743505403793	2456.4130333217977
1.5922	1248.0632532375955	2458.7400740546304
1.5932	1249.750147080933	2461.0681755229266
1.5942	1251.435028144575	2463.3973358000053
1.5952	1253.1178925095703	2465.7275529591384
1.5962	1254.7987362638373	2468.0588250735586
1.5972	1256.477555502166	2470.3911502164606
1.5982	1258.1543463262242	2472.7245264610074
1.5992	1259.8291048445567	2475.0589518803326
1.6002	1261.5018271725933	2477.394424547549
1.6012	1263.1725094326475	2479.730942535748
1.6022	1264.841147753923	2482.0685039180066
1.6032	1266.5077382725149	2484.4071067673913
1.6042	1268.1722771314146	2486.746749156963
1.6052	1269.8347604805097	2489.0874291597784
1.6062	1271.495184476592	2491.4291448489003
1.6072	1273.1535452833548	2493.771894297394
1.6082	1274.8098390714015	2496.115675578339
1.6092	1276.4640620182433	2498.460486764828
1.6102	1278.116210308307	2500.8063259299747
1.6112	1279.7662801329338	2503.1531911469147
1.6122	1281.4142676903857	2505.501080488814
1.6132	1283.0601691858444	2507.849992028867
1.6142	1284.7039808314184	2510.199923840309
1.6152	1286.3456988461423	2512.5508739964134
1.6162	1287.9853194559819	2514.9028405704994
1.6172	1289.6228388938348	2517.2558216359334
1.6182	1291.258253399535	2519.609815266138
1.6192	1292.8915592198548	2521.964819534591
1.6202	1294.5227526085077	2524.320832514833
1.6212	1296.1518298261494	2526.67785228047
1.6222	1297.7787871403827	2529.0358769051777
1.6232	1299.403620825758	2531.394904462706
1.6242	1301.0263271637784	2533.754933026885
1.6252	1302.6469024428989	2536.1159606716233
1.6262	1304.2653429585316	2538.4779854709204
1.6272	1305.8816450130455	2540.841005498862
1.6282	1307.4958049157724	2543.205018829634
1.6292	1309.1078189830048	2545.5700235375148
1.6302	1310.7176835380028	2547.9360176968908
1.6312	1312.3253949109921	2550.302999382253
1.6322	1313.9309494391703	2552.6709666682045
1.6332	1315.5343434667052	2555.0399176294627
1.6342	1317.135573344741	2557.409850340866
1.6352	1318.7346354313966	2559.780762877373
1.6362	1320.3315260917702	2562.1526533140727
1.6372	1321.926241697941	2564.525519726184
1.6382	1323.5187786289707	2566.8993601890616
1.6392	1325.1091332709052	2569.274172778198
1.6402	1326.6973020167788	2571.649955569233
1.6412	1328.2832812666127	2574.026706637949
1.6422	1329.8670674274213	2576.4044240602834
1.6432	1331.448656913209	2578.783105912327
1.6442	1333.0280461449765	2581.16275027033
1.6452	1334.605231550721	2583.5433552107074
1.6462	1336.1802095654373	2585.9249188100407
1.6472	1337.75297663112	2588.3074391450814
1.6482	1339.323529196767	2590.690914292758
1.6492	1340.8918637183785	2593.0753423301767
1.6502000000000001	1342.4579766589604	2595.4607213346276
1.6512	1344.0218644885265	2597.847049383587
1.6522000000000001	1345.5835236840983	2600.234324554723
1.6532	1347.1429507297073	2602.6225449258964
1.6542000000000001	1348.7001421163984	2605.0117085751695
1.6552	1350.2550943422289	2607.401813580804
1.6562000000000001	1351.8078039122713	2609.7928580212706
1.6572	1353.3582673386147	2612.1848399752475
1.6582000000000001	1354.906481140367	2614.5777575216307
1.6592	1356.4524418436542	2616.9716087395295
1.6602000000000001	1357.9961459816252	2619.3663917082795
1.6612	1359.5375900944491	2621.762104507438
1.6622000000000001	1361.0767707293207	2624.158745216794
1.6632	1362.6136844404584	2626.5563119163694
1.6642000000000001	1364.1483277891075	2628.9548026864218
1.6652	1365.6806973435416	2631.3542156074514
1.6662	1367.2107896790624	2633.754548760201
1.6672	1368.7386013780028	2636.1558002256647
1.6682	1370.2641290297258	2638.557968085085
1.6692	1371.7873692306287	2640.961050419964
1.6702	1373.3083185841404	2643.3650453120604
1.6712	1374.8269737007267	2645.769950843398
1.6722	1376.3433311978881	2648.175765096267
1.6732	1377.857387700163	2650.5824861532287
1.6742	1379.3691398391265	2652.990112097119
1.6752	1380.8785842533948	2655.3986410110524
1.6762	1382.3857175886224	2657.808070978424
1.6772	1383.8905364975064	2660.218400082917
1.6782	1385.3930376397843	2662.6296264085013
1.6792	1386.8932176822377	2665.0417480394426
1.6802	1388.391073298691	2667.4547630603006
1.6812	1389.8866011700145	2669.8686695559372
1.6822	1391.3797979841224	2672.2834656115174
1.6832	1392.8706604359763	2674.6991493125147
1.6842	1394.3591852275845	2677.1157187447134
1.6852	1395.8453690680035	2679.5331719942133
1.6862	1397.3292086733368	2681.951507147431
1.6872	1398.8107007667386	2684.370722291108
1.6882	1400.2898420784122	2686.790815512309
1.6892	1401.766629345612	2689.2117848984303
1.6902	1403.2410593126422	2691.633628537199
1.6912	1404.713128730861	2694.0563445166817
1.6922	1406.1828343586758	2696.479930925281
1.6932	1407.6501729615493	2698.9043858517475
1.6942	1409.1151413119962	2701.329707385176
1.6952	1410.577736189586	2703.7558936150135
1.6962	1412.0379543809404	2706.182942631061
1.6972	1413.495792679738	2708.6108525234777
1.6982	1414.9512478867111	2711.039621382783
1.6992	1416.4043168096482	2713.469247299863
1.7002	1417.8549962633922	2715.8997283659705
1.7012	1419.3032830698444	2718.331062672732
1.7022	1420.7491740579603	2720.763248312148
1.7032	1422.1926660637534	2723.196283376598
1.7042	1423.633755930293	2725.630165958844
1.7052	1425.072440507707	2728.064894152035
1.7062	1426.5087166531794	2730.5004660497075
1.7072	1427.9425812309526	2732.9368797457923
1.7082	1429.374031112325	2735.3741333346143
1.7092	1430.803063175656	2737.812224910902
1.7102	1432.2296743063594	2740.2511525697814
1.7112	1433.6538613969092	2742.69091440679
1.7122	1435.0756213468364	2745.131508517872
1.7132	1436.4949510627305	2747.572932999387
1.7142	1437.9118474582383	2750.0151859481093
1.7152	1439.326307454066	2752.4582654612354
1.7162	1440.7383279779758	2754.902169636383
1.7172	1442.1479059647897	2757.3468965715983
1.7182	1443.5550383563861	2759.792444365357
1.7192	1444.959722101702	2762.238811116569
1.7202	1446.361954156731	2764.68599492458
1.7212	1447.7617314845247	2767.1339938891774
1.7222	1449.1590510551912	2769.5828061105904
1.7232	1450.5539098458962	2772.032429689497
1.7242	1451.9463048408613	2774.482862727023
1.7252	1453.3362330313657	2776.934103324751
1.7262	1454.7236914157427	2779.386149584717
1.7272	1456.1086769993826	2781.8389996094193
1.7282	1457.4911867947317	2784.2926515018194
1.7292	1458.8712178212902	2786.747103365345
1.7302	1460.2487671056126	2789.202353303893
1.7312	1461.6238316813094	2791.6583994218354
1.7322	1462.9964085890429	2794.1152398240188
1.7332	1464.3664948765304	2796.5728726157713
1.7342	1465.7340875985408	2799.031295902902
1.7352	1467.0991838168961	2801.4905077917088
1.7362	1468.4617806004692	2803.9505063889756
1.7372	1469.8218750251856	2806.411289801982
1.7382	1471.17946417402	2808.872856138502
1.7392	1472.5345451369978	2811.3352035068083
1.7402	1473.887115011194	2813.7983300156766
1.7412	1475.237170900732	2816.2622337743883
1.7422	1476.5847099167831	2818.726912892732
1.7432	1477.9297291775665	2821.192365481009
1.7442	1479.2722258083477	2823.6585896500355
1.7452	1480.6121969414385	2826.125583511147
1.7462	1481.9496397161952	2828.5933451761975
1.7472	1483.2845512790188	2831.0618727575675
1.7482	1484.616928783354	2833.5311643681634
1.7492	1485.9467693896884	2836.0012181214247
1.7502	1487.2740702655499	2838.472032131321
1.7512	1488.59882858551	2840.9436045123634
1.7522	1489.9210415311782	2843.4159333795983
1.7532	1491.2407062912034	2845.889016848618
1.7542	1492.557820061273	2848.3628530355595
1.7552	1493.8723800441126	2850.8374400571106
1.7562	1495.1843834494816	2853.3127760305097
1.7572	1496.4938274941771	2855.788859073552
1.7582	1497.8007094020288	2858.2656873045894
1.7592	1499.1050264039	2860.7432588425368
1.7602	1500.4067757376856	2863.221571806872
1.7612	1501.7059546483124	2865.7006243176425
1.7622	1503.002560387736	2868.1804144954644
1.7632	1504.296590214941	2870.6609404615288
1.7642	1505.5880413959396	2873.1422003376015
1.7652	1506.87691120377	2875.62419224603
1.7662	1508.1631969184953	2878.1069143097425
1.7672	1509.4468958272032	2880.5903646522543
1.7682	1510.7280052240026	2883.074541397668
1.7692	1512.0065224100254	2885.559442670679
1.7702	1513.282444693422	2888.0450665965755
1.7712	1514.5557693893622	2890.531411301245
1.7722	1515.8264938200325	2893.0184749111736
1.7732	1517.0946153146363	2895.506255553453
1.7742	1518.3601312093904	2897.994751355777
1.7752000000000001	1519.623038847526	2900.4839604464546
1.7762	1520.8833355792847	2902.973880954401
1.7772000000000001	1522.1410187619194	2905.4645110091506
1.7782	1523.3960857596915	2907.9558487408535
1.7792000000000001	1524.6485339438693	2910.447892280282
1.7802	1525.8983606927268	2912.94063975883
1.7812000000000001	1527.1455633915432	2915.434089308521
1.7822	1528.3901394325997	2917.9282390620056
1.7832000000000001	1529.6320862151788	2920.423087152568
1.7842	1530.8714011455618	2922.918631714126
1.7852000000000001	1532.1080816370293	2925.414870881239
1.7862	1533.3421251098569	2927.9118027891027
1.7872000000000001	1534.5735289913157	2930.4094255735604
1.7882	1535.8022907156687	2932.907737371099
1.7892000000000001	1537.0284077241713	2935.4067363188574
1.7902	1538.2518774650675	2937.906420554625
1.7912000000000001	1539.4726973935897	2940.4067882168474
1.7922	1540.6908649719555	2942.9078374446267
1.7932	1541.9063776693674	2945.4095663777266
1.7942	1543.1192329620103	2947.9119731565747
1.7952	1544.329428333049	2950.415055922263
1.7962	1545.536961272628	2952.918812816555
1.7972	1546.741829277868	2955.423241981884
1.7982	1547.944029852865	2957.928341561359
1.7992	1549.1435605086876	2960.434109698764
1.8002	1550.3404187633769	2962.9405445385673
1.8012	1551.5346021419411	2965.447644225915
1.8022	1552.7261081763581	2967.955406906643
1.8032	1553.914934405569	2970.463830727272
1.8042	1555.1010783754798	2972.9729138350162
1.8052	1556.2845376389562	2975.482654377782
1.8062	1557.465309755825	2977.9930505041734
1.8072	1558.6433922928682	2980.504100363491
1.8082	1559.8187828238247	2983.0158021057405
1.8092	1560.991478929385	2985.528153881629
1.8102	1562.1614781971912	2988.041153842572
1.8112	1563.328778221834	2990.554800140695
1.8122	1564.4933766048505	2993.069090928836
1.8132	1565.6552709547225	2995.5840243605476
1.8142	1566.8144588868738	2998.0995985901
1.8152	1567.9709380236682	3000.615811772484
1.8162	1569.1247059944078	3003.132662063414
1.8172	1570.275760435329	3005.650147619328
1.8182	1571.424098989603	3008.1682665973954
1.8192	1572.5697193073306	3010.6870171555133
1.8202	1573.712619045542	3013.206397452315
1.8212	1574.8527958681934	3015.7264056471668
1.8222	1575.9902474461658	3018.2470399001772
1.8232	1577.1249714572605	3020.7682983721925
1.8242	1578.256965586199	3023.2901792248063
1.8252	1579.3862275246188	3025.8126806203545
1.8262	1580.5127549710733	3028.335800721926
1.8272	1581.6365456310257	3030.8595376933577
1.8282	1582.757597216851	3033.383889699244
1.8292	1583.8759074478294	3035.9088549049316
1.8302	1584.991474050147	3038.4344314765312
1.8312	1586.104294756891	3040.9606175809113
1.8322	1587.2143673080488	3043.4874113857063
1.8332	1588.321689450504	3046.014811059317
1.8342	1589.4262589380357	3048.5428147709135
1.8352	1590.5280735313136	3051.071420690437
1.8362	1591.6271309978977	3053.6006269886043
1.8372	1592.7234291122338	3056.1304318369066
1.8382	1593.8169656556524	3058.660833407617
1.8392	1594.907738416364	3061.1918298737864
1.8402	1595.9957451894595	3063.723419409255
1.8412	1597.0809837769045	3066.2556001886446
1.8422	1598.1634519875388	3068.7883703873704
1.8432	1599.2431476370712	3071.321728181634
1.8442	1600.32006854808	3073.855671748436
1.8452	1601.3942125500075	3076.39019926557
1.8462	1602.4655774791588	3078.9253089116296
1.8472	1603.5341611786973	3081.4609988660086
1.8482	1604.599961498645	3083.997267308906
1.8492	1605.6629762958758	3086.534112421325
1.8502	1606.7232034341157	3089.0715323850795
1.8512	1607.7806407839382	3091.6095253827916
1.8522	1608.8352862227628	3094.148089597898
1.8532	1609.8871376348504	3096.6872232146507
1.8542	1610.936192911302	3099.22692441812
1.8552	1611.9824499500544	3101.7671913941945
1.8562	1613.0259066558788	3104.3080223295888
1.8572	1614.066560940376	3106.84941541184
1.8582	1615.1044107219752	3109.391368829313
1.8592	1616.13945392593	3111.9338807712024
1.8602	1617.1716884843152	3114.476949427536
1.8612	1618.2011123360244	3117.0205729891736
1.8622	1619.2277234267672	3119.5647496478146
1.8632	1620.2515197090643	3122.1094775959937
1.8642	1621.2724991422474	3124.6547550270907
1.8652	1622.290659692453	3127.2005801353257
1.8662	1623.3059993326217	3129.746951115768
1.8672	1624.3185160424937	3132.2938661643307
1.8682	1625.3282078086065	3134.841323477782
1.8692	1626.3350726242904	3137.389321253739
1.8702	1627.339108489667	3139.9378576906765
1.8712	1628.3403134116452	3142.486930987924
1.8722	1629.338685403918	3145.036539345674
1.8732	1630.3342224869582	3147.5866809649765
1.8742	1631.3269226880182	3150.1373540477484
1.8752	1632.316784041123	3152.688556796771
1.8762	1633.3038045870705	3155.2402874156974
1.8772	1634.2879823734243	3157.7925441090456
1.8782	1635.2693154545145	3160.345325082212
1.8792	1636.2478018914312	3162.8986285414653
1.8802	1637.2234397520228	3165.4524526939517
1.8812	1638.1962271108916	3168.0067957476963
1.8822	1639.1661620493926	3170.5616559116083
1.8832	1640.1332426556269	3173.1170313954776
1.8842	1641.0974670244407	3175.672920409983
1.8852	1642.0588332574212	3178.229321166689
1.8862	1643.0173394628928	3180.7862318780517
1.8872	1643.972983755914	3183.343650757419
1.8882	1644.9257642582745	3185.901576019035
1.8892	1645.8756790984903	3188.4600058780384
1.8902	1646.822726411802	3191.018938550469
1.8912	1647.766904340169	3193.578372253265
1.8922	1648.708211032269	3196.1383052042715
1.8932	1649.6466446434913	3198.698735622235
1.8942	1650.5822033359354	3201.2596617268114
1.8952	1651.5148852784066	3203.8210817385657
1.8962	1652.4446886464132	3206.3829938789754
1.8972	1653.3716116221615	3208.9453963704304
1.8982	1654.2956523945534	3211.5082874362374
1.8992	1655.2168091591816	3214.0716653006198
1.9002000000000001	1656.1350801183285	3216.635528188722
1.9012	1657.0504634809586	3219.19987432661
1.9022000000000001	1657.9629574627186	3221.764701941274
1.9032	1658.872560285931	3224.330009260629
1.9042000000000001	1659.7792701795927	3226.8957945135217
1.9052	1660.6830853793688	3229.4620559297246
1.9062000000000001	1661.5840041275915	3232.028791739946
1.9072	1662.4820246732538	3234.5960001758253
1.9082000000000001	1663.377145272008	3237.163679469942
1.9092	1664.2693641861597	3239.7318278558096
1.9102000000000001	1665.158679684667	3242.3004435678863
1.9112	1666.0450900431333	3244.869524841569
1.9122000000000001	1666.928593543806	3247.439069913201
1.9132	1667.809188475571	3250.009077020071
1.9142000000000001	1668.6868731339512	3252.579544400417
1.9152	1669.5616458210989	3255.1504702934258
1.9162000000000001	1670.433504845796	3257.721852939238
1.9172	1671.3024485234478	3260.2936905789475
1.9182000000000001	1672.1684751760788	3262.865981454605
1.9192	1673.0315831323303	3265.438723809218
1.9202	1673.8917707274554	3268.011915886756
1.9212	1674.749650742587	3270.5855559321494
1.9222	1675.607679602197	3273.15964251098
1.9232	1676.4658572546637	3275.73417546838
1.9242	1677.324183648408	3278.3091546496125
1.9252	1678.182658731897	3280.884579900079
1.9262	1679.041282453641	3283.4604510653116
1.9272	1679.9000547621965	3286.036767990978
1.9282	1680.7589756061627	3288.613530522877
1.9292	1681.618044934185	3291.1907385069444
1.9302	1682.4772626949516	3293.768391789244
1.9312	1683.3366288371963	3296.346490215978
1.9322	1684.1961433096958	3298.925033633477
1.9332	1685.0558060612727	3301.5040218882077
1.9342	1685.915617040792	3304.0834548267653
1.9352	1686.775576197164	3306.663332295881
1.9362	1687.6356834793417	3309.243654142415
1.9372	1688.4959388363238	3311.824420213361
1.9382	1689.3563422171515	3314.405630355844
1.9392	1690.2168935709103	3316.9872844171205
1.9402	1691.0775928467294	3319.569382244578
1.9412	1691.938439993782	3322.1519236857353
1.9422	1692.7994349612839	3324.7349085882415
1.9432	1693.6605776984961	3327.318336799878
1.9442	1694.521868154722	3329.902208168555
1.9452	1695.3833062793083	3332.486522542314
1.9462	1696.2448920216457	3335.0712797693263
1.9472	1697.1066253311685	3337.6564796978946
1.9482	1697.9685061573532	3340.242122176449
1.9492	1698.8305344497207	3342.828207053551
1.9502	1699.692710157834	3345.4147341778908
1.9512	1700.5550332313	3348.0017033982895
1.9522	1701.417503619768	3350.589114563694
1.9532	1702.2801212729314	3353.176967523184
1.9542	1703.1428861405254	3355.7652621259654
1.9552	1704.0057981723285	3358.3539982213742
1.9562	1704.8688573181614	3360.9431756588733
1.9572	1705.7320635278888	3363.5327942880554
1.9582	1706.5954167514174	3366.1228539586405
1.9592	1707.458916938696	3368.7133545204765
1.9602	1708.3225640397166	3371.3042958235387
1.9612	1709.1863580045142	3373.8956777179314
1.9622	1710.050298783165	3376.4875000538846
1.9632	1710.914386325789	3379.0797626817566
1.9642	1711.7786205825475	3381.6724654520317
1.9652	1712.6430015036444	3384.2656082153226
1.9662	1713.5075290393258	3386.8591908223666
1.9672	1714.3722031398804	3389.45321312403
1.9682	1715.2370237556381	3392.047674971303
1.9692	1716.101990836972	3394.6425762153044
1.9702	1716.967104334296	3397.2379167072763
1.9712	1717.8323641980674	3399.8336962985895
1.9722	1718.6977703787836	3402.4299148407385
1.9732	1719.5633228269855	3405.026572185344
1.9742	1720.4290214932546	3407.6236681841515
1.9752	1721.294866328215	3410.2212026890325
1.9762	1722.1608572825319	3412.8191755519824
1.9772	1723.0269943069122	3415.4175866251235
1.9782	1723.8932773521042	3418.0164357607
1.9792	1724.7597063688982	3420.615722811082
1.9802	1725.6262813081255	3423.2154476287637
1.9812	1726.4930021206594	3425.815610066365
1.9822	1727.359868757413	3428.4162099766263
1.9832	1728.226881169343	3431.017247212416
1.9842	1729.094039307445	3433.618721626722
1.9852	1729.9613431227576	3436.22063307266
1.9862	1730.8287925663592	3438.8229814034644
1.9872	1731.6963875893698	3441.4257664724964
1.9882	1732.5641281429503	3444.028988133238
1.9892	1733.4320141783032	3446.632646239296
1.9902	1734.3000456466705	3449.2367406443977
1.9912	1735.1682224993363	3451.841271202395
1.9922	1736.0365446876244	3454.44623776726
1.9932	1736.905012162901	3457.051640193089
1.9942	1737.7736248765707	3459.657478334099
1.9952	1738.6423827800807	3462.263752044629
1.9962	1739.5112858249174	3464.8704611791395
1.9972	1740.380333962609	3467.477605592214
1.9982	1741.2495271447224	3470.0851851385546
1.9992	1742.118865322867	3472.693199672988
2.0002	1742.9883484486904	3475.3016490504588
2.0012	1743.857976473882	3477.9105331260334
2.0022	1744.7277493501717	3480.5198517549024
2.0032	1745.5976670293278	3483.12960479237
2.0042	1746.4677294631601	3485.739792093867
2.0052	1747.337936603518	3488.350413514941
2.0062	1748.2082884022916	3490.9614689112623
2.0072	1749.0787848114096	3493.5729581386167
2.0082	1749.9494257828424	3496.1848810529145
2.0092	1750.8202112685985	3498.797237510183
2.0102	1751.691141220728	3501.4100273665717
2.0112	1752.562215591319	3504.0232504783444
2.0122	1753.4334343325002	3506.6369067018877
2.0132	1754.3047973964399	3509.2509958937067
2.0142	1755.176304735346	3511.8655179104253
2.0152	1756.047956301466	3514.4804726087846
2.0162	1756.9197520470861	3517.0958598456455
2.0172	1757.7916919245336	3519.711679477987
2.0182	1758.663775886174	3522.327931362908
2.0192	1759.5360038844117	3524.944615357621
2.0202	1760.4083758716915	3527.5617313194603
2.0212	1761.2808918004969	3530.179279105876
2.0222	1762.153551623351	3532.7972585744387
2.0232	1763.026355292815	3535.41566958283
2.0242	1763.8993027614902	3538.0345119888557
2.0252	1764.7723939820164	3540.653785650434
2.0262000000000002	1765.6456289070732	3543.2734904256045
2.0272	1766.5190074893774	3545.893626172517
2.0282	1767.3925296816867	3548.5141927494446
2.0292	1768.2661954367961	3551.135190014773
2.0302000000000002	1769.1400047075406	3553.7566178270063
2.0312	1770.0139574467923	3556.378476044762
2.0322	1770.888053607464	3559.0007645267765
2.0332	1771.7622931425049	3561.6234831319002
2.0342000000000002	1772.6366760049054	3564.2466317191015
2.0352	1773.5112021476916	3566.87021014746
2.0362	1774.38587152393	3569.4942182761756
2.0372	1775.260684086725	3572.1186559645603
2.0382000000000002	1776.1356397892193	3574.7435230720434
2.0392	1777.0107385845934	3577.368819458166
2.0402	1777.8859804260671	3579.994544982587
2.0412	1778.7613652668977	3582.6206995050784
2.0422000000000002	1779.6368930603808	3585.2472828855284
2.0432	1780.51256375985	3587.8742949839366
2.0442	1781.3883773186776	3590.501735660419
2.0452	1782.2643336902731	3593.1296047752057
2.0462000000000002	1783.140432828085	3595.7579021886413
2.0472	1784.016674685598	3598.38662776118
2.0482	1784.893059216336	3601.0157813533947
2.0492	1785.7695863738609	3603.645362825969