4.00000001e-15	6.302945748716805e-26	4.351707029680875e-12
4.73000011e-15	6.302945614818121e-25	4.385181901361303e-12
4.7599999e-15	6.302945614818122e-24	4.407498337424682e-12
4.91000012e-15	6.302945960723054e-23	4.546975920553448e-12
6.99000006e-15	7.551104552555234e-22	6.471769917429146e-12
9.89999996e-15	8.736777248382057e-21	9.149743617496096e-12
2.71999999e-14	1.0609016168266013e-19	2.5161794911850037e-11
1.27e-13	3.632001829948672e-18	1.1827716915866996e-10
6.93000019e-13	1.185672907833073e-16	6.415978632001786e-10
6.29500011e-12	6.08078550546753e-15	5.824592948002679e-9
1.58099991e-11	3.1003124302611025e-14	1.4628431042178087e-8
3.97200016e-11	1.517072015175184e-13	3.6749608457933496e-8
9.97599989e-11	7.182883240348137e-13	9.22785101539835e-8
2.50600013e-10	3.286319950903816e-12	2.318678910957376e-7
6.29399977e-10	1.4465520754295918e-11	5.824592479357286e-7
1.581e-9	6.08770373800491e-11	1.4628431488507032e-6
3.97200006e-9	2.44063831733988e-10	3.6755189243472444e-6
4.99999997e-9	3.281968243695604e-10	4.626757397902255e-6
9.97599958e-9	8.955255713010489e-10	9.233429602767239e-6
1.98999999e-8	2.3919883842892214e-9	0.000018422227181432718
3.97199997e-8	6.278062742691364e-9	0.00003676076869002455
7.9240003e-8	1.6250836532024102e-8	0.00007336532325373801
1.58099994e-7	4.16625735326936e-8	0.00014639588819459942
1.98999999e-7	5.453023833965633e-8	0.00018433386074536936
3.15499989e-7	1.0165922706985048e-7	0.00029217806962731534
4.99999999e-7	1.8903147176969427e-7	0.00046312206427136807
6.29400006e-7	2.5767685114929705e-7	0.0005830171702744923
7.92399987e-7	3.1427137022985945e-7	0.0007342111002008481
9.97599955e-7	4.2810757754965417e-7	0.000924458816112475
1.58099999e-6	7.937960432939077e-7	0.0014650748047310871
2.5060001e-6	1.4703190805623745e-6	0.002323142055344789
3.97199983e-6	2.7221601762999334e-6	0.003682771814327159
4.99999987e-6	3.533363099754519e-6	0.0046373577214907395
6.29399983e-6	4.806516235215354e-6	0.005835750937290783
7.92399987e-6	6.540169783530463e-6	0.007353269471100201
9.976e-6	8.892769939745593e-6	0.00925574675295693
0.00001256	0.000012094398348582906	0.011660343673287213
0.0000158099992	0.000015620397121178308	0.014678642936844455
0.0000199000006	0.00002124302644498996	0.018483597411292123
0.0000250600006	0.000028880830841330063	0.02327605434054899
0.0000315500001	0.00003712564126311091	0.02931265286766347
0.0000397199983	0.00005047980272260657	0.03691698437848694
0.0000499999987	0.0000686465036822138	0.046485161459495654
0.000062940002	0.00009329613847355502	0.058524884735550106
0.0000792400024	0.00012686900357063158	0.07375585817897791
0.00009976	0.00016207320464182103	0.09283642021870118
0.000110499997	0.00018047310421780854	0.10287881834411962
0.000125599996	0.00020531130997545192	0.1169381856728409
0.000158099996	0.0002791452756081232	0.14728854831510826
0.000199000002	0.0003629546942646731	0.18550547199285877
0.0002	0.0003652221626504233	0.1864462707257967
0.0012000000000000001	0.0013087123297136729	1.1277314456735463
0.0022	0.0024464107909377046	2.0689460723115425
0.0032	0.003834138158553995	3.01074051735494
0.0042	0.005432998611980342	3.9530085763711003
0.0052	0.007204748479297192	4.895677131653118
0.0062	0.00913021907107402	5.838700193432477
0.0072	0.011195606306660897	6.782043954492657
0.0082	0.013390742314792314	7.7256823818861875
0.009200000000000002	0.015707963923905676	8.669594740035306
0.0102	0.018143823564818258	9.613761412477249
0.0112	0.020657057278977632	10.55806229558154
0.0122	0.023282272208748563	11.502587709986308
0.013200000000000002	0.026016209205193767	12.447328414588409
0.0142	0.028856325292400026	13.39227632399362
0.0152	0.031800590070178214	14.337424314352905
0.0162	0.03484754190245582	15.282766066943347
0.0172	0.037997001671479916	16.228295953479318
0.0182	0.04124996672197944	17.174008989714427
0.0192	0.04460598626335317	18.119900795664538
0.0202	0.048064737788083026	19.065967424627807
0.0212	0.0516260981240443	20.01220530505251
0.022199999999999998	0.05529006477815108	20.958611196819046
0.0232	0.05905671157280816	21.905182151858792
0.0242	0.06292621403642326	22.85191547962224
0.0252	0.06689882361686297	23.79880871934816
0.0262	0.07097515737971571	24.745859615652442
0.0272	0.07515643625590623	25.693066108780727
0.0282	0.07944318300359575	26.64042633563156
0.0292	0.08383591133502652	27.58793858386921
0.030199999999999998	0.08833516941390217	28.53560127610681
0.0312	0.0929415898620939	29.483412957615702
0.0322	0.09765577724469744	30.431372287256135
0.0332	0.10247833579669172	31.379478026013672
0.0342	0.10740992765621812	32.32772902774452
0.0352	0.1124512173896851	33.27612423272082
0.0362	0.1176027740716623	34.22466266035793
0.0372	0.12286532704672785	35.17334339997079
0.0382	0.128239615943256	36.12216560945719
0.0392	0.13372622214877122	37.071128510213185
0.0402	0.13932589364494072	38.0202313781895
0.0412	0.14503941067127493	38.96947354396942
0.0422	0.15086734686816886	39.918854389616804
0.0432	0.15681055377901995	40.86837334005581
0.044199999999999996	0.1628698469269883	41.8180298665563
0.0452	0.16904588605347487	42.76782348279489
0.0462	0.1753395530936481	43.7177537385512
0.0472	0.18175166070070928	44.667820222187416
0.0482	0.18828276432629115	45.61802255677919
0.0492	0.194934236272979	46.56836039248132
0.0502	0.20170665205928823	47.518833421648665
0.0512	0.20860111994668096	48.46944136031385
0.0522	0.2156184459633543	49.42018395727645
0.0532	0.22275958052118772	50.37106098640685
0.0542	0.2300258248789887	51.32207224790244
0.0552	0.23741758817192624	52.27321757341932
0.0562	0.244935969929157	53.224496808081284
0.0572	0.25258212952605175	54.17590982209435
0.0582	0.2603577082040545	55.127456510451836
0.0592	0.26826428566124766	56.07913679993709
0.0602	0.2763018883047567	57.03095064659781
0.0612	0.2844712309406776	57.98289800832507
0.0622	0.29277279959056635	58.934978856136894
0.0632	0.3012108547512297	59.88719316957669
0.06420000000000001	0.30978649988976314	60.8395409963606
0.06520000000000001	0.3184970465502287	61.792022400114725
0.06620000000000001	0.3273442016618791	62.74463740118455
0.06720000000000001	0.33633488097219627	63.697386044637554
0.06820000000000001	0.34546187323911176	64.65026847795228
0.06920000000000001	0.35473398354783664	65.60328473773896
0.07020000000000001	0.3641495824944837	66.55643498722574
0.07120000000000001	0.37370870599959316	67.50971936182461
0.07220000000000001	0.3834172999116892	68.46313799319992
0.0732	0.3932662445324181	69.41669109256729
0.0742	0.4032721762879191	70.37037873975298
0.0752	0.41343691309366387	71.32420123690257
0.0762	0.4237415768732484	72.27815890345367
0.0772	0.43421051601011945	73.23225180105082
0.0782	0.4448495894941461	74.1864803057795
0.0792	0.4556627148182601	75.14084485903372
0.08020000000000001	0.4658608878936086	76.09534594077911
0.08120000000000001	0.4730770141194816	77.04997427772399
0.08220000000000001	0.4809378580830637	78.00469148240904
0.08320000000000001	0.49149927995662346	78.95950425578143
0.08420000000000001	0.5041618634025955	79.91444391330003
0.08520000000000001	0.5170591957421434	80.86953395592917
0.08620000000000001	0.5301966645846512	81.82477537377906
0.08720000000000001	0.5434248537830139	82.78016919649271
0.0882	0.5563291349388325	83.73571473274534
0.0892	0.5697021588370109	84.69140656929443
0.0902	0.5836193760404137	85.64724832188988
0.0912	0.5983683227282725	86.60324435141156
0.0922	0.613394147795781	87.55940209965131
0.0932	0.6286996918253809	88.51572281561624
0.0942	0.6442858131204745	89.47220775202189
0.0952	0.6601523411362575	90.42885814414831
0.09620000000000001	0.6763045220941272	91.38567519942245
0.09720000000000001	0.692927407263036	92.34266015466454
0.09820000000000001	0.7106490186389909	93.29981611012407
0.09920000000000001	0.7289797277169665	94.25715252081274
0.10020000000000001	0.7472580801073166	95.21467371854897
0.10120000000000001	0.7649810350259162	96.1723773471552
0.10220000000000001	0.7824164887688366	97.13025611317782
0.10320000000000001	0.8001362715083808	98.08830547878495
0.10420000000000001	0.8181429701689037	99.04652654600007
0.1052	0.8364391743439019	100.00492042052115
0.1062	0.8550274637992781	100.96348821164156
0.1072	0.8739104084218395	101.92223103205585
0.1082	0.8930905681731984	102.88114999767241
0.1092	0.9125704930487933	103.84024622743269
0.1102	0.9323527230417817	104.79952084313653
0.11120000000000001	0.952439788111542	105.75897496927368
0.11220000000000001	0.9728342081565536	106.71860973286081
0.11320000000000001	0.9935384929914468	107.67842626328445
0.11420000000000001	1.0145551423279786	108.63842569214899
0.11520000000000001	1.0358866457597524	109.59860915312996
0.11620000000000001	1.0575354827504704	110.55897778183231
0.11720000000000001	1.0795041226255506	111.51953271565334
0.11820000000000001	1.1017950245669115	112.48027509365038
0.11920000000000001	1.1244106376107394	113.44120605641275
0.1202	1.1473534006481545	114.40232674593817
0.1212	1.1706257424285462	115.36363830551318
0.1222	1.194230081565368	116.32514187959748
0.1232	1.218168826544433	117.2868386137123
0.1242	1.242444375734418	118.24872965433227
0.1252	1.2670591173995707	119.21081614878089
0.1262	1.292015429714277	120.17309924512956
0.1272	1.3173156807796698	121.13558009209986
0.1282	1.3429622286419343	122.09825983896886
0.1292	1.3689574213123068	123.06113963547793
0.1302	1.3953035967886256	124.02422063174404
0.1312	1.422003083078361	124.9875039781744
0.1322	1.4490582288026481	125.9509908253835
0.1332	1.4764715240105242	126.91468232434309
0.1342	1.504245430357242	127.8785796274359
0.13520000000000001	1.5323819020525655	128.84268388821985
0.13620000000000002	1.5608830903620878	129.80699625764083
0.13720000000000002	1.589751297417924	130.771517885537
0.13820000000000002	1.6189887817157096	131.7362499217649
0.13920000000000002	1.6485977921059523	132.70119351588292
0.14020000000000002	1.6785805678286163	133.66634981708836
0.14120000000000002	1.708939338548278	134.63171997415674
0.14220000000000002	1.7396763243898326	135.59730513538273
0.14320000000000002	1.77079373597469	136.56310644852346
0.14420000000000002	1.8022937744573824	137.52912506074327
0.1452	1.8341786315624704	138.4953621185603
0.1462	1.866450489621788	139.4618187677952
0.1472	1.8991115216121042	140.42849615352085
0.1482	1.9321638911926902	141.39539542001424
0.1492	1.9656097527432013	142.36251771070968
0.1502	1.9994512514016662	143.32986416815353
0.1512	2.033690523102519	144.2974359339604
0.1522	2.068329538052752	145.26523414877073
0.1532	2.1033694105678835	146.23325995118662
0.1542	2.1388108823513208	147.20151447222685
0.1552	2.1746568074581445	148.16999883303316
0.1562	2.2109103440164426	149.13871415868775
0.1572	2.2475747607570766	150.1076615800816
0.1582	2.2846518742345876	151.0768422345238
0.1592	2.3221437523962054	152.04625725642575
0.1602	2.3600524551177315	153.01590777893716
0.1612	2.398738933226396	153.9857949339192
0.1622	2.4396891413875124	154.95592206734452
0.1632	2.483098390087985	155.92630165477655
0.1642	2.5289685921677685	156.89694721711692
0.1652	2.5773017551940214	157.86787212222504
0.16620000000000001	2.6280999800918634	158.83908958827107
0.16720000000000002	2.68136545981255	159.8106126869996
0.16820000000000002	2.737100478037885	160.78245434690743
0.16920000000000002	2.7953074079197417	161.75462735633798
0.17020000000000002	2.855988710853584	162.7271443664951
0.17120000000000002	2.919146935284963	163.70001789437904
0.17220000000000002	2.984784715547927	164.67326032564642
0.17320000000000002	3.05290477073443	165.6468839173976
0.17420000000000002	3.1235099035937264	166.6209008008925
0.17520000000000002	3.196602999460904	167.5953229841984
0.1762	3.2721870252136545	168.57016235477056
0.1772	3.350265028256427	169.54543068196884
0.1782	3.430840135531173	170.5211396195114
0.1792	3.5139155525538888	171.49730070786796
0.1802	3.5994945624761914	172.47392537659425
0.1812	3.6875805251712137	173.45102494660938
0.1822	3.7781768763431005	174.42861063241796
0.1832	3.871287126659423	175.40669354427845
0.1842	3.966914860905865	176.38528469031948
0.1852	4.065063737162545	177.36439497860567
0.1862	4.165737486001346	178.34403521915428
0.1872	4.26893990970369	179.32421612590431
0.1882	4.3746748814981515	180.3049483186394
0.1892	4.48294634481737	181.2862423248655
0.1902	4.593758312573757	182.26810858164544
0.1912	4.707114866453418	183.25055743739057
0.1922	4.823020156227842	184.23359915361155
0.1932	4.941478399082872	185.21724390662908
0.1942	5.062493878964448	186.2015017892456
0.1952	5.186070945940713	187.1863828123794
0.1962	5.312214015580032	188.17189690666171
0.19720000000000001	5.440927568344494	189.15805392399835
0.19820000000000002	5.572216148998475	190.14486363909634
0.19920000000000002	5.706084366031905	191.13233575095694
0.20020000000000002	5.842536891097827	192.12047988433577
0.20120000000000002	5.98157845846385	193.1093055911708
0.20220000000000002	6.123213864477206	194.0988223519794
0.20320000000000002	6.267447967042989	195.08903957722507
0.20420000000000002	6.414285685115278	196.0799666086545
0.20520000000000002	6.563731998200826	197.07161272060637
0.20620000000000002	6.7157919458749324	198.0639871212917
0.20720000000000002	6.87047062730929	199.0570989540474
0.20820000000000002	7.027773200811419	200.0509572985633
0.2092	7.1877048833754325	201.0455711720831
0.2102	7.350270950243896	202.0409495305806
0.2112	7.515476734480403	203.03710126991118
0.2122	7.6833276265527095	204.03403522693952
0.2132	7.8538290739261285	205.0317601806443
0.2142	8.026986580666902	206.03028485319987
0.2152	8.202805707055367	207.02961791103618
0.2162	8.381292069208671	208.02976796587723
0.2172	8.562451338712737	209.03074357575818
0.2182	8.746289242263389	210.03255324602264
0.2192	8.93281156131628	211.03520543029944
0.2202	9.122024131745532	212.03870853146034
0.2212	9.31393284351081	213.04307090255867
0.2222	9.508543640332674	214.04830084774952
0.2232	9.705862519376003	215.0544066231919
0.2242	9.90589553094129	216.06139643793327
0.2252	10.108648778163678	217.069278454777
0.2262	10.314128416719486	218.07806079113297
0.2272	10.522340654540148	219.08775151985202
0.22820000000000001	10.733291751533283	220.0983586700441
0.22920000000000001	10.946988019310881	221.10989022788132
0.23020000000000002	11.163435820924288	222.12235413738543
0.23120000000000002	11.382641570605982	223.1357583012006
0.23220000000000002	11.60461173351789	224.1501105813518
0.23320000000000002	11.829352825506136	225.16541879998874
0.23420000000000002	12.056871412862144	226.18169074011647
0.23520000000000002	12.2871741120898	227.19893414631193
0.23620000000000002	12.520267589678742	228.21715672542786
0.23720000000000002	12.756158561883453	229.23636614728332
0.23820000000000002	12.994853794508233	230.2565700453422
0.23920000000000002	13.236360102697683	231.2777760173787
0.2402	13.480684350732863	232.29999162613163
0.2412	13.727833451832772	233.32322439994635
0.2422	13.977814367961127	234.34748183340545
0.2432	14.230634109638391	235.37277138794826
0.2442	14.486299735758859	236.39910049247942
0.2452	14.744818353412679	237.42647654396646
0.2462	15.00619711771284	238.45490690802734
0.2472	15.270443231626867	239.48439891950744
0.2482	15.537563945813217	240.51495988304652
0.2492	15.807566558462279	241.54659707363604
0.2502	16.080458415141877	242.5793177371669
0.2512	16.356246908647144	243.61312909096756
0.2522	16.634939478854772	244.64803832433333
0.2532	16.91654361258144	245.68405259904642
0.2542	17.201066843446434	246.72117904988733
0.2552	17.48851675173836	247.7594247851377
0.2562	17.77890096428578	248.79879688707462
0.2572	18.07222715433183	249.8393024124568
0.2582	18.36850304141271	250.8809483930028
0.2592	18.667736391239796	251.92374183586108
0.2602	18.969935015585673	252.9676897240727
0.2612	19.27510677217359	254.0127990170261
0.2622	19.583259564570625	255.05907665090498
0.2632	19.894401342084244	256.1065295391283
0.2642	20.208540099662407	257.15516457278386
0.2652	20.525683877796883	258.2049886210543
0.2662	20.84584076243008	259.25600853163706
0.2672	21.169018884864897	260.3082311311568
0.2682	21.495226421677984	261.36166322557204
0.2692	21.824471594635966	262.4163116005751
0.2702	22.156762670614842	263.4721830219858
0.2712	22.49210796152236	264.52928423613906
0.2722	22.830515824223358	265.58762197026624
0.2732	23.17199466046813	266.64720293287144
0.2742	23.516552916823454	267.7080338141008
0.2752	23.864199084606685	268.7701212861073
0.2762	24.21494169982238	269.83347200340916
0.2772	24.56878934310182	270.89809260324336
0.2782	24.925750639645123	271.9639897059136
0.2792	25.28583425916606	273.03116991513326
0.2802	25.649048915839305	274.0996398183628
0.2812	26.015403368250496	275.1694059871428
0.2822	26.38490641934848	276.24047497742146
0.2832	26.757566916400283	277.3128533298777
0.2842	27.133393750948336	278.3865475702394
0.2852	27.5123958587702	279.4615642095969
0.2862	27.894582219840558	280.53790974471224
0.2872	28.279961858295522	281.6155906583237
0.2882	28.668543842399288	282.69461341944617
0.28919999999999996	29.060337284512816	283.77498448366674
0.29019999999999996	29.455351341065082	284.85671029343706
0.29119999999999996	29.853595212526066	285.93979727836046
0.29219999999999996	30.255078143382185	287.0242518554759
0.29319999999999996	30.659809422113696	288.1100804295374
0.29419999999999996	31.06779838117417	289.1972893932899
0.29519999999999996	31.47905439697203	290.28588512774115
0.29619999999999996	31.893586889854117	291.37587400242995
0.29719999999999996	32.3114053240911	292.46726237569044
0.29819999999999997	32.73251920786508	293.5600565949134
0.29919999999999997	33.15693809325883	294.6542629968032
0.30019999999999997	33.5846715762471	295.7498879076318
0.30119999999999997	34.0157292966898	296.84693764348935
0.30219999999999997	34.45012093832685	297.94541851053117
0.30319999999999997	34.88785622877503	299.0453368052216
0.30419999999999997	35.32894493952653	300.14669881457473
0.30519999999999997	35.77339688594919	301.24951081639153
0.30619999999999997	36.22122192728866	302.35377907949453
0.3072	36.672429966672006	303.4595098639588
0.3082	37.127030951113305	304.5667094213403
0.3092	37.58503487152064	305.6753839949015
0.3102	38.04645176270489	306.7855398198333
0.3112	38.51129170339008	307.8971831234749
0.3122	38.97956481622533	309.0103201255307
0.3132	39.45128126779841	310.1249570382841
0.3142	39.926451268650844	311.2411000668091
0.3152	40.405085073294494	312.3587554091789
0.3162	40.88719298022974	313.4779292566721
0.3172	41.37278533196504	314.59862779397616
0.3182	41.861872515038165	315.7208571993887
0.3192	42.354464960038676	316.84462364501593
0.3202	42.85057314163194	317.96993329696886
0.3212	43.35020757858462	319.09679231555725
0.3222	43.85337883379143	320.2252068554809
0.3232	44.36009751430344	321.3551830660191
0.3242	44.87037427135758	322.4867270912173
0.3252	45.384219800407685	323.619845070072
0.3262	45.90164484115665	324.7545431367133
0.3272	46.42266017759022	325.89082742058525
0.3282	46.94727663801167	327.028704046624
0.3292	47.47550509507821	328.1681791354344
0.3302	48.007356465838406	329.309258803464
0.3312	48.54284171177086	330.4519491631752
0.3322	49.081971838824245	331.5962563232155
0.3332	49.62475789745856	332.7421863885861
0.3342	50.17121098268751	333.8897454608079
0.3352	50.721342234122226	335.0389396380863
0.3362	51.275162836016044	336.1897750154739
0.3372	51.832684017310534	337.3422576850315
0.3382	52.393917051682784	338.49639373598694
0.3392	52.95887325759364	339.65218925489285
0.3402	53.52756399833724	340.8096503257822
0.3412	54.10000068209168	341.9687830303222
0.3422	54.67619476197067	343.12959344796684
0.3432	55.256157736076474	344.2920876561076
0.3442	55.83990114755379	345.4562717302222
0.3452	56.4274365846449	346.62215174402286
0.3462	57.01877568074561	347.7897337696014
0.3472	57.61393011446258	348.9590238775744
0.3482	58.21291160967157	350.13002813722596
0.3492	58.815731935576586	351.30275261664906
0.3502	59.4224029067703	352.47720338288576
0.3512	60.032936383295365	353.6533865020657
0.35219999999999996	60.64734427070673	354.8313080395433
0.35319999999999996	61.265638520135184	356.01097406003373
0.35419999999999996	61.88783112835146	357.1923906277473
0.35519999999999996	62.5139341378318	358.3755638065225
0.35619999999999996	63.14395963682416	359.560499659958
0.35719999999999996	63.77791975941557	360.74720425154294
0.35819999999999996	64.41582668560038	361.93568364478637
0.35919999999999996	65.05769264134953	363.12594390334516
0.36019999999999996	65.70352989868067	364.3179910911508
0.36119999999999997	66.35335077572931	365.511831272535
0.36219999999999997	67.00716763682077	366.7074705123538
0.36319999999999997	67.66499289254328	367.90491487611104
0.36419999999999997	68.32683899982177	369.10417043008033
0.36519999999999997	68.99271846199265	370.3052432414258
0.36619999999999997	69.66264382887955	371.5081393783219
0.36719999999999997	70.33662769686995	372.7128649100724
0.36819999999999997	71.01468270899248	373.91942590722743
0.3692	71.69682155499542	375.1278284417003
0.3702	72.38305697142597	376.33807858688294
0.3712	73.07340174171013	377.55018241776037
0.3722	73.76786869623393	378.7641460110241
0.3732	74.46647071242504	379.9799754451844
0.3742	75.1692207148355	381.19767680068196
0.3752	75.87613167522531	382.4172561599982
0.3762	76.5872166126466	383.63871960776476
0.3772	77.30248859352896	384.86207323087217
0.3782	78.02196073176536	386.08732311857733
0.3792	78.74564618879901	387.31447536261044
0.3802	79.47355817371098	388.5435360572807
0.3812	80.20570994330866	389.7745112995812
0.3822	80.94211480221503	391.0074071892933
0.3832	81.68278610295864	392.24222982908935
0.3842	82.42773724606454	393.4789853246355
0.3852	83.17698168014587	394.71767978469313
0.3862	83.93053290199633	395.95831932121945
0.3872	84.68840445668324	397.20091004946755
0.3882	85.45060993764181	398.44545808808573
0.3892	86.21716298676961	399.6919695592154
0.3902	86.9880772945221	400.940450588589
0.3912	87.7633666000091	402.1909073056267
0.3922	88.54304469109178	403.44334584353277
0.3932	89.32712540448024	404.6977723393905
0.3942	90.11562262583232	405.9541929342571
0.3952	90.90855028985277	407.2126137732577
0.3962	91.70592238039318	408.4730410056783
0.3972	92.50775293055304	409.73548078505854
0.3982	93.31405602278095	410.9999392692836
0.3992	94.12484578897694	412.26642262067503
0.4002	94.94013641059553	413.53493700608175
0.4012	95.7599421187494	414.8054885969698
0.4022	96.5842771943136	416.0780835695112
0.4032	97.413155968031	417.3527281046732
0.4042	98.24659282061788	418.62942838830577
0.4052	99.08460218287051	419.90819061122926
0.4062	99.9271985357726	421.1890209693213
0.4072	100.77439641060303	422.4719256636025
0.4082	101.62621038904464	423.75691090032274
0.4092	102.4826551032936	425.0439828910457
0.4102	103.34374523616935	426.3331478527335
0.4112	104.20949552122565	427.6244120078308
0.4122	105.07992074286162	428.917781584348
0.4132	105.95503573643418	430.21326281594406
0.4142	106.83485538837081	431.510861942009
0.4152	107.71939463628293	432.8105852077455
0.4162	108.60866846908019	434.1124388642502
0.41719999999999996	109.50269192708528	435.4164291685945
0.41819999999999996	110.4014801021497	436.7225623839052
0.41919999999999996	111.30504813776952	438.0308447794435
0.42019999999999996	112.21341122920255	439.3412826306849
0.42119999999999996	113.12658462358596	440.6538822193978
0.42219999999999996	114.04458362005423	441.96864983372194
0.42319999999999997	114.96742356985834	443.28559176824626
0.42419999999999997	115.89511987648501	444.6047143240862
0.42519999999999997	116.82768799577717	445.92602380896096
0.42619999999999997	117.7651434360546	447.2495265372697
0.42719999999999997	118.70750175823554	448.57522883016776
0.42819999999999997	119.65477857595899	449.9031370156427
0.42919999999999997	120.60698955570733	451.23325742858907
0.43019999999999997	121.56415041692983	452.56559641088336
0.43119999999999997	122.52627693216697	453.9001603114587
0.4322	123.4933849271749	455.23695548637846
0.4332	124.46549028105119	456.5759882989104
0.4342	125.4426089263606	457.91726511959934
0.4352	126.42475684926211	459.26079232634066
0.4362	127.41195008963585	460.60657630445206
0.4372	128.4042047412115	461.9546234467463
0.4382	129.4015369516966	463.3049401536027
0.4392	130.40396292290615	464.65753283303826
0.4402	131.41149891089213	466.0124079007792
0.4412	132.4241612260743	467.3695717803311
0.4422	133.4419662333713	468.7290309030498
0.4432	134.4649303523324	470.09079170821076
0.4442	135.49307005727002	471.45486064307926
0.4452	136.52640187739271	472.8212441629794
0.4462	137.56494239693896	474.1899487313632
0.4472	138.6087082553113	475.56098081987926
0.4482	139.6577161472115	476.9343469084412
0.4492	140.7119828227759	478.31005348529567
0.4502	141.77152508771186	479.6881070470901
0.4512	142.83635980343442	481.0685140989401
0.4522	143.90650388720368	482.45128115449677
0.4532	144.98197431226302	483.83641473601335
0.4542	146.0627881079777	485.22392137441216
0.4552	147.14896235997418	486.61380760935043
0.4562	148.2405142102801	488.0060799892868
0.4572	149.33746085746475	489.4007450715466
0.4582	150.4398195567802	490.79780942238796
0.4592	151.54760762030315	492.1972796170663
0.4602	152.6608424170774	493.5991622398998
0.4612	153.7795413732566	495.00346388433394
0.4622	154.9037219722483	496.41019115300617
0.4632	156.03340175485766	497.8193506578097
0.4642	157.16859831943285	499.2309490199578
0.4652	158.30932932201014	500.64499287004753
0.4662	159.45561247646012	502.06148884812296
0.4672	160.60746555463436	503.48044360373865
0.4682	161.76490638651288	504.90186379602284
0.4692	162.92795286035178	506.32575609373976
0.4702	164.09662292283207	507.75212717535277
0.4712	165.27093457920864	509.1809837290864
0.4722	166.4509058934601	510.6123324529886
0.4732	167.63655498843903	512.0461800549926
0.4742	168.82790004602322	513.4825332529791
0.4752	170.02495930726684	514.9213987748369
0.4762	171.2277510725531	516.3627833585252
0.4772	172.43629370174682	517.8066937521344
0.4782	173.6506056143479	519.2531367139468
0.4792	174.87070528964526	520.7021190124976
0.48019999999999996	176.09661126687155	522.1536474266355
0.48119999999999996	177.32834214535865	523.6077287455832
0.48219999999999996	178.5659165846928	525.0643697689972
0.48319999999999996	179.80935330487216	526.5235773070283
0.48419999999999996	181.0586710864627	527.9853581803811
0.48519999999999996	182.31388877075702	529.4497192203743
0.48619999999999997	183.57502525993172	530.9166672689994
0.48719999999999997	184.84209951720683	532.3862091789806
0.48819999999999997	186.11513056700528	533.858351813834
0.48919999999999997	187.3941374951128	535.3331020479264
0.49019999999999997	188.6791394488387	536.8104667665344
0.49119999999999997	189.9701556371776	538.2904528659033
0.49219999999999997	191.26720533097097	539.773067253305
0.49319999999999997	192.57030786306964	541.2583168470973
0.4942	193.8794826284974	542.7462085767816
0.4952	195.19474908461456	544.2367493830614
0.4962	196.51612675128203	545.7299462179
0.4972	197.84363521102696	547.2258060445788
0.4982	199.1772941092078	548.7243358377547
0.4992	200.51712315418092	550.2255425835177
0.5002	201.86314211746728	551.7294332794488
0.5012	203.21537083391974	553.2360149346769
0.5022	204.57382920189139	554.745294569936
0.5032	205.9385371834042	556.2572792176232
0.5042	207.3095148043182	557.7719759218545
0.5052	208.68678215450134	559.2893917385222
0.5062	210.07035938800007	560.8095337353518
0.5072	211.46026672321062	562.3324089919586
0.5082	212.85652444305063	563.8580245999042
0.5092	214.2591528951314	565.3863876627529
0.5102	215.66817249193102	566.917505296128
0.5112	217.0836037109679	568.451384627768
0.5122	218.50546709497507	569.9880327975831
0.5132	219.93378325207502	571.5274569577108
0.5142	221.36857285595482	573.0696642725719
0.5152	222.80985664604262	574.6146619189266
0.5162	224.2576554276842	576.1624570859301
0.5172	225.71199007232002	577.7130569751881
0.5182	227.17288151766343	579.2664688008126
0.5192	228.640203822679	580.8226997894774
0.5202	230.11321788746764	582.3817568978864
0.5212	231.5912535487245	583.9436456352703
0.5222	233.0743232962084	585.5083702034061
0.5232	234.56243964604238	587.0759348118962
0.5242	236.0556151407653	588.646343678173
0.5252	237.55386234938484	590.2196010275054
0.5262	239.0571938674294	591.7957110930035
0.5272	240.56562231700127	593.3746781156256
0.5282	242.07916034682856	594.9565063441821
0.5292	243.5978206323186	596.5412000353432
0.5302	245.12161587561053	598.1287634536437
0.5312	246.65055880562815	599.7192008714892
0.5322	248.18466217813307	601.3125165691617
0.5332	249.72393877577795	602.9087148348265
0.5342	251.26840140815938	604.507799964537
0.5352	252.81806291187183	606.1097762622421
0.5362	254.3729361505604	607.7146480397919
0.5372	255.93303401497485	609.3224196169434
0.5382	257.49836942302306	610.9330953213679
0.5392	259.0689553198245	612.5466794886562
0.5402	260.64480467776474	614.1631764623259
0.5412	262.22593049654864	615.7825905938272
0.5422	263.8107805686736	617.40492624255
0.5432	265.39304236105494	619.0301848932618
0.5442	266.9724616261002	620.6583564001663
0.5452	268.5490078240384	622.289430187408
0.5462	270.12265050916557	623.9233956619112
0.5472	271.69335933034193	625.5602422136478
0.5482	273.2611040314816	627.1999592159026
0.5492	274.8258544520383	628.8425360255382
0.5502	276.38758052748426	630.4879619832583
0.5512	277.94625228978424	632.136226413871
0.5522	279.5018398678635	633.7873186265498
0.5532	281.05431348807036	635.4412279150941
0.5542	282.60364347463405	637.0979435581894
0.5552	284.1498002501154	638.7574548196648
0.5562	285.69275433585335	640.4197509487507
0.5572	287.2324763524062	642.0848211803358
0.5582	288.76893701998574	643.7526547352212
0.5592	290.30210715888836	645.4232408203758
0.5602	291.8319576899182	647.0965686291885
0.5612	293.35845963480745	648.7726273417211
0.5622	294.8815841166293	650.4514061249591
0.5632	296.40130236020644	652.1328941330615
0.5642	297.9175856925145	653.8170805076102
0.5652	299.43040554307936	655.5039543778574
0.5662	300.9397334443701	657.1935048609732
0.5672	302.4455410321864	658.885721062291
0.5682	303.94780004604	660.5805920755522
0.5692	305.4464823295323	662.2781069831501
0.5702	306.9415598307255	663.9782548563725
0.5712	308.43300460250964	665.6810247556433
0.5722	309.92078880296384	667.3864057307636
0.5732	311.4048846957125	669.0943868211504
0.5742	312.8852646502768	670.8049570560754
0.5752	314.3619011424206	672.5181054549028
0.5762	315.8347667544918	674.2338210273249
0.5771999999999999	317.3038341757583	675.9520927735985
0.5781999999999999	318.7690762027395	677.6729096847783
0.5791999999999999	320.23046573953195	679.3962607429506
0.5801999999999999	321.6879757981306	681.1221349214649
0.5811999999999999	323.14157949874556	682.8505211851658
0.5821999999999999	324.59125007011295	684.581408490623
0.5831999999999999	326.0369608498015	686.3147857863593
0.5841999999999999	327.4786852845143	688.05064201308
0.5851999999999999	328.9163969303856	689.7889661038994
0.5861999999999999	330.3500694532724	691.529746984566
0.5871999999999999	331.7796766290421	693.2729735736885
0.5882	333.20519234385466	695.0186347829588
0.5892	334.62659059444	696.7667195173749
0.5902	336.04384548837146	698.5172166754633
0.5912	337.4569312443335	700.2701151494986
0.5922	338.86582219238545	702.0254038257243
0.5932	340.27049277422043	703.7830715845706
0.5942	341.67091754341936	705.5431073008723
0.5952	343.06707116570067	707.3054998440854
0.5962	344.4589284191656	709.0702380785026
0.5972	345.846464194538	710.8373108634675
0.5982	347.22965349540084	712.6067070535885
0.5992	348.6084714384272	714.3784154989509
0.6002	349.98289325360764	716.1524250453284
0.6012	351.35289428447163	717.9287245343934
0.6022	352.71844998830653	719.7073028039262
0.6032	354.0795359363705	721.4881486880237
0.6042	355.4361278141017	723.2712510173062
0.6052	356.78820142132287	725.0565986191239
0.6062	358.1357326724419	726.8441803177619
0.6072	359.4786975966475	728.6339849346448
0.6082	360.8170723381011	730.4260012885394
0.6092	362.15083315612424	732.2202181957572
0.6102	363.479956425381	734.0166244703552
0.6112	364.8044186360578	735.8152089243364
0.6122	366.1241963940371	737.6159603678484
0.6132	367.43926642106834	739.418867609382
0.6142	368.7496055549338	741.2239194559679
0.6152	370.0551907496108	743.0311047133729
0.6162	371.35599907542934	744.8404121862949
0.6172	372.65200771922594	746.6518306785568
0.6182	373.94319398449323	748.4653489932999
0.6192	375.22953529152574	750.2809559331755
0.6202	376.51100917756094	752.098640300536
0.6212	377.7875932969171	753.918390897625
0.6222	379.05926542112667	755.7401965267666
0.6232	380.32600343906546	757.5640459905525
0.6242	381.5877853570784	759.3899280920299
0.6252	382.8445892991011	761.2178316348871
0.6262	384.09639350677725	763.0477454236388
0.6272	385.34317633957255	764.8796582638097
0.6282	386.5849162748844	766.7135589621175
0.6292	387.8215919081479	768.5494363266556
0.6302	389.05318195293813	770.3872791670733
0.6312	390.2796652410683	772.2270762947566
0.6322	391.5010207226843	774.0688165230066
0.6332	392.7172274663553	775.9124886672181
0.6342	393.9282646591614	777.7580815450565
0.6352	395.1341116067761	779.6055839766339
0.6362	396.3347477335464	781.4549847846841
0.6372	397.5301525825685	783.3062727947375
0.6382	398.72030581575996	785.1594368352931
0.6392	399.9051872139284	787.0144657379918
0.6402	401.08477667683655	788.871348337787
0.6412	402.25905422326355	790.7300734731156
0.6422	403.42799999106245	792.5906299860659
0.6432	404.59159423721496	794.4530067225478
0.6442	405.7498173378818	796.3171925324589
0.6452	406.9026497884499	798.1831762698513
0.6462	408.05007220357624	800.0509467930971
0.6472	409.1920653172281	801.9204929650531
0.6482	410.32860998271974	803.791803653224
0.6492	411.4596871727456	805.6648677299249
0.6502	412.58527797941053	807.5396740724439
0.6512	413.7053636142564	809.4162115632015
0.6522	414.81992540828486	811.2944690899116
0.6532	415.9289448119776	813.174435545739
0.6542	417.03240339531277	815.0560998294585
0.6552	418.13028284777823	816.9394508456114
0.6562	419.22256497838134	818.8244775046611
0.6572	420.30923171565587	820.7111687231487
0.6582	421.39026510766547	822.5995134238469
0.6592	422.4656473220036	824.4895005359133
0.6602	423.53536064579083	826.3811189950426
0.6612	424.5993874856687	828.2743577436175
0.6622	425.6577103677903	830.1692057308602
0.6632	426.71031193780794	832.0656519129809
0.6642	427.75717496085764	833.9636852533268
0.6652	428.7982823215403	835.8632947225298
0.6662	429.8336170239003	837.7644692986528
0.6672	430.8631621914004	839.667197967336
0.6682	431.8869010668942	841.5714697219419
0.6692	432.9048170125952	843.4772735636986
0.6702	433.916893510043	845.384598501844
0.6712	434.92311416006663	847.2934335537668
0.6722	435.9234626827447	849.2037677451484
0.6732	436.91792291736294	851.1155901101037
0.6742	437.90647882236834	853.0288896913195
0.6752	438.8891144753209	854.9436555401943
0.6762	439.8658140728422	856.859876716975
0.6772	440.83656193056146	858.7775422908948
0.6782	441.8013424830579	860.6966413403076
0.6792	442.7601402838018	862.6171629528247
0.6802	443.712940005091	864.5390962254478
0.6812	444.6597264379863	866.4624302647028
0.6822	445.6004844922427	868.387154186772
0.6832	446.5351991962387	870.3132571176259
0.6842	447.4638556969028	872.2407281931531
0.6852	448.38643925963737	874.1695565592916
0.6862	449.30293526823914	876.0997313721556
0.6872	450.2133292248179	878.0312417981653
0.6882	451.1176067497127	879.9640770141737
0.6892	452.0157535814039	881.8982262075918
0.6902	452.9077555764248	883.8336785765159
0.6912	453.7935987092688	885.7704233298506
0.6922	454.67326907229517	887.7084496874334
0.6932	455.5467528756317	889.6477468801571
0.6942	456.41403644707526	891.5883041500927
0.6952	457.27510623198935	893.5301107506093
0.6962	458.12994879319973	895.4731559464958
0.6972	458.9785508108867	897.4174290140793
0.6982	459.82089908247633	899.3629192413446
0.6992	460.6569805225278	901.3096159280514
0.7002	461.48678216261936	903.2575083858518
0.7012	462.3102911512311	905.2065859384062
0.7022	463.1274947536264	907.1568379214988
0.7032	463.93838035172973	909.1082536831518
0.7041999999999999	464.742935444003	911.0608225837392
0.7051999999999999	465.5411476453199	913.0145339961006
0.7061999999999999	466.33300468683626	914.9693773056513
0.7071999999999999	467.1184944158603	916.9253419104955
0.7081999999999999	467.8976047957193	918.8824172215355
0.7091999999999999	468.67032390562395	920.8405926625817
0.7101999999999999	469.4366399405312	922.7998576704613
0.7111999999999999	470.19654121100467	924.7602016951267
0.7121999999999999	470.95001614307216	926.7216141997621
0.7132	471.69705327808214	928.6840846608902
0.7142	472.4376412725572	930.6476025684777
0.7152	473.1717688980456	932.6121574260402
0.7162	473.89942504097127	934.5777387507462
0.7172	474.6205987024804	936.5443360735201
0.7182	475.3352789982873	938.5119389391448
0.7192	476.04345515851765	940.4805369063631
0.7202	476.7451165275492	942.450119547979
0.7212	477.4402525638516	944.4206764509576
0.7222	478.1288528398229	946.3921972165238
0.7232	478.8109070416252	948.3646714602617
0.7242	479.48640496901737	950.3380888122119
0.7252	480.15533653518645	952.3124389169686
0.7262	480.81769176657684	954.2877114337755
0.7272	481.47346080271774	956.2638960366216
0.7282	482.1226338960483	958.2409824143357
0.7292	482.7652014117412	960.2189602706803
0.7302	483.40115382752447	962.1978193244452
0.7312	484.0304817335009	964.1775493095389
0.7322	484.6531758319661	966.1581399750813
0.7332	485.2692269372247	968.1395810854945
0.7342	485.87862597540425	970.1218624205917
0.7352	486.48136398426806	972.1049737756686
0.7362	487.0774321130257	974.0889049615902
0.7372	487.66682162214175	976.0736458048801
0.7382	488.2495238831433	978.0591861478069
0.7392	488.82553037842507	980.0455158484712
0.7402	489.3948327010533	982.0326247808904
0.7412	489.9574225545677	984.020502835085
0.7422	490.5132917527816	986.0091399171621
0.7432	491.062432219581	987.998525949399
0.7442	491.60483598872116	989.988650870326
0.7452	492.1404952036222	991.9795046348089
0.7462	492.66940211716275	993.9710772141299
0.7472	493.1915490914721	995.9633585960687
0.7482	493.7069285977208	997.9563387849822
0.7492	494.2155332159094	999.9500078018838
0.7502	494.7173556346562	1001.9443556845222
0.7512	495.21238865098286	1003.939372487459
0.7522	495.7006251700989	1005.9350482821461
0.7532	496.18205820518415	1007.9313731570016
0.7542	496.6566808771707	1009.9283372174866
0.7552	497.12448641452215	1011.9259305861791
0.7562	497.58546815301236	1013.9241434028494
0.7572	498.0396195355021	1015.922965824533
0.7582	498.48693411171473	1017.9223880256043
0.7592	498.9274055380102	1019.9224001978486
0.7602	499.36102757715764	1021.9229925505335
0.7612	499.7877940981066	1023.9241553104805
0.7622	500.207699075757	1025.9258787221347
0.7632	500.62073659072763	1027.9281530476349
0.7642	501.02690082912335	1029.9309685668825
0.7652	501.4261860823006	1031.9343155776091
0.7662	501.81858674663255	1033.938184395446
0.7672	502.2040973232715	1035.9425653539881
0.7682	502.5827124179116	1037.9474488048636
0.7692	502.95442674054846	1039.9528251177971
0.7702	503.3192351052399	1041.9586846806767
0.7712	503.6771324298626	1043.965017899616
0.7722	504.02811373586985	1045.9718151990198
0.7732	504.37217414804735	1047.979067021647
0.7742	504.70930889426677	1049.9867638286714
0.7752	505.03951330523995	1051.9948960997453
0.7762	505.3627828142705	1054.0034543330598
0.7772	505.6791129570045	1056.0124290454053
0.7782	505.9884993711809	1058.021810772232
0.7792	506.29093779637964	1060.031590067708
0.7802	506.5864240737692	1062.0417575047795
0.7812	506.87495414585317	1064.0523036752277
0.7822	507.15652405621523	1066.0632191897257
0.7832	507.4311299492638	1068.074494677897
0.7842	507.6987680699746	1070.0861207883702
0.7852	507.95943476363317	1072.098088188835
0.7862	508.2131264755758	1074.1103875660974
0.7872	508.45983975092906	1076.1230096261331
0.7882	508.6995712343496	1078.1359450941425
0.7892	508.9323176697614	1080.1491847146028
0.7902	509.15807590009297	1082.162719251321
0.7912	509.3768428670135	1084.1765394874856
0.7922	509.5886156106676	1086.1906362257178
0.7932	509.79339126940965	1088.2050002881228
0.7942	509.9911670795366	1090.2196225163393
0.7952	510.1819403750204	1092.234493771589
0.7962	510.36570858723934	1094.2496049347262
0.7972	510.542469244708	1096.2649469062853
0.7982	510.7122199728072	1098.2805106065296
0.7992	510.87495849351245	1100.2962869754972
0.8002	511.03068262512147	1102.3122669730492
0.8012	511.1793902819814	1104.3284415789146
0.8022	511.32107947421457	1106.344801792736
0.8032	511.45574830744374	1108.3613386341146
0.8042	511.5833949825167	1110.378043142655
0.8052	511.7040177952295	1112.3949063780085
0.8062	511.81761513604954	1114.4119194199159
0.8072	511.9241854898373	1116.4290733682515
0.8082	512.0237274355677	1118.4463593430637
0.8092	512.1162396460508	1120.4637684846175
0.8102	512.2017208876508	1122.4812919534356
0.8112	512.2801700200062	1124.4989209303385
0.8122	512.3515859957465	1126.5166466164835
0.8132	512.4159678602113	1128.5344602334067
0.8142	512.4733147511658	1130.5523530230585
0.8152	512.5236258985183	1132.5703162478449
0.8162	512.566900624034	1134.5883411906627
0.8172	512.6031383410517	1136.606419154939
0.8182	512.6323385541965	1138.6245414646662
0.8192	512.6545008590938	1140.6426994644394
0.8202	512.6708007604175	1142.6608845194903
0.8212	512.6874489033788	1144.679089447903
0.8222	512.710475592773	1146.6973146477537
0.8232	512.7398810693936	1148.7155678522925
0.8242	512.7756656470264	1150.7338567762731
0.8252	512.8178297122189	1152.7521891161098
0.8262	512.8663737240526	1154.7705725500316
0.8272	512.9212982139164	1156.7890147382363
0.8282	512.9826037852845	1158.8075233230434
0.8292	513.0502911134946	1160.8261059290453
0.8302	513.1243609455296	1162.8447701632592
0.8312	513.2048140998012	1164.8635236152759
0.8322	513.2916514659364	1166.8823738574092
0.8331999999999999	513.3848740045657	1168.9013284448433
0.8341999999999999	513.4844827471139	1170.9203949157804
0.8351999999999999	513.5904787955928	1172.9395807915862
0.8361999999999999	513.7028633223966	1174.9588935769343
0.8371999999999999	513.8216375700996	1176.9783407599516
0.8382	513.9468028512554	1178.99792981236
0.8392	514.0783605481993	1181.0176681896196
0.8402	514.2163121128519	1183.0375633310698
0.8412	514.3606590665257	1185.0576226600692
0.8422	514.5114029997335	1187.0778535841357
0.8432	514.6685455719983	1189.098263495085
0.8442	514.8320885116669	1191.1188597691676
0.8452	515.002033615724	1193.1396497672065
0.8462	515.178382749609	1195.1606408347325
0.8472	515.3611378470355	1197.1818403021205
0.8482	515.5503009098114	1199.203255484722
0.8492	515.7458740076629	1201.2248936829994
0.8502	515.9478592780584	1203.2467621826597
0.8512	516.1562589260365	1205.268868254784
0.8522	516.3710752240344	1207.2912191559597
0.8532	516.5923105117193	1209.313822128411
0.8542	516.8199671958214	1211.3366844001275
0.8552	517.0540477499683	1213.3598131849928
0.8562	517.2945547145221	1215.3832156829121
0.8572	517.5414906964188	1217.4068990799399
0.8582	517.794858369008	1219.430870548405
0.8592	518.0546604718962	1221.4551372470366
0.8602	518.320899810791	1223.4797063210888
0.8612	518.5935792573474	1225.5045849024643
0.8622	518.872701749016	1227.5297801098375
0.8632	519.1582702888928	1229.555299048777
0.8642	519.4502879455719	1231.581148811867
0.8652	519.7487578529978	1233.607336478828
0.8662	520.0536832103222	1235.6338691166382
0.8672	520.3650672817607	1237.6607537796506
0.8682	520.6829133964513	1239.6879975097133
0.8692	521.0072249483163	1241.7156073362883
0.8702	521.3380053959236	1243.743590276566
0.8712	521.675258262352	1245.7719533355846
0.8722	522.0189871350566	1247.8007035063447
0.8732	522.3691956657367	1249.8298477699243
0.8742	522.7258875702055	1251.8593930955942
0.8752	523.0890666282604	1253.889346440931
0.8762	523.4587366835568	1255.9197147519303
0.8772	523.8349016434819	1257.950504963121
0.8782	524.2175654790306	1259.9817239976737
0.8792	524.6067322246842	1262.013378767516
0.8802	525.0024059782885	1264.04547617344
0.8812	525.4045909009361	1266.0780231052133
0.8822	525.813291216848	1268.1110264416886
0.8832	526.2285112132582	1270.144493050912
0.8842	526.6502552402997	1272.1784297902311
0.8852	527.0785277108911	1274.2128435064028
0.8862	527.5133331006267	1276.2477410356992
0.8872	527.9546759476663	1278.283129204015
0.8882	528.4025608526267	1280.319014826972
0.8892	528.8569924784766	1282.3554047100254
0.8902	529.3179755504308	1284.3923056485667
0.8912	529.7855148558466	1286.4297244280285
0.8922	530.2596152441229	1288.4676678239878
0.8932	530.7402816265991	1290.5061426022685
0.8942	531.2275189764559	1292.5451555190427
0.8952	531.7213323286189	1294.584713320934
0.8962	532.2217267796619	1296.6248227451172
0.8972	532.7287074877125	1298.6654905194182
0.8982	533.2422796723591	1300.7067233624155
0.8992	533.7624486145595	1302.748527983538
0.9002	534.2892196565502	1304.7909110831652
0.9012	534.8225982017585	1306.8338793527241
0.9022	535.3625897147141	1308.8774394747877
0.9032	535.9091997209639	1310.9215981231716
0.9042	536.4624338069873	1312.9663619630314
0.9052	537.0222976201129	1315.011737650958
0.9062	537.5887968684367	1317.0577318350736
0.9072	538.1619373207417	1319.1043511551275
0.9082	538.741724806419	1321.1516022425892
0.9092	539.3281652153896	1323.1994917207433
0.9102	539.921264498029	1325.2480262047834
0.9112	540.5210286650909	1327.2972123019047
0.9122	541.1274637876343	1329.3470566113965
0.9132	541.740575996951	1331.3975657247352
0.9142	542.3603714844944	1333.4487462256745
0.9152	542.9868565018097	1335.5006046903377
0.9162	543.6200373604654	1337.5531476873077
0.9172	544.259920431986	1339.6063817777178
0.9182	544.9065121477865	1341.6603135153412
0.9192	545.5598189991074	1343.7149494466796
0.9202	546.219847536951	1345.770296111053
0.9212	546.88660437202	1347.826360040688
0.9222	547.5600961746559	1349.883147760805
0.9232	548.2403296747799	1351.9406657897057
0.9242	548.9273116618342	1353.9989206388614
0.9252	549.6210489847247	1356.0579188129975
0.9262	550.3215485517654	1358.1176668101818
0.9272	551.0288173306234	1360.1781711219087
0.9282	551.7428623482654	1362.239438233185
0.9292	552.463690690905	1364.3014746226143
0.9302	553.1913095039523	1366.3642867624824
0.9312	553.9257259919636	1368.427881118841
0.9322	554.666947418592	1370.4922641515905
0.9332	555.4149811065406	1372.5574423145638
0.9342	556.1698344375158	1374.6234220556096
0.9352	556.9315148521815	1376.6902098166736
0.9362	557.700029850116	1378.7578120338812
0.9372	558.475386989768	1380.8262351376195
0.9382	559.2575938884153	1382.8954855526172
0.9392	560.0466582221236	1384.9655696980265
0.9402	560.8425877257076	1387.0364939875035
0.9412	561.6453901926919	1389.1082648292872
0.9422	562.455073475274	1391.1808886262804
0.9432	563.2716454842879	1393.2543717761284
0.9442	564.0951141891687	1395.3287206712973
0.9452	564.9254876179193	1397.4039416991538
0.9462	565.7627738570767	1399.4800412420425
0.9472	566.6069810516805	1401.5570256773633
0.9482	567.4581174052418	1403.63490137765
0.9492	568.316191179714	1405.7136747106463
0.9502	569.1812106954637	1407.7933520393833
0.9512	570.0531843312432	1409.873939722255
0.9522	570.9321205241646	1411.9554441130956
0.9532	571.8180277696728	1414.0378715612533
0.9542	572.7109146215231	1416.1212284116675
0.9552	573.610789691756	1418.2055210049427
0.9562	574.5176616506765	1420.2907556774232
0.9572	575.431539226831	1422.3769387612679
0.9582	576.3524312069886	1424.4640765845234
0.9592	577.2803464361211	1426.5521754711988
0.9601999999999999	578.2152938173848	1428.6412417413376
0.9611999999999999	579.1572823121035	1430.7312817110924
0.9621999999999999	580.106320939752	1432.8223016927964
0.9632	581.0624187779409	1434.914307995035
0.9642	582.0255849624027	1437.00730692272
0.9652	582.9958286869784	1439.1013047771596
0.9662	583.973159203605	1441.19630785613
0.9672	584.9575858223045	1443.2923224539477
0.9682	585.949117911174	1445.3893548615385
0.9692	586.9477648963754	1447.4874113665094
0.9702	587.9535362621281	1449.5864982532178
0.9712	588.9664415507008	1451.6866218028422
0.9722	589.986490362406	1453.7877882934515
0.9732	591.0136923555937	1455.890004000074
0.9742	592.0480572466471	1457.9932751947667
0.9752	593.0895948099795	1460.0976081466845
0.9762	594.1383148780312	1462.203009122147
0.9772	595.1942273412683	1464.3094843847089
0.9782	596.2573421481812	1466.4170401952258
0.9792	597.3276693052857	1468.5256828119234
0.9802	598.4052188771236	1470.635418490464
0.9812	599.4900009862647	1472.7462534840133
0.9822	600.5820258133101	1474.858194043308
0.9832	601.6813035968959	1476.9712464167217
0.9842	602.787844633698	1479.0854168503313
0.9852	603.9016592784377	1481.2007115879824
0.9862	605.0227579438888	1483.3171368713568
0.9872	606.1511511008842	1485.4346989400356
0.9882	607.2868492783255	1487.5534040315663
0.9892	608.4298630631906	1489.6732583815262
0.9902	609.5802031005463	1491.794268223589
0.9912	610.7378800935568	1493.9164397895865
0.9922	611.9029048034973	1496.0397793095756
0.9932	613.0752880497664	1498.1642930119003
0.9942	614.2550407099	1500.2899871232569
0.9952	615.4421737195851	1502.4168678687558
0.9962	616.6366980726762	1504.544941471986
0.9972	617.838624821211	1506.6742141550774
0.9982	619.0479650754281	1508.8046921387638
0.9992	620.264730003784	1510.9363816424452
1.0002	621.4889308329737	1513.0692888842511
1.0012	622.7205788479486	1515.203420081101
1.0022	623.9596853919377	1517.338781448766
1.0032	625.2062618664703	1519.475379201933
1.0042	626.4603197313961	1521.613219554263
1.0052	627.72187050491	1523.7523087184543
1.0062	628.990925763575	1525.8926529063021
1.0072	630.2674971423478	1528.0342583287606
1.0082	631.5515963346036	1530.1771311960017
1.0092	632.8432350921636	1532.3212777174772
1.0102	634.1424252253204	1534.4667041019766
1.0112	635.4491786028686	1536.61341655769
1.0122	636.7635071521314	1538.7614212922642
1.0132	638.085422858992	1540.9107245128657
1.0142	639.4149377679223	1543.0613324262358
1.0152	640.7520639820165	1545.2132512387543
1.0162	642.0968136630207	1547.3664871564943
1.0172	643.4491990313688	1549.5210463852839
1.0182	644.809232366213	1551.6769351307614
1.0192	646.1769260054613	1553.8341595984373
1.0202	647.5522923458101	1555.9927259937483
1.0212	648.9353438427831	1558.1526405221196
1.0222	650.3260930107657	1560.3139093890177
1.0232	651.7245524230449	1562.4765388000126
1.0242	653.1307347118452	1564.6405349608303
1.0252	654.544652568371	1566.8059040774144
1.0262	655.9663187428445	1568.9726523559805
1.0272	657.3957460445461	1571.140786003072
1.0282	658.8329473418588	1573.3103112256204
1.0292	660.2779355623071	1575.4812342309963
1.0302	661.7307236926033	1577.6535612270716
1.0312	663.1913247786886	1579.8272984222697
1.0322	664.6597519257804	1582.0024520256263
1.0332	666.1360182984151	1584.1790282468407
1.0342	667.6201371204976	1586.3570332963357
1.0352	669.1121216753446	1588.5364733853082
1.0362	670.6119853057357	1590.7173547257892
1.0372	672.1197414139589	1592.8996835306934
1.0382	673.6354034618627	1595.0834660138798
1.0392	675.1589849709037	1597.2687083902017
1.0402	676.6904995221989	1599.4554168755637
1.0412	678.2299607565762	1601.6435976869748
1.0422	679.7773823746279	1603.8332570426037
1.0432	681.3327781367619	1606.024401161831
1.0442	682.8946818957955	1608.2170362653062
1.0452	684.4570881064425	1610.4111671587602
1.0462	686.0196092424009	1612.6067928918833
1.0472	687.5822430726622	1614.803912145697
1.0482	689.1449873682063	1617.002523601613
1.0492	690.7078399019993	1619.2026259414308
1.0502	692.2707984489957	1621.4042178473421
1.0512	693.8338607861358	1623.607298001927
1.0522	695.3970246923484	1625.81186508816
1.0532	696.9602879485474	1628.0179177894054
1.0542	698.523648337635	1630.2254547894236
1.0552	700.0871036444986	1632.4344747723662
1.0562	701.6506516560133	1634.6449764227823
1.0572	703.214290161039	1636.8569584256138
1.0582	704.7780169504231	1639.0704194662014
1.0592	706.341829816998	1641.2853582302812
1.0602	707.9057265555828	1643.501773403988
1.0612	709.469704962981	1645.7196636738545
1.0622	711.0337628379831	1647.9390277268135
1.0632	712.5978979813632	1650.1598642501967
1.0642	714.1621081958823	1652.382171931738
1.0652	715.7263912862846	1654.605949459571
1.0662	717.2907450593009	1656.831195522234
1.0672	718.8551673236448	1659.0579088086656
1.0682	720.419655890016	1661.2860880082108
1.0692	721.9842085710969	1663.5157318106162
1.0702	723.5488231815553	1665.7468389060361
1.0712	725.1134975380415	1667.9794079850285
1.0722	726.6782294591908	1670.2134377385603
1.0732	728.2430167656204	1672.448926858003
1.0742	729.8078572799325	1674.685874035139
1.0752	731.3727488267102	1676.9242779621568
1.0762	732.9376892325217	1679.1641373316563
1.0772	734.5026763259157	1681.4054508366457
1.0782	736.0677079374248	1683.6482171705463
1.0792	737.6327818995625	1685.8924350271884
1.0802	739.1978960468253	1688.1381031008168
1.0812	740.7630482156901	1690.3852200860867
1.0822	742.3282362446168	1692.63378467807
1.0832	743.893457974045	1694.8837955722497
1.0842	745.4587112463963	1697.1352514645262
1.0852	747.0239939060721	1699.3881510512138
1.0862	748.5893037994554	1701.6424930290445
1.0872	750.1546387749077	1703.8982760951658
1.0882	751.7199966827726	1706.155498947145
1.0892	753.2853753753712	1708.4141602829645
1.0902	754.8507727070061	1710.6742588010295
1.0912	756.4161865339568	1712.9357932001612
1.0922	757.981614714484	1715.1987621796043
1.0932	759.547055108825	1717.4631644390217
1.0942	761.1125055791973	1719.7289986785004
1.0952	762.6779639897943	1721.9962635985469
1.0962	764.2434282067895	1724.2649579000938
1.0972	765.8088960983316	1726.5350802844941
1.0982	767.3743655345487	1728.806629453528
1.0992	768.9398343875439	1731.079604109398
1.1002	770.5053005313983	1733.3540029547337
1.1012	772.0707618421683	1735.6298246925899
1.1022	773.6362161978872	1737.907068026449
1.1032	775.2016614785631	1740.18573166022
1.1042	776.7670955661805	1742.4658142982407
1.1052	778.3325163446979	1744.7473146452762
1.1062	779.8979217000497	1747.030231406523
1.1072	781.4633095201435	1749.314563287605
1.1082	783.0286776948624	1751.600308994579
1.1092	784.594024116062	1753.8874672339311
1.1102	786.1593466775726	1756.1760367125803
1.1112	787.7246432751965	1758.4660161378767
1.1122	789.2899118067102	1760.7574042176054
1.1132	790.8551501718609	1763.0501996599824
1.1142	792.4203562723696	1765.3444011736601
1.1152	793.9855280119283	1767.6400074677244
1.1162	795.5506632962007	1769.9370172516976
1.1172	797.1157600328211	1772.2354292355365
1.1182	798.6808161313957	1774.5352421296361
1.1192	800.2458295034996	1776.8364546448272
1.1202	801.8107980626796	1779.1390654923796
1.1212	803.3757197244507	1781.4430733839997
1.1222	804.9405924062986	1783.748477031835
1.1232	806.5054140276767	1786.0552751484702
1.1242	808.0701825100077	1788.3634664469319
1.1252	809.6348957766825	1790.673049640686
1.1262	811.19955175306	1792.984023443641
1.1272	812.7641483664659	1795.2963865701456
1.1282	814.328683546194	1797.6101377349926
1.1292	815.893155223504	1799.9252756534158
1.1302	817.4575613316225	1802.2417990410945
1.1312	819.0218998057414	1804.5597066141502
1.1322	820.5861685830191	1806.8789970891505
1.1332	822.1503656025782	1809.1996691831068
1.1342	823.7144888055069	1811.521721613478
1.1352	825.2785361348567	1813.8451530981667
1.1362	826.8425055356446	1816.1699623555257
1.1372	828.4063949548497	1818.4961481043522
1.1382	829.9702023414155	1820.8237090638931
1.1392	831.533925646247	1823.1526439538425
1.1402	833.0975628222128	1825.4829514943451
1.1412	834.661111824142	1827.8146304059928
1.1422	836.224570608827	1830.1476794098305
1.1432	837.7879371350195	1832.4820972273512
1.1442	839.3512093634334	1834.817882580501
1.1452	840.9143852567415	1837.1550341916757
1.1462	842.4774627795776	1839.4935507837256
1.1472	844.0404398985338	1841.8334310799514
1.1482	845.6033145821622	1844.1746738041093
1.1492	847.1660848009722	1846.517277680407
1.1502000000000001	848.7287485274326	1848.861241433509
1.1512	850.2913037359687	1851.2065637885323
1.1522000000000001	851.853748402964	1853.5532434710512
1.1532	853.4160805067576	1855.901279207094
1.1542	854.9782980276457	1858.2506697231465
1.1552	856.5403989478806	1860.6014137461523
1.1562	858.102381251669	1862.9535100035098
1.1572	859.6642429251738	1865.306957223078
1.1582	861.2259819565109	1867.6617541331718
1.1592	862.7875963357512	1870.0178994625671
1.1602	864.3490840549188	1872.3753919404978
1.1612	865.9104431079913	1874.7342302966588
1.1622	867.4716714908982	1877.094413261204
1.1632	869.0327672015221	1879.4559395647498
1.1642	870.593728239696	1881.818807938372
1.1652	872.1545526072056	1884.1830171136105
1.1662	873.7152383077859	1886.5485658224654
1.1672	875.2757833471231	1888.9154527974017
1.1682	876.8361857328523	1891.2836767713452
1.1692	878.3964434745592	1893.653236477688
1.1702	879.9565545837766	1896.0241306502844
1.1712	881.5165170739871	1898.3963580234554
1.1722	883.0763289606195	1900.7699173319847
1.1732	884.635988261052	1903.1448073111246
1.1742	886.1954929946074	1905.5210266965908
1.1752	887.7548411825566	1907.898574224568
1.1762	889.3140308481146	1910.2774486317055
1.1772	890.8730600164434	1912.6576486551228
1.1782	892.4319267146483	1915.0391730324047
1.1792	893.9906289717802	1917.4220205016074
1.1802	895.5491648188325	1919.806189801253
1.1812	897.1075322887432	1922.1916796703354
1.1822	898.6657294163912	1924.578488848316
1.1832	900.2237542385999	1926.9666160751297
1.1842	901.781604794132	1929.3560600911783
1.1852	903.3392791236937	1931.746819637338
1.1862	904.8967752699298	1934.138893454954
1.1872	906.4540912774269	1936.5322802858464
1.1882	908.0112251927095	1938.9269788723047
1.1892	909.5681750642431	1941.3229879570943
1.1902	911.1249389424297	1943.720306283451
1.1912	912.6815148796112	1946.1189325950875
1.1922	914.2379009300653	1948.518865636188
1.1932	915.7940951500077	1950.9201041514132
1.1942	917.3500955975898	1953.3226468858977
1.1952	918.9059003328997	1955.7264925852533
1.1962	920.4615074179595	1958.1316399955654
1.1972	922.0169149167274	1960.538087863398
1.1982	923.5721208950941	1962.94583493579
1.1992	925.127123420886	1965.3548799602595
1.2002	926.6819205638608	1967.7652216848003
1.2012	928.2365103957097	1970.1768588578861
1.2022	929.7908909900552	1972.5897902284673
1.2032	931.3450604224519	1975.004014545975
1.2042	932.8990167703842	1977.4195305603175
1.2052	934.4527581132683	1979.8363370218854
1.2062	936.0062825324479	1982.2544326815462
1.2072	937.5595881111983	1984.6738162906513
1.2082	939.1126729347213	1987.0944866010302
1.2092	940.6655350901483	1989.5164423649962
1.2102	942.2181726665362	1991.9396823353416
1.2112	943.7705837548709	1994.3642052653436
1.2122	945.3227664480627	1996.7900099087597
1.2132	946.8747188409486	1999.2170950198322
1.2142	948.42643903029	2001.6454593532847
1.2152	949.9779251147737	2004.0751016643267
1.2162	951.5291751950093	2006.5060207086494
1.2172	953.0801873735307	2008.938215242431
1.2182	954.6309597547934	2011.371684022332
1.2192	956.1814904451767	2013.806425805501
1.2202	957.7317775529791	2016.2424393495692
1.2212	959.2818191884224	2018.6797234126564
1.2222	960.831613463647	2021.1182767533667
1.2232	962.3811584927142	2023.5580981307933
1.2242	963.9304523916032	2025.9991863045138
1.2252	965.4794932782131	2028.4415400345958
1.2262	967.0282792723593	2030.8851580815926
1.2272	968.5768084957765	2033.3300392065485
1.2282	970.125079072114	2035.776182170993
1.2292	971.673089126939	2038.223585736948
1.2302	973.2208367877324	2040.6722486669219
1.2312	974.7683201838918	2043.1221697239152
1.2322	976.3155374467273	2045.5733476714167
1.2332	977.8624867094637	2048.0257812734067
1.2342	979.4091661072385	2050.4794692943556
1.2352	980.9555737771014	2052.9344104992256
1.2362	982.5017078580139	2055.39060365347
1.2372	984.0475664908488	2057.8480475230344
1.2382	985.5931478183891	2060.306740874356
1.2392	987.1384499853278	2062.766682474365
1.2402	988.6834711382666	2065.227871090484
1.2412	990.2282094257171	2067.6903054906306
1.2422	991.7726629980971	2070.153984443213
1.2432	993.3168300077332	2072.6189067171367
1.2442	994.8607086088576	2075.085071081799
1.2452	996.4042969576093	2077.552476307093
1.2462	997.947593212032	2080.0211211634064
1.2472	999.4905955320745	2082.4910044216226
1.2482	1001.0333020795892	2084.9621248531193
1.2492	1002.5757110183335	2087.4344812297736
1.2502	1004.117820513965	2089.908072323954
1.2512	1005.6596287340458	2092.3828969085303
1.2522	1007.2011338480379	2094.8589537568655
1.2532	1008.7423340273054	2097.3362416428236
1.2542	1010.2832274451112	2099.8147593407625
1.2552	1011.8238122766188	2102.294505625541
1.2562	1013.3640866988897	2104.7754792725145
1.2572	1014.9040488908846	2107.257679057538
1.2582	1016.4436970334606	2109.7411037569645
1.2592	1017.9830293093725	2112.225752147647
1.2602	1019.5220439032703	2114.7116230069373
1.2612	1021.0607390017012	2117.198715112689
1.2622	1022.5991127931052	2119.6870272432525
1.2632	1024.137163467818	2122.176558177482
1.2642	1025.6748892180678	2124.6673066947305
1.2652	1027.2122882379767	2127.159271574854
1.2662	1028.7493587235576	2129.652451598207
1.2672	1030.2860988727161	2132.1468455456484
1.2682	1031.8225068852478	2134.6424521985377
1.2692	1033.358580962839	2137.1392703387387
1.2702	1034.894319309064	2139.637298748614
1.2712	1036.4297201293882	2142.1365362110337
1.2722	1037.964781631163	2144.636981509368
1.2732	1039.4995020236283	2147.1386334274926
1.2742	1041.0338795179096	2149.641490749784
1.2752000000000001	1042.56791232702	2152.1455522611277
1.2762	1044.1015986658556	2154.6508167469083
1.2772000000000001	1045.6349367511998	2157.1572829930196
1.2782	1047.1679248017176	2159.664949785857
1.2792000000000001	1048.7005610379586	2162.1738159123242
1.2802	1050.2328436823539	2164.6838801598274
1.2812	1051.7647709592168	2167.195141316281
1.2822	1053.2963410947425	2169.707598170105
1.2832	1054.8275523170055	2172.2212495102253
1.2842	1056.3584028559608	2174.736094126076
1.2852	1057.8888909434406	2177.2521308075943
1.2862	1059.4190148131586	2179.7693583452306
1.2872	1060.9487727007024	2182.287775529937
1.2882	1062.4781628435396	2184.807381153178
1.2892	1064.0071834810117	2187.328174006923
1.2902	1065.5358328543368	2189.850152883652
1.2912	1067.0641092066073	2192.3733165763524
1.2922	1068.5920107827903	2194.897663878521
1.2932	1070.1195358297248	2197.423193584164
1.2942	1071.6466825961236	2199.949904487796
1.2952	1073.1734493325703	2202.477795384442
1.2962	1074.699834291521	2205.0068650696376
1.2972	1076.225835727301	2207.5371123394275
1.2982	1077.7514518961057	2210.068535990368
1.2992	1079.276681055999	2212.601134819525
1.3002	1080.8015214669144	2215.1349076244774
1.3012	1082.325971390651	2217.6698532033124
1.3022	1083.8500290908758	2220.205970354632
1.3032	1085.3736928331216	2222.743257877547
1.3042	1086.896960884787	2225.281714571683
1.3052	1088.4198315151334	2227.821339237175
1.3062	1089.9423029952884	2230.362130674673
1.3072	1091.4643735982406	2232.9040876853387
1.3082	1092.986041598843	2235.447209070848
1.3092	1094.5073052738078	2237.991493633388
1.3102	1096.0281629017104	2240.5369401756616
1.3112	1097.5486127629845	2243.0835475008835
1.3122	1099.0686531399244	2245.631314412784
1.3132	1100.5882823166821	2248.180239715606
1.3142	1102.1074985792688	2250.73032221411
1.3152	1103.626300215551	2253.2815607135667
1.3162	1105.1446855152535	2255.833954019766
1.3172	1106.6626527699545	2258.3875009390104
1.3182	1108.1802002730901	2260.9422002781203
1.3192	1109.6973263199473	2263.4980508444282
1.3202	1111.2140292076692	2266.055051445787
1.3212	1112.7303072352495	2268.613200890561
1.3222	1114.246158703535	2271.1724979876353
1.3232	1115.7615819152227	2273.7329415464083
1.3242	1117.2765751748611	2276.2945303767974
1.3252	1118.7911367888476	2278.8572632892356
1.3262	1120.3052650654286	2281.421139094675
1.3272	1121.8189583146975	2283.9861566045824
1.3282	1123.3322148485975	2286.552314630946
1.3292	1124.8450329809152	2289.119611986268
1.3302	1126.357411027286	2291.6880474835725
1.3312	1127.8693473051878	2294.257619936399
1.3322	1129.3808401339447	2296.828328158808
1.3332	1130.8918878347224	2299.4001709653767
1.3342	1132.402488730531	2301.973147171204
1.3352	1133.9126411462216	2304.5472555919046
1.3362	1135.4223434084868	2307.1224950436163
1.3372	1136.9315938458585	2309.6988643429936
1.3382	1138.4403907887104	2312.2763623072133
1.3392	1139.9487325692526	2314.85498775397
1.3402	1141.4566175215357	2317.434739501481
1.3412	1142.964043981445	2320.0156163684824
1.3422	1144.471010286704	2322.5976171742323
1.3432	1145.9775147768714	2325.1807407385077
1.3442	1147.4835557933409	2327.7649858816094
1.3452	1148.98913167934	2330.3503514243575
1.3462	1150.4942407799304	2332.936836188095
1.3472	1151.9988814420053	2335.5244389946856
1.3482	1153.50305201429	2338.1131586665156
1.3492	1155.0067508473412	2340.702994026493
1.3502	1156.5099762935458	2343.293943898049
1.3512	1158.0127267071193	2345.8860071051354
1.3522	1159.5150004441073	2348.4791824722297
1.3532	1161.0167958623808	2351.073468824329
1.3542	1162.5181113216408	2353.668864986957
1.3552	1164.0189451834121	2356.2653697861574
1.3562	1165.5192958110465	2358.8629820485
1.3572	1167.0191615697192	2361.461700601076
1.3582	1168.5185408264306	2364.061524271502
1.3592	1170.0174319500027	2366.662451887918
1.3602	1171.5158333110812	2369.26448227899
1.3612	1173.0137432821316	2371.8676142739046
1.3622	1174.511160237442	2374.4718467023777
1.3632	1176.0080825531186	2377.0771783946457
1.3642	1177.5045086070877	2379.683608181473
1.3652	1179.0004367790925	2382.291134894147
1.3662	1180.4958654506959	2384.899757364483
1.3672	1181.990793005275	2387.509474424818
1.3682	1183.4852178280248	2390.120284908019
1.3692	1184.9791383059535	2392.7321876474757
1.3702	1186.4725528278846	2395.345181477105
1.3712	1187.9654597844542	2397.95926523135
1.3722	1189.457857568112	2400.57443774518
1.3732	1190.949744573118	2403.1906978540906
1.3742	1192.4411191955453	2405.8080443941053
1.3752	1193.9319798332745	2408.426476201772
1.3762	1195.4223248859976	2411.0459921141687
1.3772	1196.9121527552134	2413.6665909688977
1.3782	1198.4014618442304	2416.2882716040913
1.3792	1199.8902505581618	2418.911032858407
1.3802	1201.3785173039287	2421.534873571032
1.3812	1202.8662604902554	2424.1597925816795
1.3822	1204.353478527673	2426.785788730593
1.3832	1205.8401698285134	2429.412860858541
1.3842	1207.326332806914	2432.0410078068244
1.3852	1208.8119658788116	2434.670228417268
1.3862	1210.2970674619467	2437.300521532229
1.3872	1211.7816359758574	2439.9318859945915
1.3882	1213.265669841883	2442.5643206477694
1.3892	1214.7491674831606	2445.1978243357053
1.3902	1216.2321273246255	2447.832395902871
1.3912	1217.7145477930096	2450.4680341942676
1.3922	1219.1964273168417	2453.1047380554273
1.3932	1220.6777643264443	2455.7425063324085
1.3942	1222.1585572539361	2458.3813378718037
1.3952	1223.638804533228	2461.021231520732
1.3962	1225.118504600025	2463.662186126845
1.3972	1226.5976558918226	2466.3042005383227
1.3982	1228.0762568479086	2468.947273603878
1.3992	1229.55430590936	2471.591404172751
1.4002000000000001	1231.0318015190444	2474.236591094716
1.4012	1232.508742121617	2476.8828332200756
1.4022000000000001	1233.9851261635215	2479.530129399665
1.4032	1235.4609520929878	2482.178478484849
1.4042000000000001	1236.9362183600324	2484.8278793275263
1.4052	1238.4109234164564	2487.4783307801235
1.4062000000000001	1239.885065715846	2490.1298316956018
1.4072	1241.3586437135705	2492.7823809274514
1.4082	1242.831655866782	2495.4359773296974
1.4092	1244.304100634415	2498.090619756895
1.4102	1245.7759764771833	2500.746307064131
1.4112	1247.247281857583	2503.403038107026
1.4122	1248.7180152398878	2506.0608117417314
1.4132	1250.1881750901512	2508.719626824933
1.4142	1251.6577598762026	2511.3794822138466
1.4152	1253.1267680676497	2514.040376766223
1.4162	1254.5951981358758	2516.702309340344
1.4172	1256.063048554039	2519.3652787950273
1.4182	1257.5303177970707	2522.0292839896197
1.4192	1258.9970043416772	2524.694323784005
1.4202	1260.4631066663362	2527.3603970385975
1.4212	1261.9286232512977	2530.0275026143477
1.4222	1263.393552578582	2532.6956393727364
1.4232	1264.8578931319798	2535.3648061757817
1.4242	1266.3216433970495	2538.0350018860318
1.4252	1267.78480186112	2540.7062253665727
1.4262	1269.247367013285	2543.378475481021
1.4272	1270.7093373444068	2546.05175109353
1.4282	1272.1707113471116	2548.726051068786
1.4292	1273.631487515792	2551.401374272011
1.4302	1275.0916643466028	2554.077719568959
1.4312	1276.5512403374632	2556.7550858259215
1.4322	1278.0102139880535	2559.4334719097224
1.4332	1279.4685837998163	2562.1128766877227
1.4342	1280.9263482759536	2564.793299027817
1.4352	1282.383505921428	2567.474737798435
1.4362	1283.8400552429591	2570.157191868541
1.4372	1285.2959947490272	2572.840660107637
1.4382	1286.751322949866	2575.5251413857577
1.4392	1288.2060383574687	2578.210634573475
1.4402	1289.660139485581	2580.8971385418954
1.4412	1291.1136248497048	2583.584652162662
1.4422	1292.5664929670936	2586.2731743079526
1.4432	1294.018742356756	2588.9627038504823
1.4442	1295.47037153945	2591.6532396635007
1.4452	1296.921379037686	2594.344780620795
1.4462	1298.371763375723	2597.0373255966874
1.4472	1299.8215230795709	2599.730873466038
1.4482	1301.270656676986	2602.42542310424
1.4492	1302.719162697473	2605.1209733872274
1.4502	1304.1670396722825	2607.817523191468
1.4512	1305.614286134412	2610.5150713939674
1.4522	1307.0609006186014	2613.213616872267
1.4532	1308.5068816613368	2615.913158504446
1.4542	1309.9522278008455	2618.6136951691196
1.4552	1311.3969375770987	2621.3152257454426
1.4562	1312.841009531806	2624.0177491131026
1.4572	1314.284442208421	2626.7212641523292
1.4582	1315.7272341521332	2629.425769743885
1.4592	1317.1693839098734	2632.1312647690747
1.4602	1318.610890030308	2634.837748109735
1.4612	1320.0517510638415	2637.545218648245
1.4622	1321.4919655626136	2640.2536752675182
1.4632	1322.9315320804994	2642.9631168510086
1.4642	1324.3704491731078	2645.6735422827055
1.4652	1325.8087153977815	2648.384950447138
1.4662	1327.246329313595	2651.0973402293716
1.4672	1328.6832894813547	2653.810710515012
1.4682	1330.1195944635967	2656.5250601902007
1.4692	1331.5552428245883	2659.2403881416194
1.4702	1332.990233130324	2661.9566932564867
1.4712	1334.4245639485273	2664.67397442256
1.4722	1335.8582338486483	2667.392230528136
1.4732	1337.2912414018629	2670.1114604620493
1.4742	1338.723585181073	2672.8316631136727
1.4752	1340.1552637609045	2675.552837372919
1.4762	1341.5862757177065	2678.2749821302373
1.4772	1343.0166196295509	2680.9980962766185
1.4782	1344.446294076231	2683.7221787035905
1.4792	1345.8752976392616	2686.447228303222
1.4802	1347.3036289018758	2689.1732439681173
1.4812	1348.731286449028	2691.9002245914244
1.4822	1350.1582688673882	2694.628169066826
1.4832	1351.5845747453454	2697.3570762885483
1.4842	1353.0102026730042	2700.0869451513536
1.4852	1354.4351512421847	2702.817774550546
1.4862	1355.8594190464205	2705.5495633819655
1.4872	1357.283004680961	2708.2823105419966
1.4882	1358.705906742766	2711.016014927559
1.4892	1360.1281238305085	2713.7506754361143
1.4902	1361.5496545445715	2716.486290965663
1.4912	1362.970497487049	2719.222860414747
1.4922	1364.390651261743	2721.9603826824455
1.4932	1365.8101144741645	2724.6988566683794
1.4942	1367.228885731531	2727.438281272709
1.4952	1368.6469636427669	2730.1786553961347
1.4962	1370.0643468185021	2732.9199779398964
1.4972	1371.481033871071	2735.6622478057757
1.4982	1372.897023414511	2738.4054638960915
1.4992	1374.3123140645637	2741.149625113707
1.5002	1375.7269044386708	2743.894730362022
1.5012	1377.1407931559763	2746.640778544979
1.5022	1378.553978837323	2749.387768567059
1.5032	1379.9664601052546	2752.1356993332865
1.5042	1381.378235584011	2754.8845697492225
1.5052	1382.789303899531	2757.6343787209717
1.5062	1384.1996636794483	2760.3851251551773
1.5072	1385.6093135530941	2763.1368079590256
1.5082	1387.0182521514919	2765.889426040241
1.5092	1388.4264781073605	2768.64297830709
1.5102	1389.8339900551105	2771.39746366838
1.5112	1391.2407866308452	2774.1528810334594
1.5122	1392.646866472358	2776.9092293122167
1.5132	1394.0522282191328	2779.666507415082
1.5142	1395.4568705123424	2782.4247142530257
1.5152	1396.8607919948481	2785.1838487375603
1.5162	1398.2639913111975	2787.9439097807376
1.5172	1399.666467107626	2790.7048962951526
1.5182	1401.0682180320534	2793.4668071939404
1.5192	1402.469242734085	2796.2296413907775
1.5202	1403.8695398650077	2798.9933977998808
1.5212	1405.2691080777934	2801.7580753360103
1.5222	1406.6679460270948	2804.5236729144654
1.5232	1408.0660523692454	2807.2901894510887
1.5242	1409.4634257622586	2810.057623862262
1.5252000000000001	1410.8600648658273	2812.8259750649113
1.5262	1412.2559683413217	2815.5952419765003
1.5272000000000001	1413.65113485179	2818.3654235150384
1.5282	1415.045563061956	2821.1365185990735
1.5292000000000001	1416.4392516382197	2823.9085261476966
1.5302	1417.8321992486544	2826.681445080539
1.5312000000000001	1419.224404563008	2829.4552743177755
1.5322	1420.6158662527	2832.230012780121
1.5332000000000001	1422.0065829908226	2835.005659388833
1.5342	1423.3965534521376	2837.782213065709
1.5352000000000001	1424.7857763130778	2840.5596727330912
1.5362	1426.1742502517438	2843.338037313861
1.5372	1427.561973947905	2846.117305731443
1.5382	1428.9489460829977	2848.897476909804
1.5392	1430.3351653401237	2851.6785497734504
1.5402	1431.7206304040512	2854.4605232474332
1.5412	1433.1053399612113	2857.243396257343
1.5422	1434.4892926996995	2860.027167729315
1.5432	1435.872487309273	2862.811836590023
1.5442	1437.2549224813513	2865.5974017666867
1.5452	1438.6365969090134	2868.3838621870636
1.5462	1440.0175092869993	2871.171216779457
1.5472	1441.3976583117062	2873.95946447271
1.5482	1442.7770426811908	2876.748604196209
1.5492	1444.155661095165	2879.5386348798806
1.5502	1445.533512254998	2882.329555454197
1.5512	1446.9105948637125	2885.121364850168
1.5522	1448.2869076259872	2887.91406199935
1.5532	1449.6624492481526	2890.7076458338383
1.5542	1451.0372184381918	2893.5021152862723
1.5552	1452.4112139057386	2896.2974692898324
1.5562	1453.7844343620786	2899.0937067782424
1.5572	1455.1568785201455	2901.890826685767
1.5582	1456.528545094522	2904.6888279472146
1.5592	1457.8994328014387	2907.4877094979347
1.5602	1459.269540358772	2910.28747027382
1.5612	1460.6388664860447	2913.088109211304
1.5622	1462.0074099044245	2915.8896252473655
1.5632	1463.3751693367221	2918.6920173195217
1.5642	1464.7421435073918	2921.495284365835
1.5652	1466.1083311425296	2924.2994253249085
1.5662	1467.473730969873	2927.1044391358896
1.5672	1468.8383417187988	2929.9103247384655
1.5682	1470.2021621203244	2932.717081072869
1.5692	1471.565190907103	2935.5247070798714
1.5702	1472.9274268134275	2938.3332017007897
1.5712	1474.2888685752262	2941.1425638774813
1.5722	1475.6495149300627	2943.952792552347
1.5732	1477.0093646171354	2946.7638866683296
1.5742	1478.3684163772764	2949.5758451689144
1.5752	1479.7266689529495	2952.3886669981284
1.5762	1481.0841210882518	2955.202351100543
1.5772	1482.4407715289096	2958.01689642127
1.5782	1483.79661902228	2960.832301905964
1.5792	1485.1516623173482	2963.648566500822
1.5802	1486.505900164728	2966.4656891525856
1.5812	1487.85933131666	2969.283668808535
1.5822	1489.2119545270111	2972.1025044164962
1.5832	1490.5637685512727	2974.9221949248354
1.5842	1491.9147721465613	2977.742739282463
1.5852	1493.2649640716152	2980.5641364388293
1.5862	1494.6143430867967	2983.38638534393
1.5872	1495.962907954088	2986.209484948301
1.5882	1497.3106574370934	2989.0334342030224
1.5892	1498.6575903010348	2991.858232059714
1.5902	1500.0037053127546	2994.6838774705416
1.5912	1501.3490012407103	2997.5103693882097
1.5922	1502.6934768549788	3000.3377067659685
1.5932	1504.0371309272507	3003.165888557608
1.5942	1505.3799622308327	3005.9949137174626
1.5952	1506.7219695406445	3008.8247812004074
1.5962	1508.063151633219	3011.655489961861
1.5972	1509.403507286701	3014.487038957783
1.5982	1510.7430352808467	3017.3194271446782
1.5992	1512.0817343970214	3020.1526534795894
1.6002	1513.4196034182007	3022.9867169201057
1.6012	1514.7566411289674	3025.821616424356
1.6022	1516.0928463155126	3028.6573509510135
1.6032	1517.4282177656323	3031.493919459291
1.6042	1518.7627542687299	3034.3313209089474
1.6052	1520.0964546158102	3037.169554260279
1.6062	1521.4293175994849	3040.008618474129
1.6072	1522.761342013965	3042.848512511879
1.6082	1524.0925266550662	3045.689235335457
1.6092	1525.4228703202018	3048.530785907328
1.6102	1526.752371808387	3051.3731631905043
1.6112	1528.0810299202346	3054.216366148537
1.6122	1529.4088434579562	3057.0603937455207
1.6132	1530.7358112253587	3059.905244946091
1.6142	1532.0619320278468	3062.750918715428
1.6152	1533.387204672418	3065.59741401925
1.6162	1534.711627967666	3068.444729823822
1.6172	1536.0352007237757	3071.292865095947
1.6182	1537.357921752526	3074.141818802974
1.6192	1538.6797898672846	3076.991589912789
1.6202	1540.0008038830117	3079.8421773938253
1.6212	1541.320962616255	3082.6935802150538
1.6222	1542.640264885152	3085.5457973459906
1.6232	1543.9587095094266	3088.3988277566914
1.6242	1545.2762953103897	3091.2526704177553
1.6252	1546.5930211109367	3094.1073243003216
1.6262	1547.9088857355487	3096.962788376074
1.6272	1549.2238880102898	3099.8190616172355
1.6282	1550.538026762807	3102.6761429965727
1.6292	1551.8513008223288	3105.534031487393
1.6302	1553.163709019664	3108.392726063546
1.6312	1554.475250187202	3111.2522256994216
1.6322	1555.7859231589107	3114.1125293699547
1.6332	1557.0957267703354	3116.9736360506176
1.6342	1558.4046598585994	3119.835544717428
1.6352	1559.7127212624007	3122.698254346943
1.6362	1561.0199098220137	3125.5617639162624
1.6372	1562.3262243792853	3128.426072403026
1.6382	1563.6316637776372	3131.2911787854173
1.6392	1564.9362268620619	3134.157082042159
1.6402	1566.2399124791239	3137.023781152517
1.6412	1567.5427194769575	3139.8912750962977
1.6422	1568.844646705267	3142.7595628538497
1.6432	1570.1456930153245	3145.6286434060617
1.6442	1571.44585725997	3148.4985157343654
1.6452	1572.745138293609	3151.3691788207316
1.6462	1574.0435349722136	3154.240631647675
1.6472	1575.3410461533197	3157.1128731982485
1.6482	1576.6376706960277	3159.985902456049
1.6492	1577.9334074609997	3162.859718405213
1.6502000000000001	1579.22825531046	3165.7343200304185
1.6512	1580.5222131081937	3168.6097063168836
1.6522000000000001	1581.8152797195453	3171.4858762503695
1.6532	1583.1074540114182	3174.3628288171763
1.6542000000000001	1584.3987348522749	3177.240563004147
1.6552	1585.6891211121326	3180.1190777986635
1.6562000000000001	1586.9786116625671	3182.9983721886506
1.6572	1588.2672053767064	3185.8784451625706
1.6582000000000001	1589.5549011292353	3188.7592957094316
1.6592	1590.8416977963898	3191.640922818778
1.6602000000000001	1592.1275942559591	3194.5233254806976
1.6612	1593.4125893872827	3197.406502685817
1.6622000000000001	1594.6966820712514	3200.290453425305
1.6632	1595.9798711903047	3203.175176690869
1.6642000000000001	1597.262155628431	3206.0606714747605
1.6652	1598.5435342711653	3208.9469367697675
1.6662	1599.8240060055891	3211.8339715692205
1.6672	1601.1035697203306	3214.7217748669905
1.6682	1602.3822243055608	3217.6103456574883
1.6692	1603.659968652996	3220.499682935665
1.6702	1604.9368016558935	3223.389785697012
1.6712	1606.212722209054	3226.2806529375616
1.6722	1607.4877292088167	3229.1722836538843
1.6732	1608.761821553063	3232.0646768430943
1.6742	1610.0349981412112	3234.957831502841
1.6752	1611.3072578742187	3237.8517466313197
1.6762	1612.5785996545787	3240.74642122726
1.6772	1613.8490223863214	3243.641854289935
1.6782	1615.118524975011	3246.538044819156
1.6792	1616.387106327747	3249.4349918152757
1.6802	1617.6547653531602	3252.3326942791846
1.6812	1618.9215009614154	3255.231151212315
1.6822	1620.187312064207	3258.1303616166374
1.6832	1621.4521975747607	3261.030324494662
1.6842	1622.7161564078303	3263.931038849439
1.6852	1623.9791874797	3266.832503684559
1.6862	1625.2412897081783	3269.7347180041497
1.6872	1626.502462012603	3272.6376808128807
1.6882	1627.762703313835	3275.541391115959
1.6892	1629.0220125342616	3278.445847919133
1.6902	1630.280388597792	3281.3510502286877
1.6912	1631.5378304298588	3284.2569970514496
1.6922	1632.794336957416	3287.1636873947828
1.6932	1634.0499071089384	3290.071120266592
1.6942	1635.30453981442	3292.9792946753187
1.6952	1636.5582340053743	3295.8882096299462
1.6962	1637.8109886148316	3298.797864139994
1.6972	1639.0628025773399	3301.7082572155227
1.6982	1640.3136748289623	3304.6193878671297
1.6992	1641.5636043072777	3307.531255105953
1.7002	1642.812589951378	3310.443857943667
1.7012	1644.0606307018686	3313.3571953924875
1.7022	1645.3077255008664	3316.271266465166
1.7032	1646.5538732920002	3319.186070174995
1.7042	1647.799073020408	3322.1016055358036
1.7052	1649.043323632738	3325.017871561961
1.7062	1650.2866240771455	3327.9348672683723
1.7072	1651.5289733032935	3330.852591670483
1.7082	1652.7703702623512	3333.771043784275
1.7092	1654.0108139069935	3336.690222626271
1.7102	1655.2503031913986	3339.610127213528
1.7112	1656.4888370712497	3342.5307565636444
1.7122	1657.7264145037307	3345.4521096947547
1.7132	1658.963034447529	3348.3741856255324
1.7142	1660.19869586283	3351.2969833751863
1.7152	1661.4333977113213	3354.220501963467
1.7162	1662.6671389561866	3357.1447404106584
1.7172	1663.8999185621094	3360.0696977375856
1.7182	1665.1317354952687	3362.9953729656086
1.7192	1666.3625887233393	3365.9217651166264
1.7202	1667.592477215491	3368.8488732130745
1.7212	1668.821399942388	3371.7766962779274
1.7222	1670.0493558761857	3374.7052333346937
1.7232	1671.2763439905336	3377.6344834074234
1.7242	1672.50236326057	3380.564445520699
1.7252	1673.7274126629252	3383.4951186996436
1.7262	1674.9514911757162	3386.426501969915
1.7272	1676.1745977785502	3389.3585943577104
1.7282	1677.3967314525205	3392.2913948897612
1.7292	1678.617891180207	3395.2249025933374
1.7302	1679.8380759456736	3398.1591164962438
1.7312	1681.0572847344702	3401.0940356268247
1.7322	1682.275516533629	3404.029659013958
1.7332	1683.4927703316644	3406.96598568706
1.7342	1684.709045118572	3409.9030146760815
1.7352	1685.924339885829	3412.8407450115124
1.7362	1687.1386536263908	3415.779175724376
1.7372	1688.3519853346918	3418.718305846234
1.7382	1689.5643340066435	3421.658134409183
1.7392	1690.7756986396346	3424.598660445856
1.7402	1691.9860782325288	3427.5398829894207
1.7412	1693.1954717856654	3430.4818010735835
1.7422	1694.403878300856	3433.4244137325836
1.7432	1695.6112967813863	3436.3677200011984
1.7442	1696.817726232012	3439.3117189147383
1.7452	1698.0231656589624	3442.2564095090524
1.7462	1699.2276140699335	3445.201790820522
1.7472	1700.4310704740926	3448.147861886067
1.7482	1701.6335338820736	3451.0946217431388
1.7492	1702.8350033059785	3454.042069429729
1.7502	1704.0354777593734	3456.990203984359
1.7512	1705.2349562572922	3459.939024446091
1.7522	1706.43343781623	3462.8885298545165
1.7532	1707.6309214541477	3465.838719249766
1.7542	1708.8274061904665	3468.789591672503
1.7552	1710.0228910460694	3471.7411461639267
1.7562	1711.2173750433	3474.6933817657696
1.7572	1712.4108572059615	3477.6462975203012
1.7582	1713.603336559314	3480.599892470322
1.7592	1714.7948121300765	3483.5541656591718
1.7602	1715.9852829464237	3486.5091161307196
1.7612	1717.174748037986	3489.464742929372
1.7622	1718.3632064358483	3492.421045100068
1.7632	1719.5506571725493	3495.378021688283
1.7642	1720.7370992820797	3498.3356717400234
1.7652	1721.9225317998823	3501.2939943018323
1.7662	1723.1069537628507	3504.2529884207843
1.7672	1724.2903642093283	3507.2126531444906
1.7682	1725.4727621791067	3510.1729875210926
1.7692	1726.6541467134257	3513.1339905992686
1.7702	1727.8345168549718	3516.0956614282272
1.7712	1729.013871647878	3519.0579990577144
1.7722	1730.192210137721	3522.0210025380047
1.7732	1731.3695313715232	3524.984670919911
1.7742	1732.5458343977489	3527.949003254775
1.7752000000000001	1733.7211182663043	3530.913998594474
1.7762	1734.8953820285376	3533.8796559914167
1.7772000000000001	1736.0686247372364	3536.8459744985466
1.7782	1737.2408454466279	3539.8129531693385
1.7792000000000001	1738.4120432123775	3542.7805910578004
1.7802	1739.5822170915876	3545.748887218472
1.7812000000000001	1740.7513661427975	3548.7178407064284
1.7822	1741.9194894259813	3551.6874505772735
1.7832000000000001	1743.0865860025483	3554.657715887146
1.7842	1744.25265493534	3557.6286356927153
1.7852000000000001	1745.4176952886316	3560.6002090511847
1.7862	1746.5817061281296	3563.5724350202877
1.7872000000000001	1747.7446865209706	3566.545312658292
1.7882	1748.906635535721	3569.5188410239944
1.7892000000000001	1750.0675522423767	3572.493019176726
1.7902	1751.2274357123597	3575.4678461763483
1.7912000000000001	1752.386285018521	3578.4433210832553
1.7922	1753.544099235135	3581.4194429583713
1.7932	1754.7008774379024	3584.396210863152
1.7942	1755.8566187039482	3587.3736238595875
1.7952	1757.0113221118186	3590.3516810101946
1.7962	1758.1649867414837	3593.3303813780244
1.7972	1759.3176116743336	3596.3097240266575
1.7982	1760.4691959931783	3599.2897080202065
1.7992	1761.6197387822479	3602.270332423314
1.8002	1762.7692391271896	3605.2515963011538
1.8012	1763.9176961150683	3608.2334987194304
1.8022	1765.0651088343654	3611.216038744379
1.8032	1766.211476374977	3614.199215442765
1.8042	1767.3567978282147	3617.183027881884
1.8052	1768.5010722868017	3620.167475129562
1.8062	1769.6442988448748	3623.152556254155
1.8072	1770.7864765979823	3626.1382703245495
1.8082	1771.9276046430832	3629.1246164101626
1.8092	1773.0676820785454	3632.11159358094
1.8102	1774.2067080041456	3635.0992009073575
1.8112	1775.3446815210682	3638.08743746042
1.8122	1776.481601731905	3641.0763023116647
1.8132	1777.6174677406523	3644.065794533154
1.8142	1778.7522786527122	3647.0559131974837
1.8152	1779.8860335748902	3650.046657377776
1.8162	1781.0187316153952	3653.0380261476844
1.8172	1782.150371883837	3656.0300185813894
1.8182	1783.2809534912276	3659.0226337536033
1.8192	1784.410475549978	3662.0158707395635
1.8202	1785.5389371738993	3665.00972861504
1.8212	1786.6663374781995	3668.0042064563277
1.8222	1787.7926755794851	3670.9993033402543
1.8232	1788.9179505957577	3673.995018344172
1.8242	1790.0421616464148	3676.991350545964
1.8252	1791.1653078522484	3679.9882990240403
1.8262	1792.287388335443	3682.98586285734
1.8272	1793.408402219576	3685.984041125329
1.8282	1794.5283486296169	3688.982832908003
1.8292	1795.6472266919243	3691.9822372858825
1.8302	1796.7650355342478	3694.98225334002
1.8312	1797.8817742857243	3697.982880151992
1.8322	1798.9974420768797	3700.9841168039047
1.8332	1800.1120380396248	3703.985962378389
1.8342	1801.2255613072584	3706.988415958607
1.8352	1802.3380110144622	3709.9914766282445
1.8362	1803.4493862973027	3712.9951434715167
1.8372	1804.5596862932287	3715.999415573164
1.8382	1805.6689101410718	3719.0042920184555
1.8392	1806.7770569810436	3722.009771893185
1.8402	1807.8841259547364	3725.0158542836753
1.8412	1808.9901162051212	3728.0225382767735
1.8422	1810.0950268765478	3731.0298229598548
1.8432	1811.198857114742	3734.037707420819
1.8442	1812.301606066807	3737.046190748095
1.8452	1813.4032728812203	3740.055272030634
1.8462	1814.5038567078345	3743.0649503579166
1.8472	1815.6033566978754	3746.075224819947
1.8482	1816.701772003941	3749.0860945072573
1.8492	1817.799101780001	3752.0975585109027
1.8502	1818.8953451813952	3755.1096159224658
1.8512	1819.9905013648338	3758.122265834054
1.8522	1821.084569488395	3761.1355073383
1.8532	1822.1775487115247	3764.1493395283624
1.8542	1823.2694381950357	3767.163761497924
1.8552	1824.3602371011066	3770.178772341193
1.8562	1825.4499445932806	3773.194371152903
1.8572	1826.538559836465	3776.2105570283106
1.8582	1827.6260819969305	3779.2273290631997
1.8592	1828.7125102423086	3782.244686353876
1.8602	1829.7978437415932	3785.262627997173
1.8612	1830.8820816651366	3788.2811530904432
1.8622	1831.9652231846526	3791.30026073157
1.8632	1833.0472674732107	3794.319950018955
1.8642	1834.1282137052397	3797.3402200515275
1.8652	1835.208061056523	3800.3610699287387
1.8662	1836.286808704201	3803.382498750565
1.8672	1837.364455826767	3806.4045056175046
1.8682	1838.4410016040686	3809.4270896305816
1.8692	1839.5164452173058	3812.4502498913407
1.8702	1840.5907858490302	3815.473985501853
1.8712	1841.6640226831435	3818.4982955647088
1.8722	1842.7361549048983	3821.523179183026
1.8732	1843.8071817008943	3824.5486354604413
1.8742	1844.8771022590802	3827.574663501118
1.8752	1845.945915768751	3830.601262409738
1.8762	1847.013621420548	3833.62843129151
1.8772	1848.0802184064567	3836.6561692521614
1.8782	1849.1457059198074	3839.6844753979444
1.8792	1850.2100831552732	3842.7133488356326
1.8802	1851.273349308869	3845.742788672522
1.8812	1852.335503577951	3848.772794016429
1.8822	1853.3965451612162	3851.803363975695
1.8832	1854.4564732586996	3854.8344976591798
1.8842	1855.5152870717761	3857.866194176268
1.8852	1856.5729858031564	3860.8984526368617
1.8862	1857.6295686568892	3863.931272151389
1.8872	1858.6850348383573	3866.964651830795
1.8882	1859.739383554279	3869.9985907865494
1.8892	1860.7926140127056	3873.03308813064
1.8902	1861.8447254230218	3876.0681429755787
1.8912	1862.895716995943	3879.103754434395
1.8922	1863.9455879435166	3882.139921620641
1.8932	1864.9943374791185	3885.1766436483877
1.8942	1866.0419648174548	3888.2139196322296
1.8952	1867.088469174558	3891.251748687277
1.8962	1868.1338497677898	3894.2901299291657
1.8972	1869.1781058158354	3897.3290624740453
1.8982	1870.2212365387077	3900.3685454385914
1.8992	1871.2632411577413	3903.4085779399948
1.9002000000000001	1872.3041188955963	3906.4491590959697
1.9012	1873.3438689762531	3909.490288024746
1.9022000000000001	1874.3824906250154	3912.5319638450765
1.9032	1875.4199830685052	3915.57418567623
1.9042000000000001	1876.456345534666	3918.6169526379986
1.9052	1877.4915772527584	3921.660263850689
1.9062000000000001	1878.5256774533618	3924.70411843513
1.9072	1879.5586453683707	3927.748515512668
1.9082000000000001	1880.5904802309967	3930.793454205168
1.9092	1881.6211812757656	3933.8389336350133
1.9102000000000001	1882.6507477385173	3936.884952925107
1.9112	1883.6791788564042	3939.931511198868
1.9122000000000001	1884.706473867891	3942.9786075802367
1.9132	1885.7326320127527	3946.0262411936674
1.9142000000000001	1886.7576525320758	3949.074411164137
1.9152	1887.7815346682546	3952.123116617136
1.9162000000000001	1888.8042776649925	3955.172356678676
1.9172	1889.8258807672992	3958.2221304752825
1.9182000000000001	1890.846343221492	3961.2724371340023
1.9192	1891.865664275192	3964.3232757823957
1.9202	1892.8838431773263	3967.3746455485434
1.9212	1893.9011431814927	3970.4265455610416
1.9222	1894.9186196899323	3973.478975086361
1.9232	1895.9362726414304	3976.531933940855
1.9242	1896.9541019748228	3979.585421941033
1.9252	1897.9721076290007	3982.6394389035668
1.9262	1898.9902895429059	3985.6939846452824
1.9272	1900.0086476555348	3988.7490589831696
1.9282	1901.0271819059355	3991.804661734371
1.9292	1902.0458922332093	3994.8607927161925
1.9302	1903.0647785765095	3997.9174517460933
1.9312	1904.0838408750433	4000.974638641694
1.9322	1905.1030790680684	4004.03235322077
1.9332	1906.1224930948968	4007.090595301255
1.9342	1907.1420828948915	4010.1493647012385
1.9352	1908.1618484074684	4013.2086612389694
1.9362	1909.1817895720949	4016.268484732849
1.9372	1910.201906328292	4019.32883500144
1.9382	1911.2221986156305	4022.389711863456
1.9392	1912.2426663737356	4025.451115137771
1.9402	1913.2633095422825	4028.5130446434114
1.9412	1914.284128060999	4031.575500199561
1.9422	1915.3051218696646	4034.6384816255572
1.9432	1916.3262909081104	4037.701988740895
1.9442	1917.3476351162194	4040.7660213652216
1.9452	1918.3691544339256	4043.8305793183404
1.9462	1919.3908488012148	4046.8956624202074
1.9472	1920.412718158124	4049.961270490935
1.9482	1921.4347624447416	4053.027403350788
1.9492	1922.456981601208	4056.0940608201868
1.9502	1923.4793755677133	4059.1612427197024
1.9512	1924.5019442844998	4062.2289488700617
1.9522	1925.5246876918604	4065.297179092144
1.9532	1926.5476057301396	4068.365933206981
1.9542	1927.5706983397315	4071.4352110357577
1.9552	1928.593965461083	4074.5050123998117
1.9562	1929.6174070346894	4077.575337120631
1.9572	1930.641023001099	4080.6461850198593
1.9582	1931.664813300909	4083.717555919289
1.9592	1932.6887778747682	4086.7894496408667
1.9602	1933.712916663375	4089.861866006687
1.9612	1934.7372296074793	4092.9348048389998
1.9622	1935.7617166478806	4096.008265960203
1.9632	1936.7863777254286	4099.0822491928475
1.9642	1937.8112127810232	4102.156754359631
1.9652	1938.836221755616	4105.231781283409
1.9662	1939.861404590206	4108.30732978718
1.9672	1940.8867612258443	4111.383399694095
1.9682	1941.9122916036313	4114.459990827456
1.9692	1942.9379956647167	4117.537103010713
1.9702	1943.9638733503011	4120.614736067466
1.9712	1944.9899246016346	4123.6928898214655
1.9722	1946.0161493600158	4126.771564096609
1.9732	1947.042547566794	4129.850758716943
1.9742	1948.0691191633678	4132.930473506665
1.9752	1949.095864091186	4136.0107082901195
1.9762	1950.1227822917451	4139.091462891797
1.9772	1951.1498737065924	4142.1727371363395
1.9782	1952.1771382773238	4145.254530848533
1.9792	1953.204575945585	4148.336843853317
1.9802	1954.2321866530701	4151.419675975772
1.9812	1955.2599703415224	4154.50302704113
1.9822	1956.2879269527348	4157.586896874767
1.9832	1957.316056428549	4160.67128530221
1.9842	1958.3443587108547	4163.756192149127
1.9852	1959.3728337415916	4166.841617241337
1.9862	1960.4014814627471	4169.927560404803
1.9872	1961.430301816358	4173.014021465637
1.9882	1962.4592947445099	4176.101000250092
1.9892	1963.488460189336	4179.18849658457
1.9902	1964.5177980930184	4182.276510295617
1.9912	1965.5473083977884	4185.365041209928
1.9922	1966.5769910459242	4188.454089154336
1.9932	1967.606845979754	4191.543653955825
1.9942	1968.6368731416528	4194.633735441521
1.9952	1969.6670724740438	4197.724333438695
1.9962	1970.6974439193998	4200.815447774762
1.9972	1971.7279874202397	4203.907078277282
1.9982	1972.7587029191316	4206.999224773957
1.9992	1973.7895903586914	4210.091887092637
2.0002	1974.820649681582	4213.185065061309
2.0012	1975.851880830515	4216.278758508108
2.0022	1976.8832837482503	4219.3729672613135
2.0032	1977.914858377593	4222.467691149342
2.0042	1978.946604661398	4225.562930000757
2.0052	1979.9785225425671	4228.658683644264
2.0062	1981.0106119640498	4231.7549519087115
2.0072	1982.042872868842	4234.851734623088
2.0082	1983.0753051999882	4237.949031616527
2.0092	1984.1079089005793	4241.0468427183
2.0102	1985.1406839137542	4244.145167757824
2.0112	1986.1736301826977	4247.244006564655
2.0122	1987.2067476506427	4250.343358968491
2.0132	1988.2400362608691	4253.44322479917
2.0142	1989.2734959567038	4256.543603886674
2.0152	1990.3071266815195	4259.644496061122
2.0162	1991.3409283787369	4262.7459011527735
2.0172	1992.374900991823	4265.847818992032
2.0182	1993.4090444642923	4268.95024940944
2.0192	1994.4433587397043	4272.053192235677
2.0202	1995.4778437616667	4275.156647301564
2.0212	1996.5124994738326	4278.260614438062
2.0222	1997.5473258199029	4281.365093476273
2.0232	1998.582322743623	4284.470084247433
2.0242	1999.6174901887862	4287.575586582922
2.0252	2000.6528280992316	4290.6816003142585
2.0262000000000002	2001.6883364188445	4293.788125273098
2.0272	2002.7240150915559	4296.8951612912315
2.0282	2003.7598640613442	4300.002708200595
2.0292	2004.7958832722315	4303.1107658332585
2.0302000000000002	2005.8320726682891	4306.219334021431
2.0312	2006.8684321936314	4309.328412597458
2.0322	2007.90496179242	4312.4380013938235
2.0332	2008.9416614088616	4315.548100243149
2.0342000000000002	2009.9785309872098	4318.658708978193
2.0352	2011.0155704717627	4321.769827431852
2.0362	2012.0527798068642	4324.881455437157
2.0372	2013.0901589369048	4327.993592827278
2.0382000000000002	2014.1277078063194	4331.106239435521
2.0392	2015.1654263595876	4334.219395095326
2.0402	2016.2033145412365	4337.333059640272
2.0412	2017.2413722958368	4340.447232904074
2.0422000000000002	2018.2795995680062	4343.561914720582
2.0432	2019.317996302405	4346.677104923778
2.0442	2020.3565624437408	4349.792803347785
2.0452	2021.3952979367657	4352.909009826859
2.0462000000000002	2022.434202726277	4356.025724195392
2.0472	2023.473276757116	4359.14294628791
2.0482	2024.5125199741697	4362.26067593907
2.0492	2025.5519323223698	4365.3789129836705