4.00000001e-15	6.302945748716805e-26	4.351707029680875e-12
4.73000011e-15	6.302945614818121e-25	4.385181901361303e-12
4.7599999e-15	6.302945614818122e-24	4.407498337424682e-12
4.91000012e-15	6.302945960723054e-23	4.546975920553448e-12
6.99000006e-15	7.551104552555234e-22	6.471769917429146e-12
9.89999996e-15	8.736777248382057e-21	9.149743617496096e-12
2.71999999e-14	1.0609016168266013e-19	2.5161794911850037e-11
1.27e-13	3.632001829948672e-18	1.1827716915866996e-10
6.93000019e-13	1.185672907833073e-16	6.415978632001786e-10
6.29500011e-12	6.08078550546753e-15	5.824592948002679e-9
1.58099991e-11	3.1003124302611025e-14	1.4628431042178087e-8
3.97200016e-11	1.517072015175184e-13	3.6749608457933496e-8
9.97599989e-11	7.182883240348137e-13	9.22785101539835e-8
2.50600013e-10	3.286319950903816e-12	2.318678910957376e-7
6.29399977e-10	1.4465520754295918e-11	5.824592479357286e-7
1.581e-9	6.08770373800491e-11	1.4628431488507032e-6
3.97200006e-9	2.44063831733988e-10	3.6755189243472444e-6
4.99999997e-9	3.281968243695604e-10	4.626757397902255e-6
9.97599958e-9	8.955255713010489e-10	9.233429602767239e-6
1.98999999e-8	2.3919883842892214e-9	0.000018422227181432718
3.97199997e-8	6.278062742691364e-9	0.00003676076869002455
7.9240003e-8	1.6250836532024102e-8	0.00007336532325373801
1.58099994e-7	4.16625735326936e-8	0.00014639588819459942
1.98999999e-7	5.453023833965633e-8	0.00018433386074536936
3.15499989e-7	1.0165922706985048e-7	0.00029217806962731534
4.99999999e-7	1.8903147176969427e-7	0.00046312206427136807
6.29400006e-7	2.5767685114929705e-7	0.0005830171702744923
7.92399987e-7	3.1427137022985945e-7	0.0007342111002008481
9.97599955e-7	4.2810757754965417e-7	0.000924458816112475
1.58099999e-6	7.937960432939077e-7	0.0014650748047310871
2.5060001e-6	1.4703190805623745e-6	0.002323142055344789
3.97199983e-6	2.7221601762999334e-6	0.003682771814327159
4.99999987e-6	3.533363099754519e-6	0.0046373577214907395
6.29399983e-6	4.806516235215354e-6	0.005835750937290783
7.92399987e-6	6.540169783530463e-6	0.007353269471100201
9.976e-6	8.892769939745593e-6	0.00925574675295693
0.00001256	0.000012094398348582906	0.011660343673287213
0.0000158099992	0.000015620397121178308	0.014678642936844455
0.0000199000006	0.00002124302644498996	0.018483597411292123
0.0000250600006	0.000028880830841330063	0.02327605434054899
0.0000315500001	0.00003712564126311091	0.02931265286766347
0.0000397199983	0.00005047980272260657	0.03691698437848694
0.0000499999987	0.0000686465036822138	0.046485161459495654
0.000062940002	0.00009329613847355502	0.058524884735550106
0.0000792400024	0.00012686900357063158	0.07375585817897791
0.00009976	0.00016207320464182103	0.09283642021870118
0.000110499997	0.00018047310421780854	0.10287881834411962
0.000125599996	0.00020531130997545192	0.1169381856728409
0.000158099996	0.0002791452756081232	0.14728854831510826
0.000199000002	0.0003629546942646731	0.18550547199285877
0.0002	0.0003652221626504233	0.1864462707257967
0.0012000000000000001	0.0013087123297136729	1.1277314456735463
0.0022	0.0024464107909377046	2.0689460723115425
0.0032	0.003834138158553995	3.01074051735494
0.0042	0.005432998611980342	3.9530085763711003
0.0052	0.007204748479297192	4.895677131653118
0.0062	0.00913021907107402	5.838700193432477
0.0072	0.011195606306660897	6.782043954492657
0.0082	0.013390742314792314	7.7256823818861875
0.009200000000000002	0.015707963923905676	8.669594740035306
0.0102	0.018142192152354228	9.613761412477249
0.0112	0.020647114040421806	10.558062147271315
0.0122	0.02326325107483995	11.502586671276944
0.013200000000000002	0.02598738281204375	12.447325741380872
0.0142	0.02881700489169659	13.392271273424551
0.0152	0.031750125626980354	14.337416147345653
0.0162	0.034785266271775604	15.282754050261637
0.0172	0.03792189443329365	16.228279358112506
0.0182	0.041160338789748695	17.173987070124948
0.0192	0.044500081732857966	18.119872754453986
0.0202	0.04794073380574824	19.065932414461706
0.0212	0.051482104678065736	20.012162430291614
0.022199999999999998	0.055124122309236495	20.958559514911922
0.0232	0.0588667978622605	21.90512067443338
0.0242	0.062710245092888	22.85184317373721
0.0252	0.06665465493504907	23.798724508619628
0.0262	0.07070046627806739	24.745762381318187
0.0272	0.07484853376224125	25.692954686205564
0.0282	0.07909927994729729	26.640299504136465
0.0292	0.08345312869454531	27.58779506715087
0.030199999999999998	0.08791053538728985	28.535439742969764
0.0312	0.09247201624333048	29.48323202254223
0.0322	0.0971380874732459	30.431170510152175
0.0332	0.10190927057050744	31.37925391285323
0.0342	0.1067861278395722	32.32748103132942
0.0352	0.11176922918084703	33.27585075287249
0.0362	0.11685908885645123	34.22436204423001
0.0372	0.12205632773431054	35.17301394345288
0.0382	0.12736157964935244	36.12180555701709
0.0392	0.13277538180192464	37.070736054809714
0.0402	0.13829838436460462	38.01980466277968
0.0412	0.14393126465521927	38.96901066156691
0.0422	0.14967457406496212	39.91835338320599
0.0432	0.15552904734654804	40.867832204446714
0.044199999999999996	0.16149540492996506	41.81744654791113
0.0452	0.16757427544300207	42.76719587866965
0.0462	0.17376643966931377	43.7170796993648
0.0472	0.18007263274463153	44.66709755107453
0.0482	0.18649342144016862	45.617249009936344
0.0492	0.19302995036964793	46.567533681377796
0.0502	0.1996828498658374	47.51795121018769
0.0512	0.206453068332369	48.46850126784071
0.0522	0.2133414268642391	49.41918355718266
0.0532	0.22034880512446395	50.369997808182276
0.0542	0.22747631471583618	51.32094377747068
0.0552	0.2347244550833586	52.27202125122109
0.0562	0.24209414514760566	53.22323003238111
0.0572	0.2495865816621117	54.17456994725026
0.0582	0.2572032259013163	55.12604084911814
0.0592	0.26494557838815025	56.07764262140278
0.0602	0.2728137256063436	57.029375176899975
0.0612	0.2808081321599943	57.98123843270867
0.0622	0.2889294653136614	58.93323231627008
0.0632	0.29718171722040865	59.885356767890315
0.06420000000000001	0.30556589039843385	60.83761179304078
0.06520000000000001	0.31407945419749567	61.789997412824846
0.06620000000000001	0.32272369294361075	62.742513608825725
0.06720000000000001	0.3315057459517503	63.6951603821038
0.06820000000000001	0.34041834160968903	64.64793784077617
0.06920000000000001	0.349469979397586	65.60084598237637
0.07020000000000001	0.35865915779618185	66.55388492774868
0.07120000000000001	0.3679857912868331	67.5070547729583
0.07220000000000001	0.3774556014832496	68.46035560973233
0.0732	0.3870596911658399	69.41378760732644
0.0742	0.39681439604353363	70.36735080781631
0.0752	0.40672147347181553	71.32104547254684
0.0762	0.41676161825707586	72.27487188045761
0.0772	0.42695973997355	73.22883004811422
0.0782	0.4373214370242582	74.18292031497751
0.0792	0.44784970764665	75.13714308346437
0.08020000000000001	0.4577568848217195	76.0914987838546
0.08120000000000001	0.46467528065952934	77.04597811113618
0.08220000000000001	0.47223038897491976	78.00054263962885
0.08320000000000001	0.48247779063161506	78.95519901751031
0.08420000000000001	0.4948189786342276	79.90997850533691
0.08520000000000001	0.5073869348713542	80.86490456131465
0.08620000000000001	0.5201860045681345	81.81997812670481
0.08720000000000001	0.5331207715162002	82.77520017134117
0.0882	0.5459249104880257	83.73057055898937
0.0892	0.5591100794125	84.68608611336388
0.0902	0.5727257571647785	85.64174947926232
0.0912	0.586958087858103	86.597563784182
0.0922	0.6014503685255868	87.55353414338484
0.0932	0.6162051558416434	88.50966168370994
0.0942	0.631223047109179	89.4659475352797
0.0952	0.6465036655766365	90.42239281061276
0.09620000000000001	0.6620521880300926	91.37899859478478
0.09720000000000001	0.6779899585042515	92.33576600408588
0.09820000000000001	0.6947222294032293	93.2926973706392
0.09920000000000001	0.7119343100843551	94.24979912041408
0.10020000000000001	0.7292007981137213	95.20707437960327
0.10120000000000001	0.7461983794968111	96.16452196634378
0.10220000000000001	0.7631005018361408	97.1221375188977
0.10320000000000001	0.780276441061783	98.0799184526095
0.10420000000000001	0.797728669912024	99.03786581820746
0.1052	0.8154596585133224	99.99598066998313
0.1062	0.8334718663006241	100.95426406566513
0.1072	0.8517677419589528	101.91271706622129
0.1082	0.8703497233704747	102.87134073566781
0.1092	0.8892202375667511	103.83013614088479
0.1102	0.9083817006859282	104.7891043514382
0.11120000000000001	0.9278365179345945	105.74824643940795
0.11220000000000001	0.9475870835540783	106.70756347922175
0.11320000000000001	0.9676357807909597	107.66705654749451
0.11420000000000001	0.9879849818715691	108.62672672287337
0.11520000000000001	1.0086370479802707	109.58657508588767
0.11620000000000001	1.0295943292413297	110.54660271880424
0.11720000000000001	1.0508591647041854	111.50681070548715
0.11820000000000001	1.072433882331936	112.46720013126256
0.11920000000000001	1.094320798992852	113.42777208278757
0.1202	1.1165222204548229	114.38852764792381
0.1212	1.139040441382498	115.34946791561504
0.1222	1.1618777453369695	116.31059397576855
0.1232	1.1850364047779494	117.27190691914086
0.1242	1.2085186810682145	118.23340783722679
0.1252	1.2323268244802934	119.19509782215235
0.1262	1.256463074205045	120.15697796657095
0.1272	1.28092965836232	121.11904936356314
0.1282	1.3057287940133662	122.08131310653944
0.1292	1.3308626871749554	123.04377028914637
0.1302	1.3563335328351172	124.00642200517548
0.1312	1.3821435149703807	124.9692693484753
0.1322	1.4082948262647683	125.93231341286608
0.1332	1.4347897459447405	126.89555529220549
0.1342	1.4616305303768835	127.85899608103739
0.13520000000000001	1.4888191044565504	128.82263687441102
0.13620000000000002	1.5163575154755216	129.7864787654129
0.13720000000000002	1.544247903367004	130.7505228461088
0.13820000000000002	1.5724923754071436	131.71477020824258
0.13920000000000002	1.601093028119004	132.6792219430068
0.14020000000000002	1.6300519473010506	133.64387914097728
0.14120000000000002	1.659371208056275	134.60874289204966
0.14220000000000002	1.6890528748219873	135.57381428537838
0.14320000000000002	1.7190990014001637	136.53909440931704
0.14420000000000002	1.7495116309883245	137.50458435136113
0.1452	1.7802927962108033	138.47028519809214
0.1462	1.8114445191504593	139.43619803512382
0.1472	1.8429688113809197	140.40232394704978
0.1482	1.8748676739988122	141.3686640173929
0.1492	1.9071430976564732	142.33521932855638
0.1502	1.939797062594843	143.30199096177628
0.1512	1.9728315386765416	144.26897999707538
0.1522	2.0062483289537636	145.23618751321865
0.1532	2.040048380672926	146.20361458664757
0.1542	2.074232315528013	147.17126228594125
0.1552	2.1088030630687644	148.13913166983178
0.1562	2.143763725729732	149.10722380228185
0.1572	2.179116870786593	150.0755397534957
0.1582	2.2148642324389414	151.04408059640008
0.1592	2.2510077023763704	152.01284740131837
0.1602	2.2875491630273075	152.9818412370102
0.1612	2.324361162602701	153.9510631706428
0.1622	2.360959016328967	154.92051346946116
0.1632	2.3974672327665503	155.8901894043063
0.1642	2.4338856936968916	156.8600890433341
0.1652	2.470214282342294	157.8302104775111
0.16620000000000001	2.506452883341548	158.80055182020914
0.16720000000000002	2.542601382726109	159.77111120680948
0.16820000000000002	2.578659667896828	160.74188679431612
0.16920000000000002	2.6146276276012146	161.71287676097833
0.17020000000000002	2.6505051519112097	162.68407930592195
0.17120000000000002	2.6862921322014595	163.65549264878902
0.17220000000000002	2.7219884611280887	164.62711502938612
0.17320000000000002	2.75759403260793	165.59894470734028
0.17420000000000002	2.7931087417982203	166.57097996176302
0.17520000000000002	2.828532485076751	167.54321909092195
0.1762	2.86386516002244	168.51566041191973
0.1772	2.8991066653963378	169.4883022603801
0.1782	2.934256901123035	170.461142990141
0.1792	2.9693157682724776	171.4341809729546
0.1802	3.0042831690421647	172.40741459819355
0.1812	3.0391590067397303	173.38084227256405
0.1822	3.0739431857658874	174.35446241982493
0.1832	3.1086356115977414	175.32827348051296
0.1842	3.1432361907724338	176.3022739116738
0.1852	3.177744830871146	177.276462186599
0.1862	3.2121614405034222	178.25083679456841
0.1872	3.246485929291816	179.2253962405982
0.1882	3.2807182078568538	180.200139045194
0.1892	3.3148581878023005	181.1750637441092
0.1902	3.348905781700726	182.15016888810857
0.1912	3.3828609030793615	183.12545304273644
0.1922	3.4167234664062383	184.10091478808988
0.1932	3.4504933870765986	185.0765527185963
0.1942	3.4841705813995847	186.05236544279592
0.1952	3.517754966585179	187.02835158312823
0.1962	3.551246460731411	188.00450977572322
0.19720000000000001	3.584644982811802	188.98083867019642
0.19820000000000002	3.617950452663062	189.9573369294482
0.19920000000000002	3.6511627909730198	190.93400322946704
0.20020000000000002	3.6842819192687863	191.91083625913677
0.20120000000000002	3.7173077599051423	192.88783472004746
0.20220000000000002	3.7502402360531444	193.86499732631
0.20320000000000002	3.783079271688953	194.8423228043745
0.20420000000000002	3.8158247915828647	195.819809892852
0.20520000000000002	3.848476721288549	196.79745734233967
0.20620000000000002	3.88103498713249	197.7752639152495
0.20720000000000002	3.9134995162036175	198.75322838564
0.20820000000000002	3.9458702363431377	199.73134953905145
0.2092	3.9781470761345363	200.70962617234377
0.2102	4.010329964893783	201.68805709353813
0.2112	4.042418832659694	202.66664112166075
0.2122	4.074413610184481	203.64537708659023
0.2132	4.106314228924466	204.62426382890746
0.2142	4.138120621030969	205.60330019974825
0.2152	4.169832719341336	206.58248506065877
0.2162	4.201450457370162	207.56181728345368
0.2172	4.23297376930063	208.5412957500767
0.2182	4.264402589976031	209.5209193524638
0.2192	4.295736854891415	210.50068699240882
0.2202	4.326976500185401	211.48059758143157
0.2212	4.358121462632109	212.46065004064823
0.2222	4.389171679633253	213.44084330064408
0.2232	4.4201270892103555	214.42117630134845
0.2242	4.450987629997094	215.40164799191186
0.2252	4.481753241231793	216.38225733058553
0.2262	4.512423862750018	217.3630032846026
0.2272	4.542999434977318	218.34388483006185
0.22820000000000001	4.573479898922074	219.3249009518131
0.22920000000000001	4.6038651961684725	220.30605064334478
0.23020000000000002	4.634155268869598	221.28733290667333
0.23120000000000002	4.664350059740635	222.2687467522346
0.23220000000000002	4.694449512052179	223.25029119877686
0.23320000000000002	4.724453569623668	224.2319652732561
0.23420000000000002	4.754362176816911	225.21376801073248
0.23520000000000002	4.784175278529725	226.195698454269
0.23620000000000002	4.813892820189675	227.1777556548317
0.23720000000000002	4.843514747747917	228.1599386711915
0.23820000000000002	4.87304100767313	229.1422465698276
0.23920000000000002	4.902471546945559	230.12467842483272
0.2402	4.931806313051143	231.10723331781972
0.2412	4.961045253975735	232.08991033782968
0.2422	4.990188318199422	233.07270858124173
0.2432	5.01923545469092	234.05562715168398
0.2442	5.048186612902071	235.0386651599464
0.2452	5.077041742762419	236.02182172389453
0.2462	5.105800794673867	237.00509596838506
0.2472	5.134463719505417	237.98848702518248
0.2482	5.163030468588	238.97199403287712
0.2492	5.191500993709374	239.95561613680454
0.2502	5.2198752471090994	240.93935248896608
0.2512	5.2481531814736035	241.92320224795094
0.2522	5.276334749931305	242.9071645788591
0.2532	5.304419906047815	243.89123865322557
0.2542	5.332408603821221	244.87542364894614
0.2552	5.360300797677422	245.85971875020368
0.2562	5.388096442465552	246.84412314739617
0.2572	5.415795493453457	247.8286360370655
0.2582	5.443397906323246	248.81325662182738
0.2592	5.470903637166904	249.79798411030237
0.2602	5.498312642481974	250.78281771704806
0.2612	5.5256248791672915	251.76775666249205
0.2622	5.552840304518796	252.7528001728662
0.2632	5.579958876225386	253.73794748014157
0.2642	5.606980552364847	254.72319782196467
0.2652	5.6339052913998335	255.7085504415944
0.2662	5.660733052173901	256.69400458783997
0.2672	5.687463793907609	257.6795595149998
0.2682	5.714097476194669	258.66521448280156
0.2692	5.740634058998144	259.6509687563422
0.2702	5.767073502646712	260.63682160603014
0.2712	5.7934157678309735	261.62277230752744
0.2722	5.819660815599816	262.6088201416929
0.2732	5.845808607356817	263.594964394526
0.2742	5.87185910485672	264.5812043571122
0.2752	5.897812270201931	265.5675393255681
0.2762	5.923668065839086	266.5539686009882
0.2772	5.949426454555654	267.54049148939185
0.2782	5.975087399476584	268.5271073016712
0.2792	6.000650864061007	269.51381535354005
0.2802	6.026116812098977	270.50061496548307
0.2812	6.051485207708258	271.4875054627059
0.2822	6.076756015331147	272.474486175086
0.2832	6.10192919973135	273.4615564371242
0.2842	6.127004725990893	274.4487155878968
0.2852	6.151982559507078	275.4359629710083
0.2862	6.176862665989474	276.42329793454485
0.2872	6.201645011456952	277.41071983102876
0.2882	6.226329562234756	278.3982280173727
0.28919999999999996	6.250916284951618	279.3858218548353
0.29019999999999996	6.275405146536903	280.37350070897736
0.29119999999999996	6.299796114217794	281.361263949618
0.29219999999999996	6.324089155516518	282.3491109507919
0.29319999999999996	6.348284238247596	283.33704109070726
0.29419999999999996	6.372381330515149	284.32505375170393
0.29519999999999996	6.396380400710211	285.31314832021224
0.29619999999999996	6.420281417508101	286.3013241867124
0.29719999999999996	6.4440843498658165	287.2895807456946
0.29819999999999997	6.467789167019453	288.27791739561917
0.29919999999999997	6.491395838481683	289.2663335388781
0.30019999999999997	6.5149043340392305	290.2548285817558
0.30119999999999997	6.538314623750401	291.24340193439184
0.30219999999999997	6.561626677942645	292.232053010743
0.30319999999999997	6.584840467210133	293.2207812285465
0.30419999999999997	6.607955962411371	294.20958600928316
0.30519999999999997	6.630973134666854	295.1984667781417
0.30619999999999997	6.653891955356736	296.18742296398324
0.3072	6.676712396118525	297.1764539993055
0.3082	6.699434428844829	298.165559320209
0.3092	6.722058025681097	299.1547383663621
0.3102	6.744583159023419	300.14399058096757
0.3112	6.767009801516328	301.1333154107291
0.3122	6.789337926050651	302.12271230581854
0.3132	6.811567505761357	303.11218071984297
0.3142	6.833698514025463	304.101720109813
0.3152	6.855730924459941	305.09132993611075
0.3162	6.877664710919659	306.08100966245865
0.3172	6.899499847495355	307.07075875588856
0.3182	6.92123630851161	308.060576686711
0.3192	6.942874068524875	309.0504629284851
0.3202	6.964413102321501	310.04041695798895
0.3212	6.985853384915796	311.03043825518984
0.3222	7.007194891548112	312.0205263032154
0.3232	7.028437597682948	313.0106805883248
0.3242	7.049581479007074	314.0009005998806
0.3252	7.070626511427678	314.9911858303202
0.3262	7.091572671070538	315.98153577512863
0.3272	7.112419934278216	316.9719499328111
0.3282	7.133168277608257	317.96242780486585
0.3292	7.15381767783143	318.9529688957573
0.3302	7.17436811192998	319.94357271289016
0.3312	7.1948195570958955	320.93423876658295
0.3322	7.215171990729195	321.9249665700423
0.3332	7.2354253904362515	322.91575563933753
0.3342	7.255579734028107	323.90660549337565
0.3352	7.275634999518829	324.89751565387627
0.3362	7.295591165123874	325.8884856453471
0.3372	7.315448209258469	326.87951499505965
0.3382	7.335206110536023	327.87060323302546
0.3392	7.35486484776654	328.8617498919721
0.3402	7.3744243999550525	329.8529545073197
0.3412	7.393884746300089	330.84421661715805
0.3422	7.413245866192137	331.8355357622235
0.3432	7.432507739212133	332.8269114858764
0.3442	7.451670345129965	333.81834333407863
0.3452	7.470733663903	334.8098308553716
0.3462	7.489697675674619	335.8013736008543
0.3472	7.508562360772762	336.79297112416145
0.3482	7.527327699708511	337.78462298144274
0.3492	7.545993673174661	338.776328731341
0.3502	7.564560262044325	339.7680879349717
0.3512	7.583027447369552	340.7599001559022
0.35219999999999996	7.601395210379943	341.7517649601312
0.35319999999999996	7.619663532481312	342.74368191606885
0.35419999999999996	7.637832395254327	343.7356505945163
0.35519999999999996	7.65590178045319	344.7276705686463
0.35619999999999996	7.673871670004328	345.71974141398357
0.35719999999999996	7.6917420460050785	346.7118627083854
0.35819999999999996	7.709512890722416	347.70403403202266
0.35919999999999996	7.727184186591672	348.6962549673607
0.36019999999999996	7.744755916215277	349.68852509914086
0.36119999999999997	7.762228062361508	350.6808440143619
0.36219999999999997	7.779600607963268	351.67321130226185
0.36319999999999997	7.796873536116846	352.6656265542995
0.36419999999999997	7.814046830080723	353.6580893641369
0.36519999999999997	7.8311204732743676	354.65059932762165
0.36619999999999997	7.848094449277054	355.64315604276914
0.36719999999999997	7.864968741826692	356.6357591097454
0.36819999999999997	7.881743334818661	357.62840813084995
0.3692	7.898418212304666	358.62110271049886
0.3702	7.914993358491597	359.6138424552078
0.3712	7.931468757740411	360.60662697357577
0.3722	7.947844394565004	361.5994558762682
0.3732	7.9641202536311235	362.59232877600135
0.3742	7.980296319755264	363.5852452875256
0.3752	7.996373277203685	364.57820502760995
0.3762	8.012786757886428	365.5712076168859
0.3772	8.031268205588841	366.5642538335439
0.3782	8.051817912993855	367.55734904434973
0.3792	8.074436205672082	368.5504985884624
0.3802	8.099123441859536	369.5437077777392
0.3812	8.125880012238392	370.53698189703715
0.3822	8.154706339720802	371.53032620451046
0.3832	8.185602879235686	372.52374593190467
0.3842	8.21857011751846	373.5172462848467
0.3852	8.253608572903659	374.51083244313173
0.3862	8.290718795120414	375.50450956100644
0.3872	8.32990136509075	376.49828276744876
0.3882	8.371156894730627	377.492157166444
0.3892	8.41448602675375	378.4861378372581
0.3902	8.45988943447804	379.4802298347073
0.3912	8.507367821634755	380.47443818942423
0.3922	8.556921922180258	381.46876790812155
0.3932	8.60855250011031	382.46322397385165
0.3942	8.662260349276949	383.4578113462638
0.3952	8.718046293207827	384.4525349618577
0.3962	8.775911184928058	385.4473997342346
0.3972	8.83585590678446	386.4424105543451
0.3982	8.897881370272218	387.4375722907339
0.3992	8.961988515863883	388.4328897897818
0.4002	9.02817831284074	389.4283678759452
0.4012	9.096451759126433	390.4240113519918
0.4022	9.166809881122871	391.41982499923483
0.4032	9.23925373354837	392.41581357776346
0.4042	9.313784399278001	393.41198182667114
0.4052	9.390402989186082	394.40833446428104
0.4062	9.469110641990843	395.4048761883689
0.4072	9.549908524101179	396.40161167638337
0.4082	9.632797829465499	397.3985455856638
0.4092	9.717779779422628	398.3956825536554
0.4102	9.804855622554705	399.39302719812207
0.4112	9.894026634542127	400.3905841173568
0.4122	9.985294118020436	401.3883578903897
0.4132	10.078659402439133	402.3863530771934
0.4142	10.174123843922441	403.38457421888626
0.4152	10.27168882513195	404.3830258379337
0.4162	10.371355755131107	405.38171243834654
0.41719999999999996	10.473126069251565	406.3806385058775
0.41819999999999996	10.577001228961374	407.37980850821583
0.41919999999999996	10.682982721734884	408.3792268951787
0.42019999999999996	10.791072060924506	409.3788980989018
0.42119999999999996	10.90127078563416	410.37882653402676
0.42219999999999996	11.01358046059446	411.379016597887
0.42319999999999997	11.128002676039614	412.37947267069165
0.42419999999999997	11.244539047585965	413.38019911570683
0.42519999999999997	11.363191216112197	414.38120027943535
0.42619999999999997	11.483960847641228	415.3824804917948
0.42719999999999997	11.606849633223598	416.38404406629274
0.42819999999999997	11.731859288822589	417.385895300201
0.42919999999999997	11.858991555200777	418.3880384747273
0.43019999999999997	11.988248197808234	419.39047785518545
0.43119999999999997	12.119631006672206	420.3932176911635
0.4322	12.253141796288329	421.3962622166902
0.4332	12.388782405513316	422.3996156503997
0.4342	12.526554697459117	423.40328219569426
0.4352	12.666460559388522	424.4072660409052
0.4362	12.808501902612237	425.4115713594527
0.4372	12.952680662387346	426.41620231000326
0.4382	13.09899879781713	427.4211630366255
0.4392	13.247458291752384	428.42645766894503
0.4402	13.398061150693943	429.43209032229663
0.4412	13.550809404696682	430.4380650978757
0.4422	13.70570510727477	431.4443860828878
0.4432	13.862750335308283	432.4510573506963
0.4442	14.021947188951044	433.4580829609692
0.4452	14.183297791539871	434.46546695982386
0.4462	14.346804289504897	435.47321337997016
0.4472	14.51246885228133	436.4813262408527
0.4482	14.680293672222357	437.4898095487913
0.4492	14.850280964513209	438.49866729711954
0.4502	15.022432967086566	439.5079034663228
0.4512	15.196751940539029	440.517522024174
0.4522	15.373240168048849	441.52752692586887
0.4532	15.551899955294743	442.53792211415873
0.4542	15.732733630375899	443.5487115194828
0.4552	15.915743543733138	444.5598990600991
0.4562	16.100932068071128	445.57148864221335
0.4572	16.28830159828176	446.5834841601075
0.4582	16.477854551368566	447.5958894962661
0.4592	16.66959336637227	448.608708521502
0.4602	16.863520504297355	449.62194509508066
0.4612	17.059638448039752	450.635603064843
0.4622	17.257949702315454	451.6496862673272
0.4632	17.458456793590287	452.66419852788937
0.4642	17.661162270010617	453.6791436608229
0.4652	17.866068701335067	454.69452546947645
0.4662	18.073178678867293	455.71034774637144
0.4672	18.28249481538965	456.72661427331747
0.4682	18.494019745097898	457.74332882152737
0.4692	18.707756123536807	458.7604951517307
0.4702	18.92370662753678	459.7781170142863
0.4712	19.141873955151382	460.79619814929384
0.4722	19.36226082559574	461.81474228670396
0.4732	19.584869979185967	462.8337531464278
0.4742	19.809704177279396	463.8532344384451
0.4752	20.036766202215777	464.8731898629114
0.4762	20.266058857259292	465.8936231102642
0.4772	20.497584966541545	466.91453786132837
0.4782	20.731347375005274	467.93593778741996
0.4792	20.967348948349066	468.95782655044957
0.48019999999999996	21.205592572972808	469.98020780302437
0.48119999999999996	21.446081155924087	471.00308518854973
0.48219999999999996	21.688817624845285	472.02646234132914
0.48319999999999996	21.933804927921553	473.0503428866635
0.48419999999999996	22.181046033829663	474.07473044094985
0.48519999999999996	22.430543931687524	475.09962861177854
0.48619999999999997	22.68230163100461	476.12504099803
0.48719999999999997	22.936322161633132	477.15097118997045
0.48819999999999997	23.192608573719948	478.17742276934655
0.48919999999999997	23.45116393765926	479.20439930947936
0.49019999999999997	23.711991344046105	480.23190437535743
0.49119999999999997	23.975093903630558	481.259941523729
0.49219999999999997	24.2404747472727	482.28851430319355
0.49319999999999997	24.508137025898293	483.317626254292
0.4942	24.778083910455166	484.34728090959646
0.4952	25.050318591870422	485.37748179379935
0.4962	25.32484428100822	486.4082324238013
0.4972	25.601664208628364	487.4395363087985
0.4982	25.880781625345485	488.4713969503691
0.4992	26.16219980158909	489.50381784255933
0.5002	26.44592202756404	490.53680247196775
0.5012	26.73195161321193	491.57035431783
0.5022	27.02029188817303	492.6044768521022
0.5032	27.310946201748877	493.6391735395435
0.5042	27.603917922865563	494.6744478377981
0.5052	27.899210440037677	495.71030319747655
0.5062	28.19682716133279	496.74674306223625
0.5072	28.49677151433677	497.78377086886144
0.5082	28.79904694611948	498.82139004734205
0.5092	29.10365692320125	499.8596040209523
0.5102	29.41060493152001	500.8984162063286
0.5112	29.719894476398885	501.93783001354643
0.5122	30.03152908251443	502.97784884619676
0.5132	30.345512293865614	504.0184761014621
0.5142	30.66184767374316	505.0597151701913
0.5152	30.98053880469962	506.10156943697393
0.5162	31.301589288520045	507.14404228021465
0.5172	31.625002746193125	508.187137072206
0.5182	31.95078281788293	509.2308571792008
0.5192	32.278933162901296	510.27520596148474
0.5202	32.609457459680684	511.3201867734471
0.5212	32.94235940574758	512.365802963652
0.5222	33.27764271769653	513.4120578749082
0.5232	33.615311131164574	514.4589548443389
0.5242	33.955368400806364	515.5064972034506
0.5252	34.2978183002698	516.5546882782019
0.5262	34.642664622172006	517.6035313890706
0.5272	34.989911178076085	518.6530298511217
0.5282	35.33956179846813	519.7031869740738
0.5292	35.69162033273507	520.7540060623654
0.5302	36.04609064914266	521.8054904152207
0.5312	36.40297663481424	522.8576433267142
0.5322	36.76228219570989	523.910468085836
0.5332	37.124011256605996	524.963967976555
0.5342	37.488167761075566	526.0181462778833
0.5352	37.854755671468695	527.0730062639387
0.5362	38.22377896889367	528.1285512040074
0.5372	38.595241653198734	529.184784362606
0.5382	38.969147742953886	530.2417089995429
0.5392	39.34550127543357	531.2993283699794
0.5402	39.724306306599544	532.3576457244905
0.5412	40.105566911084374	533.4166643091243
0.5422	40.48928718217537	534.4763873654625
0.5432	40.87547123179877	535.5368181306789
0.5442	41.264123190504655	536.597959837598
0.5452	41.6552472074521	537.6598157147534
0.5462	42.04884745039487	538.722388986446
0.5472	42.44492810566745	539.7856828728004
0.5482	42.8434933781717	540.8497005898223
0.5492	43.24454749136365	541.9144453494547
0.5502	43.648094687240956	542.979920359634
0.5512	44.05413922633075	544.0461288243458
0.5522	44.462685387677666	545.1130739436795
0.5532	44.87373746883267	546.1807589138833
0.5542	45.28729978584186	547.2491869274182
0.5552	45.70337667323616	548.3183611730125
0.5562	46.12197248402091	549.3882848357146
0.5572	46.54309158966624	550.4589610969464
0.5582	46.96673838009763	551.5303931345559
0.5592	47.39291726368696	552.6025841228693
0.5602	47.82163266724395	553.6755372327434
0.5612	48.25288903600783	554.7492556316164
0.5622	48.68669083363968	555.8237424835595
0.5632	49.12304254221477	556.8990009493274
0.5642	49.56194866221576	557.975034186409
0.5652	50.00341371252568	559.0518453490766
0.5662	50.44744223042183	560.1294375884366
0.5672	50.894038771569846	561.2078140524782
0.5682	51.3432079100179	562.2869778861219
0.5692	51.79495423819151	563.3669322312687
0.5702	52.24928236688886	564.4476802268483
0.5712	52.706196925276046	565.5292250088665
0.5722	53.16570256088295	566.6115697104532
0.5732	53.62780393959951	567.6947174619089
0.5742	54.092505745672106	568.7786713907523
0.5752	54.55981268170066	569.8634346217666
0.5762	55.02972946863544	570.9490102770451
0.5771999999999999	55.50226084577504	572.0354014760378
0.5781999999999999	55.97741157076415	573.1226113355968
0.5791999999999999	56.45518641959143	574.2106429700209
0.5801999999999999	56.93559018658854	575.2994994911012
0.5811999999999999	57.418627684428756	576.3891840081652
0.5821999999999999	57.90430374412622	577.4796996281216
0.5831999999999999	58.392623215035556	578.5710494555038
0.5841999999999999	58.883590964851535	579.6632365925137
0.5851999999999999	59.37721187960941	580.756264139065
0.5861999999999999	59.87349086368536	581.8501351928265
0.5871999999999999	60.37243283979729	582.9448528492647
0.5882	60.87404274900592	584.0404202016864
0.5892	61.378325550716205	585.1368403412805
0.5902	61.88528622267915	586.2341163571607
0.5912	62.39492976099373	587.3322513364063
0.5922	62.907261180109344	588.4312483641041
0.5932	63.422285512828445	589.5311105233894
0.5942	63.9400078103093	590.6318408954864
0.5952	64.46043314206953	591.7334425597495
0.5962	64.9835665959894	592.8359185937027
0.5972	65.50941327831578	593.9392720730801
0.5982	66.03797831366629	595.0435060718662
0.5992	66.56926684503355	596.148623662334
0.6002	67.10328403378998	597.2546279150852
0.6012	67.64003505969283	598.3615218990892
0.6022	68.17952512088937	599.4693086817215
0.6032	68.72175943392251	600.5779913288023
0.6042	69.26674323373645	601.6875729046346
0.6052	69.81448177368304	602.7980564720425
0.6062	70.36498032552797	603.9094450924085
0.6072	70.91824417945752	605.0217418257116
0.6082	71.47427864408543	606.1349497305639
0.6092	72.03308904646022	607.2490718642483
0.6102	72.5946807320723	608.3641112827546
0.6112	73.15905906486235	609.4800710408169
0.6122	73.72622942722859	610.5969541919492
0.6132	74.29619722003557	611.7147637884818
0.6142	74.86896786262257	612.8335028815977
0.6152	75.44454679281215	613.9531745213673
0.6162	76.02293946691954	615.0737817567846
0.6172	76.60415135976173	616.1953276358023
0.6182	77.18818796466707	617.3178152053667
0.6192	77.77505479348511	618.4412475114528
0.6202	78.36475737659666	619.5656275990985
0.6212	78.9573012629241	620.6909585124395
0.6222	79.55269201994197	621.8172432947429
0.6232	80.15093523368776	622.9444849884419
0.6242	80.75203650877297	624.0726866351691
0.6252	81.35600146839442	625.2018512757903
0.6262	81.96283575434585	626.3319819504379
0.6272	82.57254502702963	627.463081698544
0.6282	83.18513496546889	628.5951535588736
0.6292	83.80061126731972	629.7282005695572
0.6302	84.41897964888373	630.8622257681237
0.6312	85.04024584512078	631.9972321915327
0.6322	85.66441560966194	633.1332228762067
0.6332	86.29149471482283	634.2702008580633
0.6342	86.92148895161694	635.4081691725471
0.6352	87.55440412976937	636.5471308546614
0.6362	88.1902460777308	637.6870889389998
0.6372	88.82902064269153	638.8280464597772
0.6382	89.47073369059589	639.9700064508614
0.6392	90.11539110615695	641.1129719458044
0.6402	90.7629987928712	642.2569459778722
0.6412	91.41356267303382	643.4019315800767
0.6422	92.06708868775357	644.5479317852054
0.6432	92.72358279696864	645.6949496258517
0.6442	93.38305097946241	646.8429881344459
0.6452	94.04549923287898	647.9920503432844
0.6462	94.71093357373984	649.1421392845598
0.6472	95.37936003745978	650.2932579903907
0.6482	96.05078467836383	651.4454094928509
0.6492	96.72521356970398	652.5985968239995
0.6502	97.40265280367612	653.7528230159094
0.6512	98.08310849143732	654.9080911006965
0.6522	98.76658676312336	656.0644041105492
0.6532	99.45309376786628	657.2217650777561
0.6542	100.1426356738123	658.3801770347358
0.6552	100.83521866813996	659.5396430140644
0.6562	101.53084895707835	660.7001660485046
0.6572	102.22953276592557	661.8617491710331
0.6582	102.93127633906754	663.0243954148694
0.6592	103.6360859399969	664.1881078135034
0.6602	104.34396785133202	665.3528894007227
0.6612	105.0549283748365	666.518743210641
0.6622	105.76897383143846	667.6856722777248
0.6632	106.48611056125046	668.8536796368217
0.6642	107.20634492358947	670.0227683231866
0.6652	107.92968329699666	671.1929413725092
0.6662	108.6561320792583	672.3642018209413
0.6672	109.38569768742559	673.5365527051227
0.6682	110.11838655783605	674.7099970622091
0.6692	110.85420514613402	675.8845379298976
0.6702	111.5931599272919	677.0601783464537
0.6712	112.33525739563146	678.2369213507369
0.6722	113.08050406484536	679.414769982228
0.6732	113.82890646801897	680.5937272810544
0.6742	114.58047115765196	681.7737962880159
0.6752	115.3352047056807	682.9549800446109
0.6762	116.09311370350028	684.1372815930619
0.6772	116.85420476198735	685.3207039763411
0.6782	117.61848451152238	686.5052502381959
0.6792	118.38595960201258	687.690923423174
0.6802	119.15663670291534	688.8777265766493
0.6812	119.93052250326086	690.0656627448457
0.6822	120.70762371167595	691.2547349748634
0.6832	121.48794705640765	692.4449463147032
0.6842	122.27149928534669	693.6362998132912
0.6852	123.05828716605187	694.8287985205037
0.6862	123.84831748577393	696.0224454871915
0.6872	124.64159705147993	697.2172437652043
0.6882	125.43813268987795	698.4131964074155
0.6892	126.23793124744162	699.610306467746
0.6902	127.04099959043494	700.8085770011882
0.6912	127.8473446049376	702.0080110638304
0.6922	128.65697319687007	703.2086117128806
0.6932	129.46989229201898	704.4103820066902
0.6942	130.28610883606294	705.6133250047777
0.6952	131.10562979459812	706.8174437678526
0.6962	131.9284621531641	708.0227413578383
0.6972	132.75461291727063	709.2292208378964
0.6982	133.5840891124231	710.436885272449
0.6992	134.41689778414963	711.6457377272027
0.7002	135.25304599802772	712.8557812691716
0.7012	136.09254083971064	714.0670189667001
0.7022	136.935389414955	715.2794538894857
0.7032	137.7815988496477	716.4930891086025
0.7041999999999999	138.63117628983312	717.707927696523
0.7051999999999999	139.48412890174126	718.9239727271421
0.7061999999999999	140.3404638718147	720.1412272757981
0.7071999999999999	141.20018840673697	721.3596944192963
0.7081999999999999	142.06330973346053	722.579377235931
0.7091999999999999	142.9298350992351	723.8002788055082
0.7101999999999999	143.79977177163562	725.0224022093671
0.7111999999999999	144.67312703859147	726.2457505304027
0.7121999999999999	145.5499082084147	727.470326853088
0.7132	146.43012260982928	728.6961342634955
0.7142	147.31377759199998	729.9231758493198
0.7152	148.20088052456168	731.1514546998985
0.7162	149.09143879764886	732.3809739062348
0.7172	149.98545982192516	733.6117365610186
0.7182	150.8829510286129	734.843745758648
0.7192	151.78391986952354	736.0770045952513
0.7202	152.68837381708727	737.3115161687082
0.7212	153.5963203643835	738.5472835786708
0.7222	154.50776702517118	739.7843099265851
0.7232	155.4227213339195	741.0225983157125
0.7242	156.34119084583853	742.2621518511502
0.7252	157.26318313691033	743.502973639853
0.7262	158.1887058039197	744.7450667906537
0.7272	159.1177664644858	745.9884344142843
0.7282	160.0503727570933	747.2330796233965
0.7292	160.98653234112413	748.4790055325831
0.7302	161.92625289688894	749.7262152583976
0.7312	162.86954212565928	750.9747119193757
0.7322	163.81640774969972	752.2244986360558
0.7332	164.76685751229968	753.475578530999
0.7342	165.7208991778062	754.7279547288096
0.7352	166.67854053165627	755.9816303561556
0.7362	167.63978938040958	757.2366085417891
0.7372	168.60465355178158	758.4928924165664
0.7382	169.5731408946761	759.7504851134676
0.7392	170.54525927921887	761.0093897676174
0.7402	171.52101659679087	762.2696095163051
0.7412	172.50042076006156	763.5311474990037
0.7422	173.48347970302285	764.794006857391
0.7432	174.47020138102283	766.0581907353682
0.7442	175.46059377079948	767.3237022790804
0.7452	176.45466487051524	768.5905446369363
0.7462	177.45242269979107	769.8587209596276
0.7472	178.45387529974101	771.1282344001486
0.7482	179.45903073300656	772.3990881138157
0.7492	180.46789708379174	773.671285258287
0.7502	181.4804824578978	774.9448289935816
0.7512	182.49679498275867	776.2197224820993
0.7522	183.51684280747546	777.4959688886389
0.7532	184.5406341028528	778.7735713804188
0.7542	185.5681770614336	780.0525331270951
0.7552	186.5994798975351	781.332857300781
0.7562	187.6345508472849	782.6145470760664
0.7572	188.67339816865652	783.897605630036
0.7582	189.7160301415061	785.1820361422891
0.7592	190.76245506760827	786.4678417949583
0.7602	191.8126812706929	787.7550257727279
0.7612	192.8667170964816	789.0435912628532
0.7622	193.92457091272462	790.333541455179
0.7632	194.98625110923766	791.6248795421585
0.7642	196.0517660979393	792.9176087188721
0.7652	197.1211243128877	794.2117321830453
0.7662	198.19433421031857	795.5072531350684
0.7672	199.2714042686822	796.8041747780135
0.7682	200.35234298868167	798.1025003176545
0.7692	201.43715889331048	799.4022329624847
0.7702	202.5258605278904	800.7033759237352
0.7712	203.61845646010994	802.0059324153933
0.7722	204.71495528006253	803.309905654221
0.7732	205.81536560028505	804.6152988597729
0.7742	206.91969605579646	805.9221152544148
0.7752	208.02795530413624	807.2303580633412
0.7762	209.14015202540412	808.5400305145942
0.7772	210.25629492229817	809.8511358390806
0.7782	211.37639272015488	811.1636772705913
0.7792	212.500454166988	812.4776580458176
0.7802	213.6284880335283	813.7930814043706
0.7812	214.76050311326338	815.1099505887981
0.7822	215.8965082224772	816.4282688446033
0.7832	217.03651220029022	817.7480394202614
0.7842	218.18052390869957	819.0692655672386
0.7852	219.32855223261953	820.3919505400096
0.7862	220.48060607992133	821.7160975960743
0.7872	221.6366943814747	823.0417099959768
0.7882	222.7968260911876	824.368791003322
0.7892	223.9610101860479	825.697343884794
0.7902	225.12925566616414	827.0273719101729
0.7912	226.30157155480643	828.3588783523525
0.7922	227.47796689844844	829.6918664873583
0.7932	228.65845076680836	831.0263395943645
0.7942	229.84303225289062	832.3623009557109
0.7952	231.03172047302797	833.6997538569215
0.7962	232.22452456692295	835.0387015867203
0.7972	233.42145369769068	836.3791474370503
0.7982	234.62251705190033	837.7210947030891
0.7992	235.82772383961796	839.0645466832672
0.8002	237.03708329444908	840.409506679285
0.8012	238.25060467358108	841.7559779961296
0.8022	239.4682972578263	843.1039639420922
0.8032	240.69017035166507	844.4534678287853
0.8042	241.91623328328836	845.8044929711593
0.8052	243.14649540464183	847.1570426875204
0.8062	244.3809660914686	848.5111202995464
0.8072	245.61965474335324	849.8667291323047
0.8082	246.86202000518762	851.2238725142687
0.8092	248.10586208937045	852.582553096521
0.8102	249.35116409276924	853.9427708044523
0.8112	250.59792604727903	855.3045255427694
0.8122	251.84614798503495	856.6678172164535
0.8132	253.0958299384112	858.0326457307591
0.8142	254.34697194002135	859.3990109912139
0.8152	255.59957402271678	860.7669129036175
0.8162	256.85363621958635	862.1363513740407
0.8172	258.1091585639563	863.5073263088254
0.8182	259.36614108938903	864.8798376145833
0.8192	260.6245838296827	866.2538851981953
0.8202	261.8844868188707	867.6294689668113
0.8212	263.14585009122106	869.0065888278485
0.8222	264.40867368123565	870.3852446889917
0.8232	265.6729576236499	871.7654364581922
0.8242	266.9387019534321	873.1471640436672
0.8252	268.20590670578247	874.5304273538987
0.8262	269.47457191613324	875.9152262976336
0.8272	270.7446976201475	877.3015607838821
0.8282	272.01628385371885	878.689430721918
0.8292	273.2893306529709	880.0788360212773
0.8302	274.56383805425634	881.4697765917577
0.8312	275.83980609415687	882.8622523434182
0.8322	277.1172348094824	884.2562631865779
0.8331999999999999	278.3961242372701	885.6518090318159
0.8341999999999999	279.67647441478454	887.0488897899704
0.8351999999999999	280.9582853795169	888.4475053721382
0.8361999999999999	282.2415571691838	889.8476556896733
0.8371999999999999	283.5262898217276	891.2493406541873
0.8382	284.81248337531525	892.6525601775483
0.8392	286.10013786833815	894.0573141718799
0.8402	287.38925333941137	895.4636025495611
0.8412	288.67982982737294	896.8714252232254
0.8422	289.97186737128374	898.2807821057603
0.8432	291.2653660104263	899.6916731103063
0.8442	292.5603257843052	901.1040981502566
0.8452	293.8567467326456	902.5180571392566
0.8462	295.1546288953931	903.9335499912027
0.8472	296.45397231271335	905.3505766202421
0.8482	297.75477702499126	906.7691369407723
0.8492	299.0570430728306	908.1892308674403
0.8502	300.36077049705324	909.6108583151414
0.8512	301.66595933869894	911.0340191990196
0.8522	302.9726096390246	912.4587134344662
0.8532	304.280721439504	913.88494093712
0.8542	305.5902947818268	915.3127016228655
0.8552	306.90132970789847	916.7419954078333
0.8562	308.2138262598395	918.1728222083991
0.8572	309.5277844799851	919.6051819411832
0.8582	310.8432044108846	921.0390745230497
0.8592	312.1600860953005	922.4744998711061
0.8602	313.4784295762088	923.9114579027024
0.8612	314.7982348967979	925.3499485354312
0.8622	316.1195021004682	926.7899716871261
0.8632	317.44223123083157	928.231527275862
0.8642	318.766422331711	929.6746152199541
0.8652	320.0920754471399	931.1192354379572
0.8662	321.4191906213616	932.5653878486652
0.8672	322.7477678988294	934.013072371111
0.8682	324.077807324205	935.462288924565
0.8692	325.409308942359	936.9130374285353
0.8702	326.7422727983698	938.3653178027666
0.8712	328.0766989375235	939.8191299672402
0.8722	329.41258740531305	941.2744738421728
0.8732	330.7499382474382	942.7313493480164
0.8742	332.08875150980447	944.1897564054572
0.8752	333.42902723852325	945.6496949354157
0.8762	334.7707654799105	947.1111648590456
0.8772	336.1139662804875	948.5741660977338
0.8782	337.4586296869791	950.0386985730992
0.8792	338.8047557463139	951.504762206992
0.8802	340.1523445056238	952.9723569214942
0.8812	341.50139601224333	954.4414826389182
0.8822	342.8519103137092	955.9121392818063
0.8832	344.2038874577598	957.3843267729303
0.8842	345.557327492335	958.8580450352913
0.8852	346.91223046557513	960.3332939921181
0.8862	348.26859642582133	961.810073566868
0.8872	349.62642542161416	963.2883836832252
0.8882	350.9857175016939	964.7682242651009
0.8892	352.34647271499955	966.2495952366322
0.8902	353.70869111066867	967.7324965221821
0.8912	355.07237273803696	969.2169280463389
0.8922	356.4375176466374	970.702889733915
0.8932	357.8041258862005	972.1903815099472
0.8942	359.1721975066531	973.6794032996959
0.8952	360.54173255811827	975.1699550286442
0.8962	361.912731090915	976.6620366224979
0.8972	363.2851931555574	978.1556480071847
0.8982	364.6591188027547	979.6507891088538
0.8992	366.03450808341023	981.1474598538751
0.9002	367.4113610486214	982.645660168839
0.9012	368.7896777496793	984.1453899805556
0.9022	370.1694582380679	985.6466492160547
0.9032	371.55070256546384	987.1494378025845
0.9042	372.9334107837361	988.6537556676119
0.9052	374.31758294494534	990.1596027388214
0.9062	375.70321910134356	991.6669789441147
0.9072	377.0903193053737	993.1758842116105
0.9082	378.47888360966897	994.6863184696435
0.9092	379.868912067053	996.1982816467647
0.9102	381.2604047305386	997.7117736717397
0.9112	382.6533616533281	999.2267944735493
0.9122	384.0477828888123	1000.7433439813883
0.9132	385.4436684905707	1002.2614221246656
0.9142	386.8410185123704	1003.7810288330032
0.9152	388.23983300816604	1005.3021640362357
0.9162	389.6401120320994	1006.8248276644102
0.9172	391.04185563849893	1008.3490196477857
0.9182	392.4450638818791	1009.8747399168321
0.9192	393.8497368169405	1011.4019884022307
0.9202	395.255874498569	1012.9307650348727
0.9212	396.6634769818354	1014.4610697458592
0.9222	398.07254432199494	1015.9929024665006
0.9232	399.48307657448754	1017.5262631283166
0.9242	400.89507379493614	1019.0611516630347
0.9252	402.3085360391477	1020.597568002591
0.9262	403.7234633631117	1022.1355120791284
0.9272	405.1398558230005	1023.6749838249974
0.9282	406.55771347516827	1025.2159831727545
0.9292	407.97703637615103	1026.7585100551623
0.9302	409.3978245826661	1028.302564405189
0.9312	410.8200781516121	1029.8481461560086
0.9322	412.2437971400677	1031.3952552409987
0.9332	413.6689816052918	1032.9438915937412
0.9342	415.0956316047235	1034.4940551480227
0.9352	416.52374719598055	1036.0457458378316
0.9362	417.95332843686015	1037.5989635973601
0.9372	419.38437538533793	1039.1537083610024
0.9382	420.8168880995679	1040.7099800633546
0.9392	422.2508666378816	1042.2677786392144
0.9402	423.6863110587878	1043.8271040235797
0.9412	425.123221420973	1045.38795615165
0.9422	426.5615977832997	1046.9503349588242
0.9432	428.0014402048068	1048.5142403807008
0.9442	429.442748744709	1050.0796723530773
0.9452	430.88552346239715	1051.6466308119507
0.9462	432.32976441743625	1053.2151156935154
0.9472	433.77547166956657	1054.7851269341638
0.9482	435.2226452787026	1056.356664470486
0.9492	436.67128530493324	1057.9297282392693
0.9502	438.1213918085201	1059.5043181774963
0.9512	439.5729648498989	1061.0804342223469
0.9522	441.0260044896778	1062.6580763111958
0.9532	442.4805107886377	1064.2372443816137
0.9542	443.93648380773135	1065.8179383713652
0.9552	445.3939236080832	1067.4001582184096
0.9562	446.85283025098965	1068.9839038609002
0.9572	448.31320379791765	1070.5691752371838
0.9582	449.775044310505	1072.1559722858
0.9592	451.2383518505595	1073.744294945481
0.9601999999999999	452.7031264800592	1075.3341431551512
0.9611999999999999	454.1693682611518	1076.925516853927
0.9621999999999999	455.63707725615416	1078.5184159811163
0.9632	457.1062535275519	1080.1128404762173
0.9642	458.576897137999	1081.708790278919
0.9652	460.049008150318	1083.3062653291004
0.9662	461.52258662749875	1084.9052655668304
0.9672	462.99763263269915	1086.5057909323673
0.9682	464.4741462292435	1088.1078413661573
0.9692	465.9521274806234	1089.711416808836
0.9702	467.4315764504966	1091.3165172012268
0.9712	468.9124932026869	1092.9231424843404
0.9722	470.3948778011839	1094.5312925993749
0.9732	471.8787303101424	1096.140967487715
0.9742	473.36405079388214	1097.752167090932
0.9752	474.8508393168879	1099.3648913507834
0.9762	476.3390959438085	1100.979140209212
0.9772	477.8288207394564	1102.594913608345
0.9782	479.3200137688087	1104.212211490496
0.9792	480.8126750970046	1105.8310337981616
0.9802	482.3068047893469	1107.451380474023
0.9812	483.8024029113013	1109.073251460945
0.9822	485.2994695284951	1110.6966467019752
0.9832	486.798004706718	1112.3215661403444
0.9842	488.298008511921	1113.9480097194653
0.9852	489.79948101021677	1115.5759773829332
0.9862	491.3024222678784	1117.2054690745244
0.9872	492.8068323513403	1118.8364847381972
0.9882	494.31271132719655	1120.46902431809
0.9892	495.8200592622015	1122.103087758522
0.9902	497.3288762232688	1123.7386750039918
0.9912	498.83916227747204	1125.375785999179
0.9922	500.3509174920431	1127.0144206889415
0.9932	501.8641419343729	1128.6545790183163
0.9942	503.37883567201084	1130.296260932519
0.9952	504.8949987726636	1131.9394663769433
0.9962	506.41263130419657	1133.584195297161
0.9972	507.93173333463153	1135.2304476389204
0.9982	509.4523049321481	1136.878223348148
0.9992	510.974346165082	1138.527522370946
1.0002	512.497857101926	1140.1783446535935
1.0012	514.0228378113284	1141.8306901425453
1.0022	515.5492883620934	1143.4845587844313
1.0032	517.0772088231812	1145.1399505260574
1.0042	518.606599263706	1146.7968653144032
1.0052	520.1374597529382	1148.455303096624
1.0062	521.6697903603014	1150.1152638200479
1.0072	523.2035911553749	1151.776747432178
1.0082	524.7388622078903	1153.439753880689
1.0092	526.2756035877342	1155.1042831134305
1.0102	527.8138153649454	1156.7703350784234
1.0112	529.3534976097168	1158.4379097238614
1.0122	530.8946503923928	1160.1070069981095
1.0132	532.4372737834713	1161.777626849705
1.0142	533.9813678536009	1163.4497692273555
1.0152	535.5269326735837	1165.1234340799408
1.0162	537.0739683143714	1166.798621356509
1.0172	538.6224748470688	1168.4753310062808
1.0182	540.17245234293	1170.1535629786445
1.0192	541.7239008733608	1171.8333172231592
1.0202	543.2768205099158	1173.5145936895517
1.0212	544.8312113243015	1175.1973923277196
1.0222	546.3870733883725	1176.8817130877264
1.0232	547.9444067741335	1178.5675559198055
1.0242	549.5032115537382	1180.2549207743566
1.0252	551.063487799489	1181.9438076019476
1.0262	552.6252355838376	1183.6342163533136
1.0272	554.188454979382	1185.3261469793547
1.0282	555.7531460588701	1187.0195994311393
1.0292	557.319308895196	1188.7145736599002
1.0302	558.8869435614025	1190.411069617037
1.0312	560.4560501306784	1192.109087254113
1.0322	562.0266286763597	1193.8086265228585
1.0332	563.5986792719285	1195.509687375166
1.0342	565.172201991014	1197.2122697630948
1.0352	566.7471969073899	1198.9163736388655
1.0362	568.3236640949775	1200.6219989548647
1.0372	569.9016036278409	1202.32914566364
1.0382	571.4810155801919	1204.037813717904
1.0392	573.0619000263847	1205.74800307053
1.0402	574.6442570409204	1207.4597136745554
1.0412	576.2280866984418	1209.1729454831773
1.0422	577.8133890737381	1210.887698449757
1.0432	579.4001642417402	1212.6039725278144
1.0442	580.9884122775237	1214.3217676710328
1.0452	582.5781332563066	1216.0410838332543
1.0462	584.16932725345	1217.7619209684822
1.0472	585.7619943444572	1219.484279030879
1.0482	587.3561346049747	1221.2081579747678
1.0492	588.95174811079	1222.9335577546303
1.0502	590.5488349378334	1224.660478325108
1.0512	592.1473951621754	1226.3889196409996
1.0522	593.7474288600291	1228.1188816572642
1.0532	595.3489361077471	1229.8503643290169
1.0542	596.9519169818243	1231.5833676115321
1.0552	598.5563715588944	1233.3178914602406
1.0562	600.1622999157327	1235.0539358307315
1.0572	601.7697021292529	1236.7915006787487
1.0582	603.3785782765098	1238.5305859601947
1.0592	604.988928434696	1240.2711916311264
1.0602	606.6007526811452	1242.0133176477584
1.0612	608.2140510933274	1243.7569639664587
1.0622	609.828823748854	1245.5021305437529
1.0632	611.4450707254716	1247.2488173363188
1.0642	613.0627921010679	1248.9970243009916
1.0652	614.6819879536658	1250.7467513947586
1.0662	616.3026583614278	1252.4979985747627
1.0672	617.924803402652	1254.2507657982994
1.0682	619.5484231557746	1256.0050530228182
1.0692	621.173517699368	1257.7608602059213
1.0702	622.8000871121413	1259.518187305364
1.0712	624.4281314729398	1261.277034279054
1.0722	626.0576508607452	1263.0374010850517
1.0732	627.6886453546739	1264.7992876815679
1.0742	629.3211150339788	1266.5626940269667
1.0752	630.9550599780474	1268.3276200797625
1.0762	632.5904802664029	1270.0940657986212
1.0772	634.2273759787021	1271.8620311423588
1.0782	635.8657471947377	1273.6315160699426
1.0792	637.505593994435	1275.402520540489
1.0802	639.1469164578549	1277.1750445132652
1.0812	640.7897146651907	1278.949087947687
1.0822	642.4339886967705	1280.7246508033206
1.0832	644.0797386330541	1282.5017330398798
1.0842	645.7269645546359	1284.2803346172284
1.0852	647.3756665422414	1286.060455495377
1.0862	649.0258446767303	1287.8420956344862
1.0872	650.6774990390932	1289.6252549948626
1.0882	652.3306297104536	1291.409933536962
1.0892	653.9852367720662	1293.1961312213855
1.0902	655.6413203053179	1294.9838480088831
1.0912	657.2988803917257	1296.7730838603497
1.0922	658.9579171129396	1298.5638387368285
1.0932	660.6184305507384	1300.3561125995066
1.0942	662.2804207870328	1302.1499054097187
1.0952	663.9438879038631	1303.945217128944
1.0962	665.6088319834007	1305.742047718808
1.0972	667.2752531079451	1307.5403971410792
1.0982	668.943151359928	1309.3402653576736
1.0992	670.6125268219077	1311.1416523306489
1.1002	672.283379576574	1312.9445580222089
1.1012	673.9557097067441	1314.7489823946999
1.1022	675.6295172953652	1316.5549254106134
1.1032	677.3048024255112	1318.3623870325819
1.1042	678.9815651803863	1320.1713672233834
1.1052	680.659805643321	1321.9818659459368
1.1062	682.3395238977752	1323.793883163305
1.1072	684.0207200273343	1325.6074188386913
1.1082	685.7033941157134	1327.4224729354432
1.1092	687.3875462467527	1329.239045417048
1.1102	689.0731765044204	1331.0571362471355
1.1112	690.7602849728106	1332.8767453894757
1.1122	692.4488717361451	1334.6978728079812
1.1132	694.1389368787702	1336.520518466703
1.1142	695.8304804851596	1338.344682329834
1.1152	697.5235026399116	1340.1703643617068
1.1162	699.2180034277512	1341.997564526794
1.1172	700.9139829335273	1343.8262827897067
1.1182	702.6114412422158	1345.6565191151976
1.1192	704.310378438915	1347.4882734681553
1.1202	706.0107946088502	1349.3215458136103
1.1212	707.7126898373696	1351.156336116729
1.1222	709.4160642099463	1352.9926443428183
1.1232	711.1209178121768	1354.830470457321
1.1242	712.8272507297821	1356.6698144258196
1.1252	714.5350630486058	1358.5106762140324
1.1262	716.2443548546164	1360.3530557878166
1.1272	717.9551262339033	1362.1969531131642
1.1282	719.6673772726809	1364.042368156206
1.1292	721.381108057285	1365.8893008832083
1.1302	723.0963186741744	1367.7377512605738
1.1312	724.8130092099295	1369.5877192548405
1.1322	726.5311797512542	1371.4392048326838
1.1332	728.2508303849721	1373.292207960912
1.1342	729.9719611980306	1375.1467286064715
1.1352	731.6945722774965	1377.0027667364407
1.1362	733.4186637105598	1378.8603223180355
1.1372	735.1442355845295	1380.7193953186038
1.1382	736.8712879868373	1382.57998570563
1.1392	738.5998210050332	1384.4420934467298
1.1402	740.3298347267902	1386.3057185096554
1.1412	742.0613292398988	1388.17086086229
1.1422	743.794304632272	1390.0375204726524
1.1432	745.5287609919403	1391.905697308892
1.1442	747.264698407055	1393.7753913392928
1.1452	749.0021169658863	1395.64660253227
1.1462	750.7410167568243	1397.519330856372
1.1472	752.481397868376	1399.3935762802782
1.1482	754.2232603891697	1401.269338772801
1.1492	755.9666044079501	1403.1466183028826
1.1502000000000001	757.7114300135814	1405.0254148395986
1.1512	759.4577372950455	1406.9057283521538
1.1522000000000001	761.2055263414426	1408.7875588098852
1.1532	762.9547972419895	1410.670906182259
1.1542	764.7055500860214	1412.5557704388723
1.1552	766.4577849629914	1414.4421515494532
1.1562	768.2115019624678	1416.330049483858
1.1572	769.966701174138	1418.2194642120742
1.1582	771.7233826878041	1420.110395704217
1.1592	773.4815465933866	1422.0028439305327
1.1602	775.2411929809202	1423.8968088613944
1.1612	777.0023219405579	1425.792290467306
1.1622	778.7649335625667	1427.6892887188978
1.1632	780.5290279373311	1429.5878035869302
1.1642	782.2946051553489	1431.4878350422894
1.1652	784.0616653072361	1433.389383055992
1.1662	785.8302084837209	1435.2924475991797
1.1672	787.6002347756485	1437.197028643123
1.1682	789.3717442739777	1439.1031261592188
1.1692	791.1447370697833	1441.0107401189916
1.1702	792.919213254252	1442.9198704940907
1.1712	794.6951729186874	1444.8305172562941
1.1722	796.4726161545052	1446.7426803775043
1.1732	798.2515430532359	1448.6563598297505
1.1742	800.0319537065226	1450.571555585187
1.1752	801.8138482061232	1452.4882676160946
1.1762	803.5972266439072	1454.406495894878
1.1772	805.3820891118589	1456.3262403940682
1.1782	807.1684357020737	1458.2475010863197
1.1792	808.9562665067615	1460.1702779444133
1.1802	810.7455816182425	1462.0945709412522
1.1812	812.5363811289513	1464.0203800498657
1.1822	814.3286651314332	1465.9477052434052
1.1832	816.1224337183461	1467.876546495147
1.1842	817.9176869824593	1469.8069037784906
1.1852	819.7144250166539	1471.7387770669586
1.1862	821.5126479139218	1473.6721663341964
1.1872	823.3123557673672	1475.6070715539734
1.1882	825.1135486702042	1477.54349270018
1.1892	826.9162267157585	1479.4814297468306
1.1902	828.7203899974654	1481.42088266806
1.1912	830.5260386088723	1483.3618514381267
1.1922	832.333172643635	1485.3043360314095
1.1932	834.1417921955209	1487.2483364224101
1.1942	835.9518973584063	1489.1938525857504
1.1952	837.7634882262782	1491.1408844961745
1.1962	839.5765648932319	1493.0894321285457
1.1972	841.3911274534738	1495.0394954578503
1.1982	843.2071760013174	1496.9910744591925
1.1992	845.0247106311871	1498.944169107799
1.2002	846.8437314376148	1500.8987793790152
1.2012	848.6642385152425	1502.8549052483074
1.2022	850.4862319588188	1504.8125466912604
1.2032	852.3097118632027	1506.7717036835793
1.2042	854.1346783233591	1508.7323762010874
1.2052	855.9611314343632	1510.6945642197286
1.2062	857.7890712913963	1512.658267715564
1.2072	859.6184979897483	1514.6234866647749
1.2082	861.4494116248155	1516.5902210436589
1.2092	863.2818122921028	1518.558470828634
1.2102	865.1157000872212	1520.5282359962346
1.2112	866.9510751058892	1522.4995165231142
1.2122	868.7879374439314	1524.472312386042
1.2132	870.6262871972799	1526.4466235619068
1.2142	872.4661244619724	1528.4224500277128
1.2152	874.3074493341537	1530.3997917605825
1.2162	876.1502619100735	1532.3786487377538
1.2172	877.9945622860887	1534.3590209365827
1.2182	879.840350558661	1536.3409083345402
1.2192	881.6876268243583	1538.3243109092145
1.2202	883.5363911798532	1540.3092286383087
1.2212	885.3866437219245	1542.295661499643
1.2222	887.2383845474553	1544.2836094711522
1.2232	889.0916137534342	1546.273072530887
1.2242	890.9463314369533	1548.2640506570121
1.2252	892.8025376952113	1550.2565438278093
1.2262	894.6602326255094	1552.2505520216732
1.2272	896.5194163252545	1554.2460752171146
1.2282	898.3800888919565	1556.243113392757
1.2292	900.24225042323	1558.24166652734
1.2302	902.1059010167924	1560.2417345997148
1.2312	903.9710407704661	1562.243317588849
1.2322	905.8376697821755	1564.246415473822
1.2332	907.7057881499496	1566.2510282338278
1.2342	909.575395971919	1568.2571558481723
1.2352	911.4464933463189	1570.264798296276
1.2362	913.319080371486	1572.2739555576711
1.2372	915.1931571458605	1574.2846276120033
1.2382	917.0687237679839	1576.2968144390295
1.2392	918.9457803365017	1578.3105160186205
1.2402	920.8243269501597	1580.3257323307578
1.2412	922.7043637078078	1582.3424633555362
1.2422	924.5858907083951	1584.3607090731603
1.2432	926.4689080509754	1586.3804694639484
1.2442	928.3534158347012	1588.4017445083282
1.2452	930.2394141588283	1590.42453418684
1.2462	932.1269031227124	1592.448838480134
1.2472	934.0158828258117	1594.4746573689727
1.2482	935.9063533676837	1596.501990834227
1.2492	937.7983148479879	1598.53083885688
1.2502	939.6917673664833	1600.5612014180242
1.2512	941.5867110230307	1602.5930784988627
1.2522	943.4831459175895	1604.6264700807076
1.2532	945.3810721502208	1606.6613761449817
1.2542	947.2804898210845	1608.697796673216
1.2552	949.1813990304413	1610.7357316470527
1.2562	951.08379987865	1612.7751810482407
1.2572	952.9876924661713	1614.8161448586407
1.2582	954.8930768935626	1616.858623060219
1.2592	956.7999532614831	1618.9026156350537
1.2602	958.7083216706884	1620.9481225653285
1.2612	960.6181822220354	1622.9951438333374
1.2622	962.5295350164783	1625.0436794214809
1.2632	964.4423801550705	1627.0937293122686
1.2642	966.3567177389632	1629.1452934883166
1.2652	968.2725478694072	1631.1983719323503
1.2662	970.1898706477494	1633.2529646271998
1.2672	972.1086861754376	1635.3090715558055
1.2682	974.0289945540143	1637.3666927012118
1.2692	975.950795885122	1639.425828046572
1.2702	977.8740902704994	1641.4864775751446
1.2712	979.7988778119843	1643.5486412702965
1.2722	981.7251586115092	1645.612319115498
1.2732	983.6529327711067	1647.6775110943288
1.2742	985.5822003929035	1649.7442171904713
1.2752000000000001	987.5129615791253	1651.8124373877163
1.2762	989.4452164320933	1653.8821716699586
1.2772000000000001	991.3789650542263	1655.9534200211995
1.2782	993.3142075480381	1658.0261824255442
1.2792000000000001	995.25094401614	1660.1004588672045
1.2802	997.1891745612384	1662.1762493304955
1.2812	999.1288992861364	1664.2535537998383
1.2822	1001.0701182937333	1666.3323722597588
1.2832	1003.0128316870225	1668.4127046948854
1.2842	1004.957039569095	1670.4945510899531
1.2852	1006.902742043135	1672.5779114297989
1.2862	1008.8499392124241	1674.6627856993653
1.2872	1010.7986311803373	1676.7491738836968
1.2882	1012.7488180503458	1678.8370759679435
1.2892	1014.7004999260146	1680.926491937357
1.2902	1016.6536769110048	1683.017421777294
1.2912	1018.6083491090701	1685.1098654732118
1.2922	1020.5645166240605	1687.203823010673
1.2932	1022.5218647359794	1689.2992943753413
1.2942	1024.4786853470557	1691.3962793096887
1.2952	1026.4331812884532	1693.4947762368383
1.2962	1028.385344423407	1695.594782194575
1.2972	1030.3351666293877	1697.6962942189746
1.2982	1032.2826397981282	1699.7993093444236
1.2992	1034.2277558356477	1701.9038246036296
1.3002	1036.1705066622806	1704.0098370276396
1.3012	1038.1108842126978	1706.1173436458514
1.3022	1040.048880435937	1708.226341486033
1.3032	1041.984487295422	1710.3368275743321
1.3042	1043.9176967689943	1712.4487989352958
1.3052	1045.8485008489315	1714.562252591881
1.3062	1047.7768915419774	1716.6771855654727
1.3072	1049.7028608693631	1718.7935948758961
1.3082	1051.6264008668334	1720.911477541434
1.3092	1053.5475035846687	1723.030830578837
1.3102	1055.4661610877133	1725.1516510033437
1.3112	1057.3823654553937	1727.2739358286904
1.3122	1059.2961087817484	1729.3976820671294
1.3132	1061.2073831754462	1731.52288672944
1.3142	1063.1161807598137	1733.6495468249466
1.3152	1065.0224936728555	1735.7776593615297
1.3162	1066.9263140672804	1737.9072213456436
1.3172	1068.8276341105218	1740.038229782328
1.3182	1070.7264459847624	1742.170681675225
1.3192	1072.622741886956	1744.304574026591
1.3202	1074.5165140288507	1746.439903837313
1.3212	1076.4077546370097	1748.5766681069213
1.3222	1078.2964559528368	1750.714863833606
1.3232	1080.1826102325947	1752.8544880142279
1.3242	1082.0662097474303	1754.9955376443368
1.3252	1083.9472467833941	1757.138009718182
1.3262	1085.8257136414636	1759.2819012287293
1.3272	1087.7016026375634	1761.4272091676728
1.3282	1089.574906102588	1763.5739305254517
1.3292	1091.4456163824216	1765.7220622912614
1.3302	1093.3137258379604	1767.8716014530705
1.3312	1095.1792268451322	1770.0225449976317
1.3322	1097.04211179492	1772.1748899105003
1.3332	1098.9023730933777	1774.3286331760423
1.3342	1100.7600031616562	1776.4837717774544
1.3352	1102.6149944360193	1778.6403026967728
1.3362	1104.4673393678672	1780.7982229148915
1.3372	1106.3170304237535	1782.9575294115723
1.3382	1108.164060085408	1785.1182191654623
1.3392	1110.0084208497537	1787.2802891541041
1.3402	1111.8501052289296	1789.443736353953
1.3412	1113.6891057503065	1791.608557740388
1.3422	1115.5254149565096	1793.7747502877285
1.3432	1117.3590254054354	1795.942310969244
1.3442	1119.1899296702725	1798.111236757173
1.3452	1121.018120339518	1800.2815246227306
1.3462	1122.8435900170002	1802.4531715361288
1.3472	1124.6663313218924	1804.6261744665837
1.3482	1126.4863368887359	1806.8005303823347
1.3492	1128.3035993674546	1808.9762362506533
1.3502	1130.118111423376	1811.1532890378608
1.3512	1131.9298657372462	1813.3316857093378
1.3522	1133.7388550052526	1815.511423229542
1.3532	1135.5450719390356	1817.6924985620178
1.3542	1137.3485092657108	1819.8749086694124
1.3552	1139.1491597278846	1822.0586505134875
1.3562	1140.947016083672	1824.243721055134
1.3572	1142.7420711067127	1826.430117254384
1.3582	1144.5343175861908	1828.6178360704262
1.3592	1146.3237483268474	1830.806874461616
1.3602	1148.1103561490027	1832.9972293854928
1.3612	1149.8941338885672	1835.1888977987892
1.3622	1151.6750743970629	1837.3818766574482
1.3632	1153.4531705416352	1839.5761629166318
1.3642	1155.2284152050743	1841.77175353074
1.3652	1157.0008012858252	1843.9686454534171
1.3662	1158.7703216980096	1846.1668356375721
1.3672	1160.5369693714363	1848.3663210353845
1.3682	1162.3007372516217	1850.5670985983245
1.3692	1164.0616182998008	1852.7691652771591
1.3702	1165.8196054929467	1854.9725180219718
1.3712	1167.5746918237828	1857.1771537821696
1.3722	1169.3268703007993	1859.3830695065008
1.3732	1171.0761339482674	1861.5902621430641
1.3742	1172.8224758062556	1863.798728639325
1.3752	1174.5658889306414	1866.0084659421245
1.3762	1176.3063663931307	1868.2194709976975
1.3772	1178.0439012812662	1870.4317407516796
1.3782	1179.7784866984473	1872.645272149125
1.3792	1181.5101157639397	1874.8600621345151
1.3802	1183.238781612893	1877.0761076517754
1.3812	1184.964477396352	1879.2934056442837
1.3822	1186.6871962812722	1881.5119530548873
1.3832	1188.4069314505316	1883.7317468259116
1.3842	1190.1236761029465	1885.9527838991767
1.3852	1191.8374234532823	1888.1750612160056
1.3862	1193.5481667322695	1890.3985757172416
1.3872	1195.2558991866133	1892.623324343256
1.3882	1196.9606140790104	1894.8493040339654
1.3892	1198.6623046881584	1897.0765117288393
1.3902	1200.3609643087714	1899.3049443669179
1.3912	1202.056586251589	1901.534598886819
1.3922	1203.7491638433935	1903.7654722267557
1.3932	1205.438690427017	1905.997561324544
1.3942	1207.1251593613583	1908.2308631176197
1.3952	1208.8085640213906	1910.4653745430464
1.3962	1210.4888977981773	1912.7010925375318
1.3972	1212.1661540988803	1914.9380140374365
1.3982	1213.840326346775	1917.1761359787897
1.3992	1215.5114079812588	1919.4154552972973
1.4002000000000001	1217.1793924578644	1921.655968928359
1.4012	1218.8442732482702	1923.8976738070758
1.4022000000000001	1220.5060438403116	1926.1405668682655
1.4032	1222.1646977379914	1928.3846450464728
1.4042000000000001	1223.8202284614933	1930.6299052759834
1.4052	1225.4726295471885	1932.8763444908336
1.4062000000000001	1227.1218945476492	1935.1239596248245
1.4072	1228.7680170316585	1937.3727476115325
1.4082	1230.4109905842201	1939.6227053843224
1.4092	1232.05080880657	1941.8738298763597
1.4102	1233.6874653161847	1944.1261180206197
1.4112	1235.3209537467924	1946.3795667499037
1.4122	1236.951267748382	1948.6341729968472
1.4132	1238.5784009872143	1950.8899336939344
1.4142	1240.20234714583	1953.1468457735075
1.4152	1241.82309992306	1955.4049061677815
1.4162	1243.440653034035	1957.6641118088528
1.4172	1245.055000210194	1959.9244596287142
1.4182	1246.6661351992932	1962.1859465592631
1.4192	1248.2740517654167	1964.4485695323172
1.4202	1249.878743688983	1966.7123254796218
1.4212	1251.4802047667558	1968.9772113328656
1.4222	1253.0784288118512	1971.2432240236892
1.4232	1254.6734096537473	1973.510360483699
1.4242	1256.265141138291	1975.778617644476
1.4252	1257.8536171277087	1978.0479924375916
1.4262	1259.4388315006113	1980.3184817946137
1.4272	1261.0207781520055	1982.5900826471234
1.4282	1262.5994509932987	1984.8627919267224
1.4292	1264.1748439523094	1987.1366065650475
1.4302	1265.746950973272	1989.4115234937792
1.4312	1267.3157660168479	1991.6875396446567
1.4322	1268.8812830601287	1993.9646519494845
1.4332	1270.4434960966478	1996.2428573401487
1.4342	1272.002399136384	1998.522152748624
1.4352	1273.5579862057707	2000.8025351069884
1.4362	1275.1102513477017	2003.084001347432
1.4372	1276.659188621539	2005.36654840227
1.4382	1278.2047921031185	2007.6501732039517
1.4392	1279.7470558847574	2009.934872685075
1.4402	1281.28597407526	2012.2206437783939
1.4412	1282.8215407999242	2014.5074834168327
1.4422	1284.3537502005481	2016.7953885334944
1.4432	1285.8825964354367	2019.0843560616745
1.4442	1287.4080736794047	2021.3743829348691
1.4452	1288.9301761237875	2023.6654660867891
1.4462	1290.448897976442	2025.9576024513676
1.4472	1291.964233461756	2028.250788962775
1.4482	1293.4761768206513	2030.5450225554255
1.4492	1294.9847223105908	2032.8403001639924
1.4502	1296.4898642055816	2035.1366187234148
1.4512	1297.9915967961829	2037.433975168912
1.4522	1299.4899143895093	2039.7323664359915
1.4532	1300.9848113092364	2042.031789460463
1.4542	1302.4762818956046	2044.3322411784445
1.4552	1303.9643205054263	2046.6337185263787
1.4562	1305.4489215120875	2048.936218441039
1.4572	1306.9300793055545	2051.2397378595424
1.4582	1308.4077882923768	2053.5442737193603
1.4592	1309.8820428956938	2055.849822958329
1.4602	1311.3528375552346	2058.1563825146577
1.4612	1312.820166727328	2060.4639493269447
1.4622	1314.2840248848997	2062.7725203341815
1.4632	1315.7444065174832	2065.0820924757695
1.4642	1317.201306131217	2067.392662691525
1.4652	1318.6547182488537	2069.704227921694
1.4662	1320.1046374097584	2072.016785106958
1.4672	1321.5510581699175	2074.3303311884515
1.4682	1322.993975101937	2076.6448631077646
1.4692	1324.4333827950493	2078.960377806959
1.4702	1325.8692758551135	2081.2768722285746
1.4712	1327.3016489046217	2083.594343315644
1.4722	1328.7304965826982	2085.9127880116976
1.4732	1330.155813545105	2088.2322032607794
1.4742	1331.577594464242	2090.5525860074513
1.4752	1332.9958340291537	2092.87393319681
1.4762	1334.4105269455254	2095.1962417744908
1.4772	1335.8216679356922	2097.5195086866834
1.4782	1337.2292517386352	2099.843730880136
1.4792	1338.633273109989	2102.168905302172
1.4802	1340.033726822039	2104.4950289006943
1.4812	1341.4306076637267	2106.8220986242004
1.4822	1342.8239104406496	2109.150111421788
1.4832	1344.2136299750644	2111.479064243168
1.4842	1345.5997611058865	2113.808954038673
1.4852	1346.9822986886938	2116.1397777592683
1.4862	1348.3612375957262	2118.47153235656
1.4872	1349.7365727158879	2120.8042147828087
1.4882	1351.108298954748	2123.1378219909334
1.4892	1352.476411234543	2125.4723509345285
1.4902	1353.8409044941757	2127.807798567868
1.4912	1355.201773689217	2130.144161845917
1.4922	1356.5590137919062	2132.481437724343
1.4932	1357.912619791154	2134.8196231595243
1.4942	1359.2625866925387	2137.158715108558
1.4952	1360.6089095183115	2139.4987105292757
1.4962	1361.9515833073926	2141.8396063802443
1.4972	1363.290603115374	2144.1813996207834
1.4982	1364.6259640145197	2146.524087210971
1.4992	1365.9576610937645	2148.8676661116556
1.5002	1367.2856894587142	2151.2121332844617
1.5012	1368.6100442316456	2153.557485691804
1.5022	1369.9307205515072	2155.9037202968934
1.5032	1371.247713573918	2158.25083406375
1.5042	1372.5610184711657	2160.5988239572075
1.5052	1373.87063043221	2162.9476869429295
1.5062	1375.176544662677	2165.297419987411
1.5072	1376.4787563848631	2167.648020057996
1.5082	1377.7772608377302	2169.999484122879
1.5092	1379.072053276908	2172.351809151121
1.5102	1380.363128974691	2174.7049921126545
1.5112	1381.6504832200383	2177.0590299782957
1.5122	1382.934111318571	2179.41391971975
1.5132	1384.2140085925735	2181.7696583096263
1.5142	1385.4901703809887	2184.126242721441
1.5152	1386.7625920394203	2186.4836699296325
1.5162	1388.0312689401271	2188.841936909564
1.5172	1389.2961964720248	2191.2010406375402
1.5182	1390.5573700406821	2193.56097809081
1.5192	1391.8147850683195	2195.9217462475785
1.5202	1393.0684369938076	2198.283342087016
1.5212	1394.3183212726642	2200.6457625892667
1.5222	1395.5644333770529	2203.0090047354574
1.5232	1396.8067687957807	2205.3730655077075
1.5242	1398.0453230342953	2207.737941889136
1.5252000000000001	1399.2800916146828	2210.1036308638736
1.5262	1400.5110700756645	2212.4701294170677
1.5272000000000001	1401.7382539725966	2214.8374345348957
1.5282	1402.9616388774639	2217.205543204569
1.5292000000000001	1404.1812203788804	2219.5744524143465
1.5302	1405.3969940820837	2221.9441591535397
1.5312000000000001	1406.6089556089341	2224.314660412524
1.5322	1407.8171005979095	2226.6859531827463
1.5332000000000001	1409.0214247041044	2229.058034456735
1.5342	1410.2219235992243	2231.430901228106
1.5352000000000001	1411.4185929715845	2233.804550491575
1.5362	1412.6114285261053	2236.178979242962
1.5372	1413.800425984308	2238.554184479204
1.5382	1414.985581084314	2240.9301631983635
1.5392	1416.1668895808364	2243.3069123996306
1.5402	1417.3443472451818	2245.6844290833415
1.5412	1418.517949865241	2248.0627102509784
1.5422	1419.687693245489	2250.441752905185
1.5432	1420.853573206979	2252.8215540497677
1.5442	1422.015585587339	2255.202110689712
1.5452	1423.173726240766	2257.583419831183
1.5462	1424.3279910380243	2259.9654784815416
1.5472	1425.4783758664385	2262.3482836493463
1.5482	1426.624876629891	2264.7318323443665
1.5492	1427.767489248816	2267.116121577586
1.5502	1428.9062096601956	2269.5011483612175
1.5512	1430.0410338175534	2271.8869097087036
1.5522	1431.1719576909536	2274.273402634733
1.5532	1432.2989772669907	2276.660624155241
1.5542	1433.4220885487887	2279.048571287424
1.5552	1434.5412875559944	2281.4372410497435
1.5562	1435.6565703247718	2283.8266304619374
1.5572	1436.767932907797	2286.2167365450246
1.5582	1437.8753713742544	2288.6075563213176
1.5592	1438.9788818098286	2290.999086814426
1.5602	1440.078460316701	2293.391325049269
1.5612	1441.1741030135427	2295.784268052079
1.5622	1442.2658060355106	2298.177912850413
1.5632	1443.3535655342391	2300.572256473159
1.5642	1444.4373776778373	2302.9672959505465
1.5652	1445.5172386508796	2305.363028314149
1.5662	1446.5931446544027	2307.7594505968973
1.5672	1447.6650919058982	2310.156559833086
1.5682	1448.733076639306	2312.55435305838
1.5692	1449.7970951050088	2314.9528273098226
1.5702	1450.8571435698252	2317.351979625846
1.5712	1451.9132183170038	2319.751807046275
1.5722	1452.965315646216	2322.1523066123386
1.5732	1454.0134318735502	2324.553475366675
1.5742	1455.0575633315043	2326.9553103533403
1.5752	1456.0977063689797	2329.3578086178168
1.5762	1457.1338573512742	2331.7609672070203
1.5772	1458.1660126600743	2334.164783169307
1.5782	1459.1941686934504	2336.5692535544836
1.5792	1460.218321865846	2338.97437541381
1.5802	1461.2384686080754	2341.380145800014
1.5812	1462.2546053673118	2343.7865617672915
1.5822	1463.2667286070835	2346.1936203713203
1.5832	1464.2748348072635	2348.601318669262
1.5842	1465.2789204640658	2351.009653719776
1.5852	1466.2789820900339	2353.418622583019
1.5862	1467.2750162140362	2355.828222320661
1.5872	1468.267019381256	2358.2384499958853
1.5882	1469.2549881531863	2360.6493026734015
1.5892	1470.238919107619	2363.060777419448
1.5902	1471.2188088386397	2365.472871301805
1.5912	1472.1946539566175	2367.8855813897953
1.5922	1473.1664510881992	2370.2989047542983
1.5932	1474.134196876299	2372.7128384677526
1.5942	1475.0978879800919	2375.1273796041646
1.5952	1476.0575210750035	2377.5425252391155
1.5962	1477.0130928527046	2379.9582724497704
1.5972	1477.9646000210996	2382.3746183148824
1.5982	1478.9120393043206	2384.7915599148027
1.5992	1479.8554074427166	2387.209094331485
1.6002	1480.7947011928466	2389.627218648496
1.6012	1481.72991732747	2392.045929951019
1.6022	1482.6610526355385	2394.4652253258632
1.6032	1483.5881039221852	2396.885101861469
1.6042	1484.5110680087193	2399.3055566479193
1.6052	1485.429941732613	2401.7265867769393
1.6062	1486.3447219474967	2404.1481893419113
1.6072	1487.2554055231449	2406.5703614378745
1.6082	1488.1619893454713	2408.993100161538
1.6092	1489.0644703165178	2411.416402611285
1.6102	1489.9628453544444	2413.8402658871782
1.6112	1490.8571113935213	2416.2646870909693
1.6122	1491.747265384118	2418.689663326105
1.6132	1492.633304292695	2421.1151916977333
1.6142	1493.515225101793	2423.5412693127114
1.6152	1494.3930248100237	2425.9678932796105
1.6162	1495.2667004320604	2428.395060708725
1.6172	1496.1362489986277	2430.8227687120775
1.6182	1497.0016675564916	2433.2510144034272
1.6192	1497.8629531684496	2435.679794898274
1.6202	1498.7201029133203	2438.1091073138673
1.6212	1499.5731138859342	2440.5389487692123
1.6222	1500.4219831971225	2442.969316385076
1.6232	1501.2667079737075	2445.4002072839944
1.6242	1502.107285358492	2447.831618590279
1.6252	1502.9437125102486	2450.2635474300228
1.6262	1503.7759866037106	2452.695990931107
1.6272	1504.6041048295597	2455.128946223209
1.6282	1505.4280643944164	2457.5624104378066
1.6292	1506.247862520829	2459.996380708185
1.6302	1507.0634964472633	2462.430854169446
1.6312	1507.8749634280914	2464.865827958509
1.6322	1508.6822607335819	2467.301299214124
1.6332	1509.4853856498864	2469.737265076871
1.6342	1510.2843354790318	2472.173722689174
1.6352	1511.0791075389072	2474.6106691952996
1.6362	1511.8696991632535	2477.04810174137
1.6372	1512.656107701651	2479.4860174753626
1.6382	1513.4383305195115	2481.9244135471245
1.6392	1514.2163649980623	2484.3632871083705
1.6402	1514.9902085343388	2486.8026353126947
1.6412	1515.7598585411713	2489.2424553155747
1.6422	1516.5253124471733	2491.682744274378
1.6432	1517.2865676967308	2494.123499348368
1.6442	1518.0436217499914	2496.5647176987122
1.6452	1518.7964720828497	2499.006396488483
1.6462	1519.545116186939	2501.448532882671
1.6472	1520.289551569617	2503.891124048185
1.6482	1521.029775753956	2506.3341671538615
1.6492	1521.765786278729	2508.7776593704684
1.6502000000000001	1522.4975806983994	2511.221597870715
1.6512	1523.2251565831077	2513.6659798292517
1.6522000000000001	1523.9485115186608	2516.110802422683
1.6532	1524.6676431065182	2518.556062829566
1.6542000000000001	1525.3825489637811	2521.001758230424
1.6552	1526.0932267231797	2523.447885807746
1.6562000000000001	1526.799674033061	2525.894442745998
1.6572	1527.5018885573757	2528.3414262316223
1.6582000000000001	1528.1998679756668	2530.788833453051
1.6592	1528.893609983057	2533.2366616007057
1.6602000000000001	1529.5831122902352	2535.6849078670057
1.6612	1530.268372623445	2538.133569446373
1.6622000000000001	1530.949388724471	2540.582643535241
1.6632	1531.626158350627	2543.0321273320556
1.6642000000000001	1532.298679274743	2545.4820180372844
1.6652	1532.9669492851513	2547.9323128534193
1.6662	1533.6309661856758	2550.3830089849866
1.6672	1534.290727795617	2552.8341036385486
1.6682	1534.9462319497395	2555.28559402271
1.6692	1535.59747649826	2557.7374773481265
1.6702	1536.2444593068326	2560.189750827505
1.6712	1536.887178256537	2562.6424116756143
1.6722	1537.5256312438642	2565.0954571092875
1.6732	1538.159816180704	2567.5488843474295
1.6742	1538.7897309943312	2570.00269061102
1.6752	1539.4153736273922	2572.456873123122
1.6762	1540.0367420378923	2574.911429108885
1.6772	1540.653834199181	2577.366355795551
1.6782	1541.266648099939	2579.8216504124603
1.6792	1541.8751817441657	2582.2773101910575
1.6802	1542.4794331511634	2584.733332364894
1.6812	1543.0794003555252	2587.189714169637
1.6822	1543.6750814071204	2589.6464528430724
1.6832	1544.2664743710816	2592.103545625112
1.6842	1544.8535773277895	2594.5609897577956
1.6852	1545.4363883728604	2597.0187824853
1.6862	1546.0149056171313	2599.4769210539425
1.6872	1546.5891271866462	2601.9354027121854
1.6882	1547.1590512226414	2604.3942247106424
1.6892	1547.7246758815331	2606.8533843020837
1.6902	1548.285999334901	2609.3128787414394
1.6912	1548.8430197694754	2611.7727052858077
1.6922	1549.395735387123	2614.2328611944567
1.6932	1549.944144404832	2616.693343728834
1.6942	1550.4882450546982	2619.1541501525653
1.6952	1551.0280355839095	2621.6152777314655
1.6962	1551.5635142547333	2624.0767237335403
1.6972	1552.0946793445003	2626.538485428993
1.6982	1552.6215291455908	2629.000560090228
1.6992	1553.1440619654197	2631.4629449918575
1.7002	1553.6622761264218	2633.925637410703
1.7012	1554.1761699660378	2636.3886346258064
1.7022	1554.6857418366983	2638.8519339184277
1.7032	1555.1909901058102	2641.315532572056
1.7042	1555.691913155741	2643.7794278724095
1.7052	1556.1885093838043	2646.2436171074446
1.7062	1556.6807772022444	2648.7080975673566
1.7072	1557.1687150382222	2651.172866544589
1.7082	1557.6523213337987	2653.6379213338337
1.7092	1558.131594545922	2656.1032592320407
1.7102	1558.60653314641	2658.568877538417
1.7112	1559.077135621936	2661.034773554437
1.7122	1559.543400474014	2663.5009445838427
1.7132	1560.0053262189836	2665.967387932653
1.7142	1560.4629113879928	2668.434100909162
1.7152	1560.9161545269849	2670.9010808239514
1.7162	1561.3650541966815	2673.368324989888
1.7172	1561.8096089725682	2675.835830722134
1.7182	1562.2498174448779	2678.303595338146
1.7192	1562.6856782185762	2680.7716161576864
1.7202	1563.1171899133458	2683.239890502821
1.7212	1563.54435116357	2685.7084156979276
1.7222	1563.9671606183176	2688.1771890697005
1.7232	1564.3856169413277	2690.646207947154
1.7242	1564.7997188109925	2693.1154696616245
1.7252	1565.209464920343	2695.584971546781
1.7262	1565.6148539770322	2698.054710938624
1.7272	1566.0158847033197	2700.5246851754923
1.7282	1566.4125558360552	2702.994891598066
1.7292	1566.804866126663	2705.4653275493733
1.7302	1567.1928143411262	2707.935990374793
1.7312	1567.57639925997	2710.4068774220596
1.7322	1567.9556196782457	2712.8779860412656
1.7332	1568.3304744055151	2715.34931358487
1.7342	1568.7009622658334	2717.820857407697
1.7352	1569.067082097734	2720.2926148669467
1.7362	1569.4288327542113	2722.7645833221927
1.7372	1569.7862131027052	2725.2367601353926
1.7382	1570.139222025084	2727.709142670886
1.7392	1570.4878584176288	2730.1817282954053
1.7402	1570.8329074081198	2732.654514378073
1.7412	1571.1781401557046	2735.1274987420024
1.7422	1571.5260653982002	2737.600681378684
1.7432	1571.8766837658243	2740.074063719771
1.7442	1572.2299958932388	2742.547647195632
1.7452	1572.5860024195456	2745.021433235362
1.7462	1572.944703988282	2747.495423266782
1.7472	1573.3061012474157	2749.9696187164477
1.7482	1573.6701948493392	2752.4440210096523
1.7492	1574.036985450867	2754.918631570432
1.7502	1574.4064737132287	2757.393451821569
1.7512	1574.7786603020659	2759.8684831845994
1.7522	1575.1535458874266	2762.343727079814
1.7532	1575.5311311437613	2764.8191849262666
1.7542	1575.9114167499172	2767.294858141775
1.7552	1576.2944033891351	2769.77074814293
1.7562	1576.6800917490436	2772.2468563450943
1.7572	1577.0684825216554	2774.7231841624134
1.7582	1577.4595764033618	2777.1997330078148
1.7592	1577.853374094929	2779.676504293016
1.7602	1578.249876301494	2782.1534994285275
1.7612	1578.6490837325584	2784.630719823658
1.7622	1579.0509971019858	2787.1081668865186
1.7632	1579.4556171279967	2789.5858420240274
1.7642	1579.8629445331633	2792.063746641913
1.7652	1580.2729800444067	2794.5418821447215
1.7662	1580.6857243929908	2797.020249935818
1.7672	1581.1011783145195	2799.4988514173942
1.7682	1581.5193425489317	2801.9776879904693
1.7692	1581.9402178404966	2804.4567610548975
1.7702	1582.3638049378105	2806.936072009371
1.7712	1582.7901045937917	2809.415622251425
1.7722	1583.2191175656756	2811.8954131774394
1.7732	1583.6508446150128	2814.3754461826493
1.7742	1584.0852865076627	2816.8557226611424
1.7752000000000001	1584.5224440137904	2819.3362440058686
1.7762	1584.9623179078621	2821.8170116086403
1.7772000000000001	1585.4049089686416	2824.298026860141
1.7782	1585.8502179791853	2826.7792911499255
1.7792000000000001	1586.298245726839	2829.2608058664277
1.7802	1586.7489930032327	2831.7425723969614
1.7812000000000001	1587.2024606042785	2834.224592127728
1.7822	1587.6586493301645	2836.706866443819
1.7832000000000001	1588.117559985352	2839.189396729221
1.7842	1588.5791933785713	2841.6721843668165
1.7852000000000001	1589.0435503228173	2844.155230738396
1.7862	1589.5106316353467	2846.638537224653
1.7872000000000001	1589.9804381376728	2849.122105205196
1.7882	1590.4529706555618	2851.6059360585455
1.7892000000000001	1590.9282300190303	2854.0900311621463
1.7902	1591.4062170623395	2856.5743918923636
1.7912000000000001	1591.8869326239928	2859.059019624494
1.7922	1592.3703775467313	2861.5439157327633
1.7932	1592.8565526775303	2864.0290815903372
1.7942	1593.3454588675954	2866.514518569321
1.7952	1593.837096972359	2869.000228040764
1.7962	1594.3314678514757	2871.486211374666
1.7972	1594.82857236882	2873.972469939978
1.7982	1595.3284113924815	2876.4590051046116
1.7992	1595.8309857947615	2878.9458182354356
1.8002	1596.3362964521702	2881.4329106982877
1.8012	1596.844344245421	2883.920283857972
1.8022	1597.3551300594293	2886.4079390782695
1.8032	1597.8686547833072	2888.895877721936
1.8042	1598.384919310361	2891.3841011507106
1.8052	1598.9039245380868	2893.8726107253165
1.8062	1599.4256713681677	2896.361407805468
1.8072	1599.9501607064697	2898.8504937498715
1.8082	1600.4773934630384	2901.339869916233
1.8092	1601.007370552096	2903.8295376612573
1.8102	1601.5400928920371	2906.319498340658
1.8112	1602.0755614054253	2908.809753309155
1.8122	1602.6137770189907	2911.300303920484
1.8132	1603.1547406636257	2913.791151527397
1.8142	1603.6984532743813	2916.2822974816672
1.8152	1604.2449157904648	2918.7737431340934
1.8162	1604.7941291552356	2921.265489834504
1.8172	1605.3460943162027	2923.7575389317585
1.8182	1605.9008122250198	2926.2498917737553
1.8192	1606.4582838374843	2928.7425497074323
1.8202	1607.0185101135316	2931.2355140787736
1.8212	1607.5814920172343	2933.7287862328085
1.8222	1608.1472305167972	2936.222367513623
1.8232	1608.7157265845537	2938.7162592643544
1.8242	1609.2869811969654	2941.2104628272045
1.8252	1609.8609953346152	2943.704979543435
1.8262	1610.4377699822073	2946.199810753378
1.8272	1611.0173061285623	2948.6949577964356
1.8282	1611.5996047666144	2951.190422011085
1.8292	1612.1846668934083	2953.686204734882
1.8302	1612.7724935100969	2956.1823073044657
1.8312	1613.3630856219368	2958.678731055561
1.8322	1613.9564442382868	2961.175477322984
1.8332	1614.5525703726037	2963.672547440643
1.8342	1615.1514650424394	2966.1699427415456
1.8352	1615.7531292694387	2968.6676645577986
1.8362	1616.3575640793356	2971.165714220616
1.8372	1616.9647705019504	2973.6640930603185
1.8382	1617.5747495711873	2976.1628024063407
1.8392	1618.1875023250307	2978.661843587232
1.8402	1618.8030298055428	2981.161217930662
1.8412	1619.4213330588605	2983.660926763424
1.8422	1620.0424131351929	2986.160971411438
1.8432	1620.6662710888177	2988.661353199753
1.8442	1621.2929079780793	2991.162073452556
1.8452	1621.9223248653852	2993.663133493167
1.8462	1622.5545228172036	2996.1645346440523
1.8472	1623.1895029040602	2998.6662782268186
1.8482	1623.8272662005363	3001.168365562225
1.8492	1624.4678137852648	3003.67079797018
1.8502	1625.1111467409287	3006.17357676975
1.8512	1625.7572661542574	3008.676703279159
1.8522	1626.4061731160248	3011.1801788157954
1.8532	1627.0578687210457	3013.6840046962125
1.8542	1627.7123540681746	3016.1881822361347
1.8552	1628.3696302603007	3018.692712750459
1.8562	1629.0296984043478	3021.1975975532605
1.8572	1629.6925596112699	3023.702837957793
1.8582	1630.3582149960503	3026.2084352764964
1.8592	1631.0266656776962	3028.7143908209955
1.8602	1631.6979127792395	3031.220705902109
1.8612	1632.3719574277316	3033.727381829847
1.8622	1633.0488007542424	3036.23441991342
1.8632	1633.7284438938573	3038.7418214612376
1.8642	1634.410887985674	3041.249587780916
1.8652	1635.0961341728018	3043.7577201792783
1.8662	1635.784183602357	3046.2662199623605
1.8672	1636.4750374254613	3048.7750884354114
1.8682	1637.168696797241	3051.284326902901
1.8692	1637.8651628768212	3053.7939366685177
1.8702	1638.5644368273265	3056.3039190351788
1.8712	1639.2665198158772	3058.814275305028
1.8722	1639.9714130135865	3061.3250067794415
1.8732	1640.6791175955589	3063.8361147590304
1.8742	1641.3896347408884	3066.347600543645
1.8752	1642.1029656326546	3068.859465432377
1.8762	1642.819111457922	3071.3717107235652
1.8772	1643.5380734077357	3073.8843377147937
1.8782	1644.259852677122	3076.3973477029026
1.8792	1644.984450465083	3078.9107419839843
1.8802	1645.711867974597	3081.4245218533915
1.8812	1646.4421064126138	3083.9386886057373
1.8822	1647.1751669900555	3086.4532435349024
1.8832	1647.9110509218108	3088.9681879340337
1.8842	1648.6497594267357	3091.483523095551
1.8852	1649.39129372765	3093.9992503111484
1.8862	1650.1356550513349	3096.5153708717994
1.8872	1650.8828446285315	3099.031886067758
1.8882	1651.632863693939	3101.5487971885636
1.8892	1652.385713486211	3104.0661055230426
1.8902	1653.1413952479554	3106.583812359315
1.8912	1653.899910225731	3109.1019189847916
1.8922	1654.6612596700454	3111.620426686185
1.8932	1655.425444835354	3114.1393367495048
1.8942	1656.192466980057	3116.6586504600677
1.8952	1656.962327366497	3119.1783691024957
1.8962	1657.7350272609592	3121.6984939607223
1.8972	1658.5105679336662	3124.219026317993
1.8982	1659.288950658779	3126.7399674568737
1.8992	1660.0701767143923	3129.261318659245
1.9002000000000001	1660.8542473825355	3131.7830812063153
1.9012	1661.641163949168	3134.3052563786155
1.9022000000000001	1662.4309277041793	3136.8278454560086
1.9032	1663.2235399413855	3139.3508497176886
1.9042000000000001	1664.019001958529	3141.8742704421857
1.9052	1664.8173150572748	3144.398108907367
1.9062000000000001	1665.618480543211	3146.9223663904445
1.9072	1666.422499725844	3149.4470441679723
1.9082000000000001	1667.2293739186	3151.972143515854
1.9092	1668.0391044388195	3154.497665709343
1.9102000000000001	1668.851692607759	3157.023612023049
1.9112	1669.667139750587	3159.5499837309353
1.9122000000000001	1670.4854471963824	3162.076782106329
1.9132	1671.306616278134	3164.6040084219185
1.9142000000000001	1672.1306483327378	3167.131663949759
1.9152	1672.9575447009943	3169.659749961274
1.9162000000000001	1673.7873067276093	3172.188267727262
1.9172	1674.61993576119	3174.717218517894
1.9182000000000001	1675.4554331542442	3177.246603602721
1.9192	1676.2938002631781	3179.7764242506746
1.9202	1677.1350384482957	3182.3066817300714
1.9212	1677.9786036411438	3184.837377308616
1.9222	1678.8223151948107	3187.3685119696174
1.9232	1679.6661730585356	3189.9000855607924
1.9242	1680.5101771816005	3192.4320979299864
1.9252	1681.3543275133318	3194.96454892518
1.9262	1682.1986240030994	3197.497438394483
1.9272	1683.0430666003178	3200.0307661861384
1.9282	1683.8876552544446	3202.564532148518
1.9292	1684.7323899149812	3205.098736130128
1.9302	1685.5772705314728	3207.6333779796023
1.9312	1686.4222970535077	3210.1684575457075
1.9322	1687.2674694307184	3212.70397467734
1.9332	1688.1127876127805	3215.2399292235264
1.9342	1688.958251549413	3217.7763210334238
1.9352	1689.8038611903783	3220.3131499563196
1.9362	1690.6496164854816	3222.8504158416295
1.9372	1691.4955173845722	3225.3881185389014
1.9382	1692.3415638375413	3227.926257897809
1.9392	1693.187755794325	3230.46483376816
1.9402	1694.0340932049005	3233.0038459998864
1.9412	1694.8805760192893	3235.5432944430527
1.9422	1695.727204187555	3238.08317894785
1.9432	1696.5739776598043	3240.6234993645985
1.9442	1697.4208963861872	3243.164255543747
1.9452	1698.267960316896	3245.705447335873
1.9462	1699.1151694021653	3248.247074591681
1.9472	1699.962523592273	3250.789137162005
1.9482	1700.8100228375392	3253.3316348978037
1.9492	1701.657667088327	3255.8745676501662
1.9502	1702.5054562950406	3258.417935270307
1.9512	1703.353390408128	3260.96173760957
1.9522	1704.2014693780793	3263.505974519423
1.9532	1705.049693155426	3266.0506458514637
1.9542	1705.898061690743	3268.5957514574143
1.9552	1706.7465749346463	3271.1412911891243
1.9562	1707.5952328377946	3273.6872648985686
1.9572	1708.4440353508885	3276.2336724378506
1.9582	1709.2929824246705	3278.780513659197
1.9592	1710.1420740099254	3281.3277884149616
1.9602	1710.9913100574793	3283.8754965576227
1.9612	1711.8406905182003	3286.4236379397857
1.9622	1712.6902153429985	3288.97221241418
1.9632	1713.5398844828255	3291.5212198336612
1.9642	1714.3896978886744	3294.070660051208
1.9652	1715.2396555115804	3296.6205329199256
1.9662	1716.0897573026193	3299.1708382930424
1.9672	1716.9400032129097	3301.7215760239133
1.9682	1717.7903931936103	3304.2727459660146
1.9692	1718.640927195922	3306.8243479729495
1.9702	1719.4916051710863	3309.376381898442
1.9712	1720.3424270703867	3311.9288475963435
1.9722	1721.1933928451476	3314.481744920626
1.9732	1722.0445024467344	3317.035073725386
1.9742	1722.8957558265536	3319.5888338648433
1.9752	1723.747152936053	3322.1430251933416
1.9762	1724.598693726721	3324.697647565345
1.9772	1725.450378150087	3327.252700835443
1.9782	1726.3022061577215	3329.808184858346
1.9792	1727.1541777012355	3332.3640994888883
1.9802	1728.0062927322808	3334.920444582024
1.9812	1728.8585512025506	3337.477219992833
1.9822	1729.7109530637772	3340.0344255765126
1.9832	1730.563498267735	3342.592061188386
1.9842	1731.4161867662378	3345.150126683895
1.9852	1732.2690185111412	3347.708621918605
1.9862	1733.1219934543396	3350.2675467482004
1.9872	1733.9751115477693	3352.8269010284894
1.9882	1734.828372743406	3355.3866846153987
1.9892	1735.6817769932654	3357.9468973649773
1.9902	1736.535324249404	3360.5075391333935
1.9912	1737.3890144639188	3363.0686097769376
1.9922	1738.242847588946	3365.630109152019
1.9932	1739.0968235766625	3368.1920371151687
1.9942	1739.9509423792847	3370.7543935230347
1.9952	1740.8052039490694	3373.317178232389
1.9962	1741.6596082383126	3375.8803911001182
1.9972	1742.5141551993513	3378.4440319832343
1.9982	1743.3688447845607	3381.0081007388626
1.9992	1744.2236769463573	3383.5725972242526
2.0002	1745.0786516371963	3386.137521296769
2.0012	1745.9337688095723	3388.7028728138976
2.0022	1746.789028416021	3391.2686516332437
2.0032	1747.6444304091156	3393.8348576125277
2.0042	1748.49997474147	3396.401490609591
2.0052	1749.3556613657372	3398.9685504823924
2.0062	1750.21149023461	3401.5360370890107
2.0072	1751.0674613008193	3404.103950287639
2.0082	1751.923574517136	3406.67228993659
2.0092	1752.7798298363712	3409.2410558942943
2.0102	1753.6362272113734	3411.8102480193015
2.0112	1754.4927665950308	3414.379866170274
2.0122	1755.349447940271	3416.9499102059945
2.0132	1756.2062712000604	3419.520379985363
2.0142	1757.0632363274046	3422.091275367396
2.0152	1757.9203432753475	3424.662596211225
2.0162	1758.777591996972	3427.234342376098
2.0172	1759.6349824454003	3429.8065137213825
2.0182	1760.4925145737927	3432.3791101065603
2.0192	1761.3501883353483	3434.952131391227
2.0202	1762.208003683305	3437.525577435097
2.0212	1763.0659605709393	3440.0994480980003
2.0222	1763.9240589515668	3442.6737432398827
2.0232	1764.7822987785398	3445.248462720802
2.0242	1765.6406800052512	3447.823606400935
2.0252	1766.4992025851302	3450.399174140573
2.0262000000000002	1767.3578664716465	3452.975165800122
2.0272	1768.216671618306	3455.5515812401004
2.0282	1769.0756179786542	3458.128420321145
2.0292	1769.9347055062742	3460.7056829040052
2.0302000000000002	1770.793934154788	3463.2833688495466
2.0312	1771.6533038778541	3465.861478018745
2.0322	1772.5128146291704	3468.4400102726936
2.0332	1773.3724663624723	3471.0189654725996
2.0342000000000002	1774.2322590315334	3473.598343479783
2.0352	1775.0921925901646	3476.178144155677
2.0362	1775.9522669922146	3478.7583673618274
2.0372	1776.8124821915712	3481.339012959897
2.0382000000000002	1777.6728381421588	3483.92008081166
2.0392	1778.5333347979388	3486.501570779
2.0402	1779.3939721129118	3489.0834827239187
2.0412	1780.2547500411151	3491.665816508528
2.0422000000000002	1781.1156685366238	3494.2485719950546
2.0432	1781.9767275535498	3496.8317490458326
2.0442	1782.8379270460434	3499.415347523314
2.0452	1783.6992669682918	3501.999367290059
2.0462000000000002	1784.56074727452	3504.583808208744
2.0472	1785.4223679189893	3507.1686701421513
2.0482	1786.284128855999	3509.75395295318
2.0492	1787.146030039885	3512.3396565048392